0 0.07862969  0.0001207943614858
1 0.07886241 -0.0144726709554774
10 0.07956306 -0.0307375102054878
100 0.08531106  0.0000942830499244
1000 0.10984453  0.0010688839486524
1001 0.10984453 -0.0010766630222942
1002 0.10986018 -0.0000000004105801
1003 0.10989553 -0.0000020252053669
1004 0.10989562  0.1402321292898813
1005 0.10989562 -0.1401365996455965
1006 0.10990157  0.0000002688053247
1007 0.10990184  0.0064517791651193
1008 0.10990184 -0.0065015184247049
1009 0.10991983  0.0000176278508734
101 0.08531816 -0.0718167351510112
1010 0.10994041  0.0000018031631666
1011 0.10996084  0.0000143534816914
1012 0.10997208  0.0050895582269670
1013 0.10997208 -0.0050883550396417
1014 0.10998216 -0.0000000168456942
1015 0.10998380 -0.0000009954779508
1016 0.10999459 -0.0000320642612637
1017 0.11000799 -0.0038661170441502
1018 0.11000800  0.0038663732734614
1019 0.11002827  0.0000000033298762
102 0.08531819  0.0718161138821874
1020 0.11003057  0.0000000000651172
1021 0.11004260 -0.0000021343920517
1022 0.11005228 -0.0012512114608913
1023 0.11005228  0.0012532755373447
1024 0.11006828 -0.0000000002440101
1025 0.11008357 -0.0489601792571007
1026 0.11008359  0.0489312561205072
1027 0.11009103  0.0000000013257002
1028 0.11010473  0.0000138175820642
1029 0.11011946  0.0000020201778748
103 0.08535277  0.0000228214994456
1030 0.11014450  0.0002410340295552
1031 0.11014451 -0.0002389632488722
1032 0.11015444 -0.0000050448469440
1033 0.11019416  0.0031651958476611
1034 0.11019418 -0.0032918366579711
1035 0.11019782  0.0036011613387746
1036 0.11019784 -0.0034770812104675
1037 0.11024161  0.0000000007811306
1038 0.11025591 -0.0000000005113527
1039 0.11030571 -0.0000132541917521
104 0.08535279 -0.0000235471074556
1040 0.11033790  0.0884966564058171
1041 0.11033792 -0.0884717079666943
1042 0.11040574 -0.0198306725789107
1043 0.11040575  0.0199027926710346
1044 0.11042169 -0.0000026295384982
1045 0.11043447  0.0000001655735271
1046 0.11043762 -0.0030913375812782
1047 0.11043763  0.0031129039521083
1048 0.11045780 -0.0000000928330705
1049 0.11045971 -0.0000009105208510
105 0.08536391  0.0000000023696801
1050 0.11049193  0.0000194178019586
1051 0.11050084  0.0000000005247940
1052 0.11052301  0.0000120534633872
1053 0.11053063  0.0070133297550342
1054 0.11053064 -0.0070185937807898
1055 0.11055376  0.0000000000431863
1056 0.11056886  0.0066297294398522
1057 0.11056886 -0.0066064669758798
1058 0.11058448 -0.0000025865981170
1059 0.11058720  0.0000002067282110
106 0.08544263  0.0000008880710910
1060 0.11059465 -0.0000000046909444
1061 0.11060314  0.0000000001112119
1062 0.11061008 -0.0184073127411219
1063 0.11061009  0.0183519415472027
1064 0.11062858  0.0417478952919349
1065 0.11062860 -0.0416943564064782
1066 0.11062881  0.0000413407962857
1067 0.11067918  0.0005642323936608
1068 0.11067921 -0.0006457166879985
1069 0.11072367  0.0004610596654223
107 0.08548493  0.0000001996704717
1070 0.11072367 -0.0004572478981405
1071 0.11073145  0.0474521939215815
1072 0.11073146 -0.0474543645179843
1073 0.11073834  0.0000078119643432
1074 0.11074683 -0.0000000164336122
1075 0.11076224  0.0000284446219839
1076 0.11079519 -0.0000000039984622
1077 0.11082175  0.0000000009306295
1078 0.11083141 -0.0000436607400052
1079 0.11083142  0.0084098158805600
108 0.08548559 -0.0000000008493747
1080 0.11083142 -0.0083787115808025
1081 0.11083717  0.0000026507493668
1082 0.11084699 -0.0000027250674258
1083 0.11086650  0.0039148115267320
1084 0.11086651 -0.0039299199812192
1085 0.11087584 -0.0029942864162740
1086 0.11087585  0.0029685298626069
1087 0.11089540  0.0000000002426164
1088 0.11089728  0.0000007458205666
1089 0.11090024 -0.0000009999683269
109 0.08550962 -0.0000000013315037
1090 0.11091917 -0.0000000019128536
1091 0.11092435 -0.0027793048978991
1092 0.11092436  0.0027832228261161
1093 0.11093641 -0.0000000095130682
1094 0.11094016  0.0000000005738234
1095 0.11097269  0.0006579037592444
1096 0.11097271 -0.0006389246893009
1097 0.11099950  0.0000000008495571
1098 0.11102466 -0.0290047189184346
1099 0.11102467  0.0289911866327348
11 0.07968754 -0.0000220158724055
110 0.08557193  0.0022495085331379
1100 0.11103162  0.0000000045366812
1101 0.11105218  0.0000009046041297
1102 0.11107588 -0.0000022318239078
1103 0.11109738 -0.0023426096894277
1104 0.11109738  0.0023416181224889
1105 0.11111837 -0.0000000004122193
1106 0.11112037 -0.0046098022407304
1107 0.11112037  0.0045981792865355
1108 0.11113743 -0.0000000001378749
1109 0.11114168  0.0007205541117926
111 0.08557195 -0.0022596133611218
1110 0.11114168 -0.0007218438291676
1111 0.11115089  0.0000032790271318
1112 0.11115553 -0.0000368534612464
1113 0.11115724 -0.0000000020592834
1114 0.11117557  0.0000136385718526
1115 0.11120994 -0.0000000033094639
1116 0.11121871 -0.0000093622628081
1117 0.11123970  0.0000030993605870
1118 0.11125862 -0.0011383523689503
1119 0.11125862  0.0011342242166795
112 0.08560628 -0.0000000074702343
1120 0.11129349 -0.0000006408006081
1121 0.11138997 -0.0034408683535101
1122 0.11138997  0.0034308927587758
1123 0.11149256  0.0000000066256822
1124 0.11152978 -0.0000000033744051
1125 0.11153297 -0.0000000019977759
1126 0.11156388  0.0000000007968117
1127 0.11156483 -0.0000000022264964
1128 0.11158834  0.0004721902316575
1129 0.11158834 -0.0004721765955004
113 0.08569848  0.0000063603608054
1130 0.11168523 -0.0984965655984696
1131 0.11168523  0.0985307696414617
1132 0.11169688  0.0001204680104346
1133 0.11172777 -0.0001798716368470
1134 0.11172839 -0.0000001732688058
1135 0.11173940  0.0623572525748179
1136 0.11173940 -0.0623526573257862
1137 0.11174377  0.0000811641205583
1138 0.11183814 -0.0133325336162845
1139 0.11183814  0.0133388330068018
114 0.08570222 -0.0128856172647689
1140 0.11183882 -0.0000040067807077
1141 0.11187123 -0.0000004564902150
1142 0.11189159  0.0000013193708388
1143 0.11191039  0.0007007881999510
1144 0.11191039 -0.0007008469255451
1145 0.11191749 -0.0000000003267933
1146 0.11194140  0.0000004760535814
1147 0.11194316  0.0005845077713598
1148 0.11194316 -0.0005828725543394
1149 0.11194846 -0.0000000000319767
115 0.08570222  0.0128843408358589
1150 0.11198446  0.0522228580472715
1151 0.11198446 -0.0522442233828991
1152 0.11199091 -0.1678255551737268
1153 0.11199091  0.1678422301093166
1154 0.11199174 -0.0000001529148079
1155 0.11200334  0.0000000008648894
1156 0.11210350 -0.0072321778044902
1157 0.11210350  0.0072299258029083
1158 0.11218554 -0.0000000651019292
1159 0.11218598  0.0001106405063946
116 0.08573030 -0.0000000020079815
1160 0.11218598 -0.0001089610325989
1161 0.11218776 -0.0000000038080238
1162 0.11220839  0.0015955510506510
1163 0.11220839 -0.0015973763777166
1164 0.11221048 -0.0000000992401978
1165 0.11221230 -0.0000000013871478
1166 0.11225323 -0.0076957007375504
1167 0.11225323  0.0076912916238510
1168 0.11237798 -0.0024730213705383
1169 0.11237799  0.0024751926625109
117 0.08575340  0.0000000285704553
1170 0.11243713  0.0000080306287547
1171 0.11246745  0.0527022422450117
1172 0.11246745 -0.0526968642290951
1173 0.11247556 -0.0000260738305004
1174 0.11250353 -0.0000064649273259
1175 0.11256268 -0.0267468220756762
1176 0.11256268  0.0267442465486190
1177 0.11260286  0.0000088451822730
1178 0.11268551  0.0037501415727595
1179 0.11268551 -0.0037496531470335
118 0.08577557 -0.0000000009724649
1180 0.11271020  0.0000000022768677
1181 0.11271072 -0.0000000158354965
1182 0.11273988 -0.0000000007260402
1183 0.11280539 -0.0000317020721049
1184 0.11281855  0.0000000085929534
1185 0.11281970 -0.0025116691036145
1186 0.11281971  0.0025072963556678
1187 0.11282723  0.0000000003063672
1188 0.11283071 -0.0000000022767151
1189 0.11284191 -0.0000167271029018
119 0.08582573 -0.0046996689598563
1190 0.11284192  0.0000162079660488
1191 0.11284510 -0.0000246305130083
1192 0.11286198  0.0083119027298141
1193 0.11286199 -0.0083101436928042
1194 0.11286342  0.0000006957087200
1195 0.11291599 -0.0035142567780036
1196 0.11291600  0.0035112449557070
1197 0.11292833  0.0000026204907774
1198 0.11294776 -0.0051192372822132
1199 0.11294776  0.0051320925477394
12 0.07987912 -0.0392397659372019
120 0.08582574  0.0047033041364458
1200 0.11295461 -0.0000008816581852
1201 0.11297116 -0.0004188614246990
1202 0.11297116  0.0004209763691371
1203 0.11297568 -0.0000000002270757
1204 0.11299674 -0.0000009891414670
1205 0.11303549  0.0000000026492203
1206 0.11304918 -0.0000000021394400
1207 0.11305169 -0.0000003551211937
1208 0.11305993  0.0355677066036835
1209 0.11305994 -0.0355686170357657
121 0.08582916 -0.0000021054067741
1210 0.11310015 -0.0000210772340944
1211 0.11311054  0.0000000059278066
1212 0.11312807 -0.0005155602449615
1213 0.11312808  0.0005174884781072
1214 0.11319162 -0.0000000018022216
1215 0.11323769 -0.0000001365474711
1216 0.11324154 -0.0300036604720032
1217 0.11324156  0.0299686572285642
1218 0.11325438 -0.0000000033218651
1219 0.11326126  0.0024613605552782
122 0.08585082  0.0000003384688217
1220 0.11326127 -0.0024472937041681
1221 0.11326157  0.0000109647187307
1222 0.11327750 -0.0000093285815890
1223 0.11330387 -0.0060921872304980
1224 0.11330388  0.0060444892919696
1225 0.11330442 -0.0000001564009963
1226 0.11331832 -0.0000000013689775
1227 0.11335525  0.0176452997195183
1228 0.11335526 -0.0176726201951041
1229 0.11335664  0.0000001582314883
123 0.08585939 -0.0803316004272262
1230 0.11335930 -0.0000001182901637
1231 0.11335935 -0.0034568939923279
1232 0.11335935  0.0034421557561795
1233 0.11336563  0.0000000176686194
1234 0.11339821 -0.0000034004186025
1235 0.11340740 -0.0000072114836243
1236 0.11341679  0.0009826779449266
1237 0.11341679 -0.0009859175412153
1238 0.11344638  0.0000010736433835
1239 0.11345741  0.0000000052959944
124 0.08585940  0.0803270127974389
1240 0.11345860  0.0000804166709265
1241 0.11345860 -0.0001051558838443
1242 0.11345928  0.0118344645203914
1243 0.11345928 -0.0118406853826209
1244 0.11346045  0.0000133158811957
1245 0.11347078 -0.0000000000885291
1246 0.11350064  0.0048170109073714
1247 0.11350065 -0.0048274108149577
1248 0.11350738  0.0000000155708988
1249 0.11351260  0.0000201968590170
125 0.08588217 -0.0000000018644153
1250 0.11353523 -0.0000093271808324
1251 0.11356105  0.0000959823478860
1252 0.11357570  0.0080601294679009
1253 0.11357570 -0.0082484795034531
1254 0.11361010  0.0000000069649387
1255 0.11362905 -0.0001431751334153
1256 0.11362941  0.0001304869486695
1257 0.11363144  0.0458441315623787
1258 0.11363145 -0.0458579780647503
1259 0.11363164 -0.0000075335584468
126 0.08599629 -0.0011688022749783
1260 0.11364317  0.0022125309898868
1261 0.11364317 -0.0022141556213596
1262 0.11364434 -0.0000000210937419
1263 0.11365038 -0.0000000065250154
1264 0.11366582 -0.0075596583121870
1265 0.11366583  0.0075772932919291
1266 0.11368315  0.0000013758870621
1267 0.11368758 -0.0000000088436585
1268 0.11368980 -0.0000000045724216
1269 0.11369797  0.0012718851939993
127 0.08599630  0.0011723052545981
1270 0.11369797 -0.0012711667721407
1271 0.11370683 -0.0000013980256830
1272 0.11371900  0.0001775187538989
1273 0.11371901 -0.0001795297592091
1274 0.11373190 -0.0000000007862284
1275 0.11375135 -0.0001849798933575
1276 0.11375135  0.0001783843146479
1277 0.11376081  0.0000039614268641
1278 0.11380754 -0.0000037272296056
1279 0.11381022 -0.0000000029813903
128 0.08608199 -0.0086062851329484
1280 0.11381367  0.0000005355492011
1281 0.11384315  0.0005964036596047
1282 0.11384316 -0.0006027709450639
1283 0.11384774 -0.0000042559845341
1284 0.11385565 -0.0000000193563134
1285 0.11385876  0.0091216796488249
1286 0.11385877 -0.0091368114143919
1287 0.11387198  0.0000000036843649
1288 0.11388104 -0.0043669935631354
1289 0.11388105  0.0043686955347436
129 0.08608200  0.0086066015380785
1290 0.11388872  0.0000000041541983
1291 0.11391312  0.0000295812279396
1292 0.11393575 -0.0763951587295416
1293 0.11393575  0.0763877054116278
1294 0.11396091  0.0000080464554310
1295 0.11396112 -0.0000000030801373
1296 0.11396311 -0.0032281334923817
1297 0.11396312  0.0032203189310686
1298 0.11396533  0.0000016818838130
1299 0.11400665 -0.0000000134083939
13 0.07987914  0.0394351693301694
130 0.08618155  0.0000080180131811
1300 0.11401146  0.0034888108364994
1301 0.11401147 -0.0034819394073497
1302 0.11401370 -0.0000061506874120
1303 0.11401676 -0.0000109192751616
1304 0.11403228 -0.0000000006375693
1305 0.11404590 -0.0000000028320815
1306 0.11404876 -0.0000068855486491
1307 0.11405286 -0.0000000049065002
1308 0.11410083  0.0027784289734670
1309 0.11410084 -0.0027850581957953
131 0.08619983 -0.0000000003849747
1310 0.11417165  0.0003009078396837
1311 0.11417165 -0.0002980292108029
1312 0.11419353  0.0000000055564136
1313 0.11420590 -0.0724456731596076
1314 0.11420590  0.0724184159163817
1315 0.11421278  0.0000012474398941
1316 0.11421487  0.0000000050149389
1317 0.11421722  0.0000000066282108
1318 0.11422847 -0.0093653938540663
1319 0.11422848  0.0093422250087278
132 0.08622221  0.0006740945832168
1320 0.11423051  0.0000000340729805
1321 0.11424675  0.0000005819742527
1322 0.11425505 -0.0000045873952409
1323 0.11430635  0.0000215857887497
1324 0.11430635 -0.0000230009729176
1325 0.11432927 -0.0060969091401169
1326 0.11432927  0.0060959733464630
1327 0.11433735  0.0000000169253762
1328 0.11435180 -0.0000092649922829
1329 0.11436912  0.0000000025557920
133 0.08622221 -0.0006738201909640
1330 0.11438874 -0.0000042286833458
1331 0.11440242 -0.0000000047955778
1332 0.11440505  0.0000000004419278
1333 0.11440990 -0.0000198930067996
1334 0.11442492 -0.0171588057897884
1335 0.11442492  0.0171577205847437
1336 0.11443312 -0.0000067635861186
1337 0.11445128  0.0000017411687164
1338 0.11447986  0.0000140820331769
1339 0.11453389  0.0000325420726362
134 0.08625601 -0.0000000007749954
1340 0.11453389 -0.0000329729020833
1341 0.11456264 -0.0000000007919906
1342 0.11457363  0.0000001410541432
1343 0.11458780 -0.0006048058352386
1344 0.11458780  0.0006012326848328
1345 0.11463167  0.0000016031939294
1346 0.11463453  0.0000000011522254
1347 0.11465353  0.0000000000350338
1348 0.11466630 -0.0000457300024237
1349 0.11466631  0.0000449560371820
135 0.08632079  0.0090246434955887
1350 0.11468589  0.0058155099846095
1351 0.11468589 -0.0058057719928585
1352 0.11471761  0.0000000000939324
1353 0.11472303  0.0010660332564250
1354 0.11472303 -0.0010662538812930
1355 0.11473717  0.0000000012317884
1356 0.11477819 -0.0000246962930157
1357 0.11484686 -0.0000014521035116
1358 0.11501980  0.0000000000919494
1359 0.11504299  0.0091805909521022
136 0.08632079 -0.0090272134727555
1360 0.11504299 -0.0091703600326252
1361 0.11504307  0.0000013951149050
1362 0.11511320  0.0000011644024871
1363 0.11516499 -0.0011211356849697
1364 0.11516499  0.0011170683381563
1365 0.11519045 -0.0000000001158833
1366 0.11535673  0.0000246555798385
1367 0.11537934 -0.0939149595640124
1368 0.11537934  0.0939652545763152
1369 0.11539309  0.0138655388538718
137 0.08633023  0.0000017245794428
1370 0.11539309 -0.0138795814716933
1371 0.11540194 -0.0000000011765482
1372 0.11542841  0.0000000011639778
1373 0.11544715 -0.0000000044146971
1374 0.11547219  0.0000000411017821
1375 0.11548919  0.0527410475240834
1376 0.11548920 -0.0526025184461240
1377 0.11553480  0.0000000004729230
1378 0.11554818 -0.0000016783305910
1379 0.11558735  0.0108823898177081
138 0.08656316  0.0000008223024478
1380 0.11558735 -0.0108706330929890
1381 0.11559874 -0.0000000183588077
1382 0.11560591 -0.0893397265124452
1383 0.11560592  0.0894191683260340
1384 0.11561066 -0.0000088822288046
1385 0.11562751 -0.0000014979929882
1386 0.11563960  0.0016628681450784
1387 0.11563960 -0.0016796992808452
1388 0.11567028 -0.0000000095942581
1389 0.11567495 -0.0000671411783745
139 0.08659726 -0.0000000003714565
1390 0.11567573 -0.0000000432147032
1391 0.11570333 -0.0113656301129022
1392 0.11570333  0.0113731033946443
1393 0.11570834  0.0000713550493537
1394 0.11572705 -0.0000000034188610
1395 0.11581623  0.0161803843239828
1396 0.11581624 -0.0161937343705697
1397 0.11583165  0.0000000152869406
1398 0.11583408  0.0000038797087138
1399 0.11584102  0.0447451860242450
14 0.07991279  0.0000001425066349
140 0.08662237  0.0000000003674764
1400 0.11584103 -0.0446758161809294
1401 0.11590140  0.0000000024113607
1402 0.11607014  0.0026086390728517
1403 0.11607014 -0.0026005743397066
1404 0.11607351 -0.0000104100511020
1405 0.11607841 -0.0000357859300094
1406 0.11609511  0.0000407306200505
1407 0.11611208 -0.0033848895751421
1408 0.11611209  0.0033257218927706
1409 0.11614214 -0.0000000028824738
141 0.08666703  0.0065031842607709
1410 0.11614301 -0.0000077614143633
1411 0.11615284  0.0504801634361548
1412 0.11615284 -0.0504407017629751
1413 0.11622450  0.0000000052338710
1414 0.11626048  0.0000000000351648
1415 0.11628478  0.0038816072966033
1416 0.11628478 -0.0038788413451220
1417 0.11631593  0.0000000103615825
1418 0.11632714 -0.0000047803427512
1419 0.11635719 -0.0000000003965001
142 0.08666704 -0.0065097782513353
1420 0.11636584  0.0000028567846967
1421 0.11636651  0.0014384845471347
1422 0.11636652 -0.0014454190555874
1423 0.11637581 -0.0000002185645451
1424 0.11639954 -0.0000000088553641
1425 0.11640088  0.0342044230385713
1426 0.11640089 -0.0341928652160173
1427 0.11643756 -0.0000000002410147
1428 0.11643979  0.0000000002434538
1429 0.11644078 -0.0021284023951501
143 0.08667813  0.0000013767790463
1430 0.11644078  0.0021273041010974
1431 0.11645953 -0.0134370216303536
1432 0.11645953  0.0134376595863351
1433 0.11647066  0.0000029810361142
1434 0.11648621  0.0004722137038873
1435 0.11648621 -0.0004755609841093
1436 0.11648919  0.0000001323539577
1437 0.11649215  0.0000032533866974
1438 0.11650365 -0.0815161347348531
1439 0.11650365  0.0815126774999668
144 0.08669115 -0.0000476570124880
1440 0.11654307 -0.0000000000292210
1441 0.11656338  0.0010582308551350
1442 0.11656339 -0.0010564499864992
1443 0.11661723  0.0000000002558041
1444 0.11671379  0.0000008771912532
1445 0.11673778  0.0000052124006913
1446 0.11675365  0.0014968490230773
1447 0.11675365 -0.0014842858205422
1448 0.11676252 -0.0000000082726392
1449 0.11680010 -0.1184399099400542
145 0.08669115  0.0000496838978646
1450 0.11680011  0.1184324354593435
1451 0.11681236 -0.0000304205126351
1452 0.11683601  0.0000003395034101
1453 0.11686095  0.0159091172071313
1454 0.11686095 -0.0159275718376775
1455 0.11687547  0.0143679071931955
1456 0.11687547 -0.0143697149568051
1457 0.11687573  0.0000113364648646
1458 0.11689944 -0.0000004298761922
1459 0.11692336 -0.0000000008153968
146 0.08685810 -0.0000000001278929
1460 0.11692520  0.0000000000833081
1461 0.11695658  0.0000003946041730
1462 0.11696452 -0.0018516971600230
1463 0.11696452  0.0018582758828080
1464 0.11696671  0.0000000028905722
1465 0.11699956 -0.0000282091486142
1466 0.11700940  0.0000925965245562
1467 0.11700940 -0.0000922201144985
1468 0.11701213  0.0000000068456775
1469 0.11704499  0.0000041014088507
147 0.08696387  0.0000012057316967
1470 0.11705115 -0.0046265121520282
1471 0.11705115  0.0046401576309983
1472 0.11709894 -0.0000028071486283
1473 0.11713425 -0.0078678385125453
1474 0.11713425  0.0078696589876842
1475 0.11718952  0.0000000063016269
1476 0.11721381  0.0000023168902923
1477 0.11721713  0.0000000004872432
1478 0.11723469  0.0084642523625027
1479 0.11723469 -0.0084713409954820
148 0.08702867  0.0000001088836112
1480 0.11726762 -0.0000000048759510
1481 0.11727134  0.0000003399920918
1482 0.11730573 -0.0110851889681545
1483 0.11730575  0.0111211995725799
1484 0.11731961 -0.0033276112690397
1485 0.11731962  0.0033654472094846
1486 0.11732102 -0.0000006323621525
1487 0.11733048  0.0000001993430531
1488 0.11733193 -0.0000144668639603
1489 0.11734568 -0.0000000023827698
149 0.08705122  0.0000000001226200
1490 0.11734942  0.0000121922846850
1491 0.11735248 -0.0168686327844601
1492 0.11735248  0.0168771891883237
1493 0.11736075  0.0000249521606593
1494 0.11736588 -0.0000152791435943
1495 0.11738041  0.0003978645166548
1496 0.11738044 -0.0003929660213008
1497 0.11739239  0.0000000004750164
1498 0.11739666  0.0046865294350484
1499 0.11739667 -0.0047210353546642
15 0.07999317 -0.0000010913257967
150 0.08796381  0.0000098363438218
1500 0.11743136 -0.0000000724592751
1501 0.11743281 -0.0000000773340840
1502 0.11744048  0.1045672982910320
1503 0.11744049 -0.1049792135872182
1504 0.11744970  0.0029023283477399
1505 0.11744974 -0.0024831612723783
1506 0.11746224  0.0000000164863300
1507 0.11748654  0.0019090304157041
1508 0.11748654 -0.0019119925457431
1509 0.11749945  0.0000298526016822
151 0.08796562  0.0146381690909438
1510 0.11750135 -0.0000000107548844
1511 0.11751469  0.0000022582858081
1512 0.11752716  0.0000000037933654
1513 0.11753049 -0.0000174816831824
1514 0.11753380  0.0000565107544334
1515 0.11753969 -0.1208507798806999
1516 0.11753971  0.1209457998969433
1517 0.11755601  0.0088330189996268
1518 0.11755602 -0.0088645109930551
1519 0.11755640 -0.0000085293039754
152 0.08796562 -0.0146343981892811
1520 0.11756551 -0.0000000008480503
1521 0.11756661 -0.0000026934027514
1522 0.11756750 -0.0006193833794083
1523 0.11756750  0.0006297084749838
1524 0.11757348  0.0000000075131586
1525 0.11758971  0.0223300650417244
1526 0.11758971 -0.0223421838367302
1527 0.11760040  0.0000417938744819
1528 0.11760839  0.0000000862306068
1529 0.11762340  0.0079140384035016
153 0.08801361  0.0000000000278387
1530 0.11762341 -0.0079077402934414
1531 0.11762398 -0.0000001645475751
1532 0.11762656 -0.0000126228521999
1533 0.11763851 -0.0000041751186291
1534 0.11766289 -0.0000037683888568
1535 0.11766503  0.0524145451480778
1536 0.11766503 -0.0524147990508031
1537 0.11768279 -0.0000000695722106
1538 0.11768583 -0.0000000067600541
1539 0.11769748  0.0012627507908161
154 0.08867943 -0.0020919811200465
1540 0.11769749 -0.0013089799647097
1541 0.11769755  0.0000395381414270
1542 0.11771261  0.0207215629285509
1543 0.11771262 -0.0207194403377073
1544 0.11771453 -0.0000491656999900
1545 0.11772809  0.0000000820777846
1546 0.11773845  0.0098844797541592
1547 0.11773846 -0.0098822558906568
1548 0.11774447  0.0000000089140365
1549 0.11778125  0.0000000078612450
155 0.08867944  0.0019976676418418
1550 0.11779118 -0.0000324434462847
1551 0.11779251 -0.0000000507791331
1552 0.11780941 -0.0118590388494638
1553 0.11780942  0.0118609065290425
1554 0.11781087  0.0000395299567028
1555 0.11783959 -0.0000027210513158
1556 0.11785605  0.0077689308163560
1557 0.11785606 -0.0077503094815188
1558 0.11786167  0.0000000056045397
1559 0.11789436  0.0058560511883556
156 0.08868404 -0.0000000100374699
1560 0.11789437 -0.0058364360464978
1561 0.11792555  0.0781438554117972
1562 0.11792557 -0.0781717366069929
1563 0.11793021  0.0001167169296440
1564 0.11796003  0.0002614508135262
1565 0.11796653 -0.0002237424666199
1566 0.11796925 -0.0127134753994914
1567 0.11796926  0.0127158821901616
1568 0.11797554 -0.0000000012436301
1569 0.11797973  0.0000000048878322
157 0.08880269  0.0000721576333264
1570 0.11798417  0.0001111283649563
1571 0.11799999  0.0000000001816046
1572 0.11800415  0.0013767706310384
1573 0.11800416 -0.0013710646286974
1574 0.11800432  0.0000001583930214
1575 0.11801928 -0.0000000037894010
1576 0.11803737 -0.0081226799024120
1577 0.11803737  0.0081255895146893
1578 0.11805163 -0.0000007236902753
1579 0.11805331 -0.0010935919052451
158 0.08898217 -0.0000000011391242
1580 0.11805332  0.0010973937047757
1581 0.11808102 -0.0000000034440629
1582 0.11809889 -0.0000331217215809
1583 0.11813588 -0.0000000006840542
1584 0.11816585 -0.0151406439148767
1585 0.11816585  0.0151336137838290
1586 0.11817155  0.0000000011274401
1587 0.11818761 -0.0551368316659184
1588 0.11818762  0.0551212099949616
1589 0.11823395  0.0579063260772967
159 0.08901760  0.0196523034435851
1590 0.11823396 -0.0579002845918723
1591 0.11823996 -0.0000033204008928
1592 0.11824347  0.0000080696773387
1593 0.11824374  0.0000000058226615
1594 0.11824708  0.0000000031677310
1595 0.11824966 -0.0149323146549214
1596 0.11824967  0.0149284595375540
1597 0.11827609 -0.0000000017668790
1598 0.11827635 -0.0000000003515854
1599 0.11827971  0.0000430026571060
16 0.08000601  0.0000000020079102
160 0.08901761 -0.0196479433958420
1600 0.11828176 -0.0000357492658073
1601 0.11830437 -0.0160257750472932
1602 0.11830437  0.0160266682769186
1603 0.11831770  0.0678933924124789
1604 0.11831771 -0.0678519943260715
1605 0.11835756 -0.0007637389205771
1606 0.11835757  0.0007645881447933
1607 0.11836942  0.0000000008315136
1608 0.11840304  0.0000026906946810
1609 0.11841537  0.0000000210457154
161 0.08905907 -0.0000000012622554
1610 0.11841581 -0.0000105778167551
1611 0.11841897  0.0016342572410225
1612 0.11841898 -0.0016286732226567
1613 0.11843839  0.0000079821909297
1614 0.11845283  0.0000156922368984
1615 0.11845930  0.0014648012645441
1616 0.11845930 -0.0014646760659507
1617 0.11847241  0.0185066163770783
1618 0.11847241 -0.0185321445198085
1619 0.11847591 -0.0000000043678264
162 0.08926938 -0.0000000912895197
1620 0.11850194 -0.0337213017432594
1621 0.11850194  0.0337547663846925
1622 0.11852567  0.0000000259929004
1623 0.11853828 -0.2632220877799589
1624 0.11853828  0.2632311501308482
1625 0.11854332 -0.0000010707146006
1626 0.11854488 -0.0028725278860756
1627 0.11854571  0.0027705416286829
1628 0.11856992  0.0000353601170020
1629 0.11858557 -0.0575909756864311
163 0.08927181  0.0022050758682854
1630 0.11858557  0.0576027068733040
1631 0.11860042 -0.0069442311711155
1632 0.11860043  0.0068642377913137
1633 0.11860654 -0.0000662550489577
1634 0.11861088  0.0510239557676251
1635 0.11861088 -0.0510001719139925
1636 0.11861571 -0.0000026864173653
1637 0.11861789  0.0000000009764770
1638 0.11866490  0.0000216994325944
1639 0.11869286 -0.0000007643702791
164 0.08927181 -0.0022035289923307
1640 0.11870001  0.0000000004405565
1641 0.11873515  0.0054120624488738
1642 0.11873515 -0.0053895050611444
1643 0.11873775 -0.0780756445136544
1644 0.11873775  0.0780741729631863
1645 0.11874943 -0.1051336272006601
1646 0.11874943  0.1051090632493775
1647 0.11880613 -0.0000000000516705
1648 0.11887326  0.0019606156155426
1649 0.11887326 -0.0019594099751054
165 0.08927792 -0.0000000000981267
1650 0.11890476  0.0237733502578371
1651 0.11890478 -0.0237771861118735
1652 0.11891247  0.0000000014402288
1653 0.11891792 -0.0000000001929884
1654 0.11891911 -0.0000028185055563
1655 0.11895397 -0.0000000006946901
1656 0.11897598 -0.0000124237611948
1657 0.11900050  0.0000011536404381
1658 0.11902769  0.0223022294190904
1659 0.11902770 -0.0222580451475515
166 0.08933159  0.0000053344028488
1660 0.11903261 -0.0000082431098999
1661 0.11904962 -0.0000066272426009
1662 0.11907237  0.0027472404164278
1663 0.11907237 -0.0027444916710295
1664 0.11909245 -0.0000000021985756
1665 0.11910233  0.0000120626818630
1666 0.11912414  0.0000179441422640
1667 0.11913455  0.0004214312065194
1668 0.11913456 -0.0004175637648861
1669 0.11920830  0.0000000008656585
167 0.08933783 -0.0247137235717560
1670 0.11921640  0.0003801392896988
1671 0.11921641 -0.0003801606153473
1672 0.11923506  0.0000000004373159
1673 0.11927163  0.0000006594391208
1674 0.11934287  0.0064904528180061
1675 0.11934287 -0.0064911262581219
1676 0.11937398 -0.0000000135389563
1677 0.11937917 -0.0000000012846375
1678 0.11940501  0.0000000056581307
1679 0.11940659 -0.0000000085843114
168 0.08933783  0.0246952643706749
1680 0.11941285  0.0002321900176659
1681 0.11941294 -0.0002301025035157
1682 0.11941441  0.0002458740609639
1683 0.11941442 -0.0002491337991663
1684 0.11942189  0.0002718402544777
1685 0.11942190 -0.0002729825259667
1686 0.11945345 -0.0000002636213241
1687 0.11953439  0.0002558071420609
1688 0.11953439 -0.0002565960328350
1689 0.11953758  0.0000000002270272
169 0.08934786 -0.0000000025755689
1690 0.11954709 -0.0000000004225438
1691 0.11956242  0.0000016076747527
1692 0.11956242 -0.0000014283181271
1693 0.11957843  0.0000030074445553
1694 0.11960334 -0.0000047165419042
1695 0.11960448  0.0004270882648501
1696 0.11960449 -0.0004260111221697
1697 0.11960921 -0.0000003903257578
1698 0.11966782  0.0000789448602983
1699 0.11966783 -0.0000837587290955
17 0.08001921  0.0000013705645269
170 0.08938268  0.0351321291989885
1700 0.11969057  0.0000009032303807
1701 0.11970443 -0.0000028996695625
1702 0.11974914  0.0001375096650413
1703 0.11974915 -0.0001349977472096
1704 0.11976443  0.0000001328877190
1705 0.11977008 -0.0000185404104146
1706 0.11977009  0.0000224726981529
1707 0.11979527  0.0031357154101533
1708 0.11979527 -0.0031321838567870
1709 0.11980837 -0.0000000001100236
171 0.08938270 -0.0352826748421542
1710 0.11983809 -0.0000000039376223
1711 0.11984036 -0.0000024210010282
1712 0.11984062 -0.0001397042150561
1713 0.11984062  0.0001378104877513
1714 0.12003974 -0.0021612284034084
1715 0.12003974  0.0021660217603338
1716 0.12004017 -0.0000003302633912
1717 0.12004045  0.0000025978400932
1718 0.12005065  0.0120986850258644
1719 0.12005065 -0.0121090878990405
172 0.08940534  0.0000139264267821
1720 0.12005077  0.0000020398395115
1721 0.12005514 -0.0000026026638509
1722 0.12007197 -0.0000000005309077
1723 0.12007775 -0.0000000114572246
1724 0.12008343 -0.0000000505858512
1725 0.12009101  0.0011164412995079
1726 0.12009101 -0.0011072442089385
1727 0.12010433 -0.0161965502018706
1728 0.12010433  0.0161920019468813
1729 0.12017541  0.0000000330158152
173 0.08940652 -0.0000000006489904
1730 0.12018863  0.0000008017321659
1731 0.12019335  0.0004762883122679
1732 0.12019335 -0.0004698077417480
1733 0.12019971 -0.0000000009241100
1734 0.12025083  0.0000069932253613
1735 0.12026789 -0.0162946736669508
1736 0.12026790  0.0162644454898236
1737 0.12031596  0.0000000205622854
1738 0.12031603  0.0000000170213090
1739 0.12031779 -0.0101506943480415
174 0.08957047  0.0000100167613617
1740 0.12031780  0.0101359963587915
1741 0.12032134 -0.0000000273615447
1742 0.12032667  0.0004780719338587
1743 0.12032667 -0.0004671337382093
1744 0.12033576  0.0000595221327714
1745 0.12033652 -0.0000701647690782
1746 0.12033840 -0.0000000681184695
1747 0.12034549 -0.0000000014960361
1748 0.12035336 -0.0000564980091452
1749 0.12035337  0.0000650479864252
175 0.08957963  0.0381330317639807
1750 0.12045433 -0.0000000044854430
1751 0.12046024 -0.0000000006057273
1752 0.12046320 -0.0103183533606576
1753 0.12046321  0.0103165050088271
1754 0.12046482  0.0000013959838840
1755 0.12049991 -0.0000000020575989
1756 0.12051748  0.0139251370913945
1757 0.12051751 -0.0139281299754822
1758 0.12054796 -0.0002475615681846
1759 0.12054796  0.0002514597695735
176 0.08957963 -0.0382499615060493
1760 0.12057858 -0.0000101271167127
1761 0.12058864  0.0078368160503288
1762 0.12058866 -0.0078331333679718
1763 0.12062053 -0.0000000157236589
1764 0.12063170 -0.0000112805730012
1765 0.12064294 -0.0000048162387000
1766 0.12065811 -0.0000000055148420
1767 0.12066784 -0.0000000117518552
1768 0.12068468 -0.0000000271817942
1769 0.12068532 -0.0000078262715375
177 0.08963070 -0.0000000042174926
1770 0.12069079 -0.0001629617202413
1771 0.12069080  0.0001735418462875
1772 0.12069767 -0.0000556519307846
1773 0.12070618 -0.0000020972378891
1774 0.12070618  0.0000030418475554
1775 0.12071645  0.0000387150900177
1776 0.12074500  0.0000002754279901
1777 0.12075653  0.0000000020178822
1778 0.12078204 -0.0000000010218334
1779 0.12078471  0.0005618277232422
178 0.08970296 -0.0001520982000262
1780 0.12078473 -0.0005537605217674
1781 0.12080104 -0.0011647415154943
1782 0.12080109  0.0011485830444539
1783 0.12081010  0.0000198113809151
1784 0.12083514 -0.0000239511123490
1785 0.12083914 -0.0000044529449099
1786 0.12090040  0.0002356143121855
1787 0.12090041 -0.0002355553053988
1788 0.12093260  0.0000000048817395
1789 0.12094496 -0.0000000387711144
179 0.08983274  0.0000307644956995
1790 0.12094890 -0.0316182589121130
1791 0.12094893  0.0316336869779470
1792 0.12095700  0.0096716696323289
1793 0.12095700 -0.0096504004947406
1794 0.12095755 -0.0000000051372367
1795 0.12099501  0.0471958608879190
1796 0.12099502 -0.0471883380744389
1797 0.12100562 -0.0477435170412976
1798 0.12100562  0.0477503615322025
1799 0.12102891 -0.0000000009692293
18 0.08002954 -0.0000028038967805
180 0.08984587  0.0000063734760950
1800 0.12106024  0.0000367558553357
1801 0.12106572 -0.0000000057441878
1802 0.12108401 -0.0000000257650953
1803 0.12108963 -0.0029508485537907
1804 0.12108963  0.0029547584005612
1805 0.12111052 -0.0000037079114217
1806 0.12113589  0.0000000100205519
1807 0.12114191  0.0322495067618485
1808 0.12114192 -0.0322259412887771
1809 0.12114842 -0.0000005131191026
181 0.08984605 -0.0001974530721471
1810 0.12118036  0.0000038435007354
1811 0.12118894  0.0424285733617628
1812 0.12118894 -0.0424343868108954
1813 0.12119680  0.0000019862463695
1814 0.12122636 -0.0000000012863308
1815 0.12122838 -0.0000000008039472
1816 0.12124179 -0.0000000081695574
1817 0.12124487  0.0018469957662337
1818 0.12124488 -0.0018512415162238
1819 0.12125195  0.0000000187891239
182 0.08984613  0.0375976670063945
1820 0.12125235  0.0001350474028710
1821 0.12125235 -0.0001345594869665
1822 0.12126876  0.0283035171440355
1823 0.12126876 -0.0283112194157104
1824 0.12128631 -0.0000014308430301
1825 0.12128884  0.0062697320619810
1826 0.12128884 -0.0062667064627510
1827 0.12130603  0.0000003716396063
1828 0.12132194 -0.0000000053464258
1829 0.12133034  0.0154132805428350
183 0.08984613 -0.0380625427899090
1830 0.12133034 -0.0154129124740595
1831 0.12133912 -0.0000000041113375
1832 0.12143076 -0.0000117048528487
1833 0.12143359 -0.0032227149375649
1834 0.12143360  0.0032233532733307
1835 0.12143565  0.0000276951832869
1836 0.12157214 -0.0000075928128963
1837 0.12157228  0.0312224102440808
1838 0.12157229 -0.0311855505023359
1839 0.12162207 -0.0014988568708029
184 0.08985757  0.0987333177551421
1840 0.12162207  0.0014933545740221
1841 0.12162653  0.0000327562551186
1842 0.12166411  0.0000006134558916
1843 0.12167171  0.0201996139842568
1844 0.12167171 -0.0202264086742825
1845 0.12168301 -0.0000000012637570
1846 0.12181419  0.0000000000555115
1847 0.12184833 -0.0030810984740093
1848 0.12184833  0.0030871328290671
1849 0.12188720 -0.0000086818993431
185 0.08985758 -0.0980636296619265
1850 0.12193579  0.0606818928368357
1851 0.12193580 -0.0606692080357427
1852 0.12195393 -0.0002183606882399
1853 0.12195755  0.0001852314368131
1854 0.12202526  0.0000000012074454
1855 0.12204292 -0.0951013116178264
1856 0.12204292  0.0950920197806900
1857 0.12205701 -0.0000000003623160
1858 0.12206481 -0.0000000007477892
1859 0.12208641  0.0027416207678596
186 0.08995193  0.0029064823333032
1860 0.12208641 -0.0027397264777144
1861 0.12212346  0.0014580542630737
1862 0.12212347 -0.0014570519539041
1863 0.12212768 -0.0000000056245996
1864 0.12213036  0.0000006528093694
1865 0.12214532 -0.0000021688214270
1866 0.12225454 -0.0000000005820712
1867 0.12226322  0.0072334750510736
1868 0.12226322 -0.0072301255822790
1869 0.12231508 -0.0217584643609114
187 0.08995193 -0.0028984270282683
1870 0.12231509  0.0217571572364996
1871 0.12232583 -0.0000000008825576
1872 0.12233552  0.0000000012612729
1873 0.12233708  0.0000012229760973
1874 0.12235945  0.0007638399873742
1875 0.12235946 -0.0007636579938222
1876 0.12236397 -0.0000004706875867
1877 0.12237209  0.0000000039059934
1878 0.12237771  0.0000000006531996
1879 0.12240207 -0.0000000000228524
188 0.08997508  0.0000000017463243
1880 0.12247177 -0.0000005542416890
1881 0.12247982  0.0000000012546333
1882 0.12249381  0.0000007797611239
1883 0.12252514  0.0060301490450938
1884 0.12252514 -0.0060230489609210
1885 0.12253244 -0.0000002844178101
1886 0.12260971 -0.0000725486892941
1887 0.12263631  0.0711195173365365
1888 0.12263631 -0.0711143793001919
1889 0.12266228 -0.0000000027486321
189 0.09000501 -0.0000156008747433
1890 0.12269541 -0.0000037985221590
1891 0.12270319 -0.0000181992486351
1892 0.12271796 -0.0146763614145529
1893 0.12271796  0.0146765921214266
1894 0.12275469  0.0000083410771866
1895 0.12275477 -0.0055711375998610
1896 0.12275477  0.0055562659299327
1897 0.12276044 -0.0000000047978123
1898 0.12278177  0.0279186091011346
1899 0.12278179 -0.0279265446267320
19 0.08002954  0.0000085897725378
190 0.09012997 -0.0000162687793890
1900 0.12281192  0.0000066474718009
1901 0.12281409  0.0000000092348516
1902 0.12281425  0.0000000149480921
1903 0.12281667  0.0000046668424842
1904 0.12282242 -0.0343725832576247
1905 0.12282242  0.0343704110172575
1906 0.12284210 -0.0034322220095986
1907 0.12284210  0.0034292996666012
1908 0.12286438  0.0000000000494224
1909 0.12289068 -0.0326106117639282
191 0.09018368 -0.0400577470533281
1910 0.12289068  0.0326058928473326
1911 0.12290512 -0.0000000064786765
1912 0.12291264 -0.0000000002576973
1913 0.12292853  0.0000012100121481
1914 0.12293144 -0.0096679206551157
1915 0.12293144  0.0096798530407920
1916 0.12293899 -0.0000028743430059
1917 0.12294884 -0.0000047269564011
1918 0.12296981  0.0000000007954165
1919 0.12298195 -0.0000000155363489
192 0.09018368  0.0400491604900293
1920 0.12298440 -0.0767954059773602
1921 0.12298440  0.0767892225111921
1922 0.12300432  0.0000133731531384
1923 0.12300938  0.0055010078505655
1924 0.12300939 -0.0055008436234903
1925 0.12303123 -0.0000000015305593
1926 0.12303269  0.0000145156546896
1927 0.12305547 -0.0000000002335340
1928 0.12307538  0.0000318095604368
1929 0.12308745 -0.0107711653404145
193 0.09019226 -0.0000000167445761
1930 0.12308745  0.0107552414640995
1931 0.12310948 -0.0000114506686315
1932 0.12313228 -0.0000000075023351
1933 0.12314144 -0.0000005844830154
1934 0.12314144  0.0000000397222092
1935 0.12314838  0.0000001680076504
1936 0.12315158  0.0000000013521382
1937 0.12315700  0.0195442150637447
1938 0.12315701 -0.0195456267415833
1939 0.12317518 -0.0019276193268747
194 0.09022576 -0.0037692229573382
1940 0.12317519  0.0019102122841167
1941 0.12318368 -0.0000000007068880
1942 0.12319872  0.0078478301511196
1943 0.12319873 -0.0078380702121861
1944 0.12322466 -0.0000000341574491
1945 0.12322581 -0.0000171948256414
1946 0.12324059  0.0000054150159742
1947 0.12324118  0.0000000066583398
1948 0.12324278  0.0011014167480870
1949 0.12324278 -0.0011084564098507
195 0.09022576  0.0037695919458121
1950 0.12324866  0.0000000025496034
1951 0.12326349  0.0145492667355707
1952 0.12326350 -0.0145561710728756
1953 0.12328112  0.0000018744640943
1954 0.12328777  0.0008622793075569
1955 0.12328777 -0.0008639845335402
1956 0.12329082 -0.0000000026157934
1957 0.12329189 -0.0000011453437677
1958 0.12329940  0.0000000031436276
1959 0.12331200  0.0000015835462692
196 0.09025041  0.0000121120724701
1960 0.12331995  0.0000000068109747
1961 0.12332042  0.0002185453872131
1962 0.12332043 -0.0002067966591691
1963 0.12333506 -0.0212664436853933
1964 0.12333507  0.0212461212634430
1965 0.12333997  0.0000000070617863
1966 0.12334393 -0.0000011215511188
1967 0.12335872 -0.0000000123017947
1968 0.12336115  0.0068590604411530
1969 0.12336115 -0.0068471666215593
197 0.09025501  0.0000000498297422
1970 0.12340834 -0.0000000002713820
1971 0.12341734 -0.0002316171019622
1972 0.12341734  0.0002351683264959
1973 0.12342060 -0.0000046394560150
1974 0.12343537 -0.0027828687360358
1975 0.12343538  0.0027853413059417
1976 0.12343937  0.0000000063257482
1977 0.12344065 -0.0000085867022207
1978 0.12344139 -0.0000000208289402
1979 0.12344931  0.0025154017649059
198 0.09031916  0.0014072483221258
1980 0.12344932 -0.0025086925076177
1981 0.12346007 -0.0000050992218143
1982 0.12349327 -0.0000414580579950
1983 0.12352068 -0.0051318830989539
1984 0.12352069  0.0051474278277760
1985 0.12352122  0.0000001261040790
1986 0.12352696 -0.0000592445714359
1987 0.12352710  0.0000112818731018
1988 0.12353254 -0.0000000341920465
1989 0.12353424 -0.0001986482300670
199 0.09031917 -0.0013991615701410
1990 0.12353425  0.0002028391029110
1991 0.12354996 -0.0120007489308623
1992 0.12354997  0.0119913318419450
1993 0.12355360 -0.0001972791972582
1994 0.12356747 -0.0000484607670715
1995 0.12357175  0.0545635135783422
1996 0.12357176 -0.0545859943963815
1997 0.12358443  0.0000824644062633
1998 0.12360116  0.0000017359879128
1999 0.12361717 -0.0000000026956511
2 0.07886241  0.0144021812717763
20 0.08022654 -0.0412539771592315
200 0.09038505 -0.0000000414207841
2000 0.12363178 -0.0003951146415284
2001 0.12363179  0.0003922730768558
2002 0.12363684  0.0000000021125713
2003 0.12364155  0.0516684890428247
2004 0.12364156 -0.0516604829698286
2005 0.12367638 -0.0000000076541155
2006 0.12369182  0.0087313225078107
2007 0.12369182 -0.0087384576279741
2008 0.12369762 -0.0009055564541149
2009 0.12369762  0.0009071153349128
201 0.09038873  0.0007146693955211
2010 0.12370137 -0.0000027101940800
2011 0.12370414 -0.0000052642271766
2012 0.12370740 -0.0000000112429805
2013 0.12371159 -0.0000000157274287
2014 0.12371236  0.0129442180041455
2015 0.12371236 -0.0129130389962541
2016 0.12371485 -0.0000002375206392
2017 0.12371789  0.0000014882222995
2018 0.12371794 -0.0007537465282215
2019 0.12371795  0.0007521692007511
202 0.09038874 -0.0006610928199753
2020 0.12374228  0.0000002684368493
2021 0.12374584 -0.0110236435413930
2022 0.12374585  0.0109978398069965
2023 0.12375423 -0.0000000863245261
2024 0.12375498 -0.0016722657007366
2025 0.12375498  0.0016752646948965
2026 0.12378346  0.0000000458485603
2027 0.12378678  0.0041431783909565
2028 0.12378679 -0.0043247464141792
2029 0.12379388 -0.0167165586696844
203 0.09041594 -0.0000003937141548
2030 0.12379389  0.0167996544620316
2031 0.12379537 -0.0000031396372396
2032 0.12379631  0.0000144053097499
2033 0.12379870 -0.0000002140994714
2034 0.12380635 -0.0000000121575053
2035 0.12380745 -0.0071584973450377
2036 0.12380745  0.0072137170527085
2037 0.12381624  0.0000000143331371
2038 0.12381922 -0.0762298963136321
2039 0.12381922  0.0762893806078277
204 0.09046388 -0.0952194023185883
2040 0.12382785 -0.0000078623134270
2041 0.12382990  0.0090992451139821
2042 0.12382991 -0.0091184064978410
2043 0.12383070  0.0000495175767957
2044 0.12384221  0.0000000010292253
2045 0.12385819 -0.0000118058677223
2046 0.12386309  0.0074544772380761
2047 0.12386310 -0.0074662753296442
2048 0.12386536 -0.0000000476344740
2049 0.12387529 -0.0000000007360074
205 0.09046390  0.0953420049111400
2050 0.12388668 -0.0000059393158556
2051 0.12388753  0.0033543971142930
2052 0.12388754 -0.0033584619663354
2053 0.12389357 -0.0000123742992836
2054 0.12391671  0.0001746583836063
2055 0.12391671 -0.0001750885648809
2056 0.12393198  0.0000000940402172
2057 0.12393317  0.0000134251086376
2058 0.12393474 -0.0000082139794180
2059 0.12395235  0.0041818460949263
206 0.09046947  0.0000011436089276
2060 0.12395235 -0.0041796510808188
2061 0.12395544 -0.0000208092954051
2062 0.12395777  0.0000000088609785
2063 0.12396218 -0.0000000038201284
2064 0.12396263 -0.0000001747178365
2065 0.12397086 -0.0135987439355223
2066 0.12397087  0.0135779628106568
2067 0.12397497  0.0000094235359885
2068 0.12398820 -0.0002266582335529
2069 0.12398821  0.0002121062190697
207 0.09052092  0.0001203265913798
2070 0.12399693 -0.0582676990531814
2071 0.12399693  0.0583074376715672
2072 0.12401949 -0.0000000024104826
2073 0.12403941 -0.0000300064148892
2074 0.12404701 -0.0000000492303283
2075 0.12404715  0.0000015248701632
2076 0.12404955  0.0004824608153595
2077 0.12404955 -0.0004772276631320
2078 0.12405156  0.0000500612122347
2079 0.12405824 -0.0554426272873574
208 0.09052094 -0.0001156188722760
2080 0.12405825  0.0554726635930451
2081 0.12405849  0.0000095479972455
2082 0.12407447  0.0026716255636987
2083 0.12407447 -0.0026687462460664
2084 0.12409815  0.0000068747549229
2085 0.12412105  0.0000240001936155
2086 0.12412474  0.0125521695644953
2087 0.12412474 -0.0125534430775257
2088 0.12412631 -0.0000000000756913
2089 0.12414007 -0.0000000031360269
209 0.09052323  0.0000064049298896
2090 0.12414140 -0.0000000007320300
2091 0.12415262  0.0006073404183106
2092 0.12415263 -0.0005993365261791
2093 0.12415570  0.0000001799541316
2094 0.12415596 -0.0000000173538819
2095 0.12415805  0.0458764023176301
2096 0.12415805 -0.0458946501483732
2097 0.12416927 -0.0000018790463662
2098 0.12417043  0.0202390353478444
2099 0.12417044 -0.0202259823589723
21 0.08022656  0.0412836535020362
210 0.09052555 -0.0250622347781805
2100 0.12417294  0.0000010873291221
2101 0.12418551 -0.0000000277653778
2102 0.12419571 -0.0000003006258093
2103 0.12419972  0.0001323552106642
2104 0.12419973 -0.0001252457710941
2105 0.12420757  0.1134900500926602
2106 0.12420757 -0.1135223551560362
2107 0.12421292  0.0000000408975180
2108 0.12422013  0.0000003149327453
2109 0.12422545  0.0000000003758511
211 0.09052555  0.0250715957795643
2110 0.12423198 -0.0007264077345541
2111 0.12423198  0.0007132144366272
2112 0.12423570 -0.0000000086904906
2113 0.12424444 -0.0020673099790155
2114 0.12424445  0.0020895968280156
2115 0.12424458 -0.0000027879416265
2116 0.12426531 -0.0000000007383736
2117 0.12426964  0.0000000000972173
2118 0.12427068 -0.0076090525643363
2119 0.12427068  0.0076660117410922
212 0.09053443  0.0000143838799292
2120 0.12427069 -0.0000561568850353
2121 0.12429685 -0.0000009493074908
2122 0.12430092 -0.0246299996030404
2123 0.12430093  0.0246612301653552
2124 0.12430297 -0.0000021022941636
2125 0.12430416  0.0255264148928071
2126 0.12430416 -0.0255704662209719
2127 0.12430950  0.0000000013398361
2128 0.12434750 -0.0000010691083107
2129 0.12436348  0.0000094690155777
213 0.09054373  0.0000000063258069
2130 0.12438574  0.0000000003798332
2131 0.12438916 -0.0000017156367906
2132 0.12441623  0.0003849490034896
2133 0.12441624 -0.0003830792269146
2134 0.12444546 -0.0000000002748779
2135 0.12445202  0.0000028032902462
2136 0.12446846  0.0000004683602956
2137 0.12449796  0.0005512063970734
2138 0.12449797 -0.0005539050796457
2139 0.12451465 -0.0036534543029805
214 0.09054776 -0.0000070912723803
2140 0.12451465  0.0036564504423217
2141 0.12452133 -0.0000000013007934
2142 0.12454052 -0.0000000074610252
2143 0.12454435 -0.0000026838522582
2144 0.12455738  0.0709526674123538
2145 0.12455739 -0.0709454859732481
2146 0.12457219 -0.0000001844056830
2147 0.12458053 -0.0000024549389413
2148 0.12458404  0.0112823635749208
2149 0.12458405 -0.0112709045087130
215 0.09057378  0.0000000353826076
2150 0.12458606 -0.0000000013640150
2151 0.12463052  0.0000293510134579
2152 0.12463053 -0.0000239679638752
2153 0.12466651 -0.0000015723549020
2154 0.12468379  0.0012955744521613
2155 0.12468379 -0.0012973276468522
2156 0.12469488 -0.0000000004393503
2157 0.12472561  0.0000255597042336
2158 0.12473745  0.0000000027306560
2159 0.12474366 -0.0000000009251079
216 0.09058501 -0.0179788328624176
2160 0.12474816 -0.0213571190738964
2161 0.12474817  0.0213460849124273
2162 0.12474977  0.0000053210324555
2163 0.12475320  0.0000000013850502
2164 0.12476814  0.0301351903784127
2165 0.12476814 -0.0301137101782297
2166 0.12478504  0.0000000010381025
2167 0.12479661 -0.0007080246361939
2168 0.12479662  0.0007210355100065
2169 0.12480162 -0.0000000007691119
217 0.09058502  0.0179357960287805
2170 0.12482480 -0.0000002033215389
2171 0.12483091 -0.0000662064133502
2172 0.12483091  0.0000636757599792
2173 0.12483675 -0.0000013089073688
2174 0.12489167  0.0003532560499691
2175 0.12489168 -0.0003501350284507
2176 0.12489438 -0.0000002316730676
2177 0.12490549 -0.0000435292255395
2178 0.12491400 -0.0000000037010785
2179 0.12492191  0.0000310919330416
218 0.09059144 -0.0000000671678007
2180 0.12493168 -0.0000000176296263
2181 0.12495362 -0.0000000004704674
2182 0.12496442 -0.0007382185403753
2183 0.12496443  0.0007337431736854
2184 0.12499634  0.0004826162478862
2185 0.12499634 -0.0004828658613124
2186 0.12500958  0.0000000002183088
2187 0.12501950 -0.0000000005419525
2188 0.12513465  0.0000041997858563
2189 0.12518154 -0.0000000018484976
219 0.09066549  0.0000000044443381
2190 0.12524123 -0.0000010202690360
2191 0.12526566 -0.0000003771035466
2192 0.12528803  0.0008299629198264
2193 0.12528804 -0.0008255413345213
2194 0.12534318  0.0000000281138878
2195 0.12534841  0.0000230105091296
2196 0.12535405  0.0010693104291035
2197 0.12535405 -0.0010702198533534
2198 0.12535611  0.0000000002509108
2199 0.12538068 -0.0000000018392411
22 0.08023264  0.0000006731884706
220 0.09076562  0.0000064452202365
2200 0.12541028 -0.0025070325941000
2201 0.12541029  0.0025004946698740
2202 0.12543130  0.0011285834624435
2203 0.12543133 -0.0011145674066141
2204 0.12544069 -0.0089008923530848
2205 0.12544072  0.0089218083853861
2206 0.12550092  0.0000191425057302
2207 0.12550563 -0.0063666719984920
2208 0.12550564  0.0063512747295074
2209 0.12552290 -0.0000381606898853
221 0.09078268  0.0011109513950552
2210 0.12553313  0.0000017699944124
2211 0.12555893 -0.0000000025179889
2212 0.12560743 -0.0209499917088217
2213 0.12560744  0.0209575720952945
2214 0.12567372  0.0000000010212962
2215 0.12567770 -0.0000000013791526
2216 0.12568112  0.0019869184687785
2217 0.12568113 -0.0019824484899183
2218 0.12574274  0.0000000006151403
2219 0.12576208 -0.0000019271752725
222 0.09078269 -0.0011046738510512
2220 0.12576528  0.0000000055052951
2221 0.12577773  0.0000016068892351
2222 0.12580247  0.0038007693596342
2223 0.12580249 -0.0038140582099508
2224 0.12591321 -0.0000010271070469
2225 0.12592444  0.0004900413465510
2226 0.12592444 -0.0004943503815659
2227 0.12594257  0.0325987355879303
2228 0.12594257 -0.0325929186969571
2229 0.12595562  0.0000313762560459
223 0.09079100  0.0000000028664525
2230 0.12596195 -0.0000315302844976
2231 0.12600770 -0.0000000025335444
2232 0.12601208 -0.0000000011868884
2233 0.12601671 -0.0020683641749289
2234 0.12601671  0.0020503585218694
2235 0.12602900 -0.0000000141508655
2236 0.12603070  0.0680804381993100
2237 0.12603070 -0.0680642893481345
2238 0.12604774  0.0000000019819482
2239 0.12605820 -0.0000208031933120
224 0.09084552  0.0000000003790796
2240 0.12608212  0.0008235184804175
2241 0.12608212 -0.0008232922141681
2242 0.12608617  0.0000154005272800
2243 0.12608726 -0.0000391936404311
2244 0.12611500 -0.0111918482820968
2245 0.12611500  0.0111968458376951
2246 0.12612821  0.0000055673921829
2247 0.12613211 -0.0000135612557396
2248 0.12616791  0.0000000003165123
2249 0.12617087  0.0000021833937431
225 0.09086152  0.0003270118511726
2250 0.12620167 -0.0000000000170014
2251 0.12621981 -0.0029607297324042
2252 0.12621982  0.0029532334247347
2253 0.12622068  0.0000001495427680
2254 0.12629388  0.0041131271570396
2255 0.12629388 -0.0041124039135942
2256 0.12629745 -0.0000017667722737
2257 0.12632244  0.0000000002873933
2258 0.12633651 -0.0099331458686010
2259 0.12633651  0.0099401384150138
226 0.09086152 -0.0003185898088404
2260 0.12634896  0.0000000022481148
2261 0.12636836  0.0000000016945656
2262 0.12636951 -0.0000002605933203
2263 0.12638333 -0.0050821357486813
2264 0.12638333  0.0050804384801368
2265 0.12641118  0.0010785669667811
2266 0.12641118 -0.0010774307642194
2267 0.12641229 -0.0000008809350685
2268 0.12644180 -0.0000039537425472
2269 0.12644514  0.0045754191581486
227 0.09086888 -0.0000000132153183
2270 0.12644514 -0.0045752452220128
2271 0.12647440  0.0000000001177864
2272 0.12648414  0.0000001506668582
2273 0.12651823  0.0000028846174805
2274 0.12656574  0.0000000002063826
2275 0.12657902 -0.0219418863286349
2276 0.12657902  0.0219424863741095
2277 0.12662639  0.0000035376445850
2278 0.12664106  0.0000000001025764
2279 0.12665531 -0.0000000003770029
228 0.09126464  0.0000024276516487
2280 0.12665856  0.0000338538363207
2281 0.12665857 -0.0000451560434873
2282 0.12666837 -0.0000056831692001
2283 0.12670000 -0.0000412861773135
2284 0.12670411  0.0000164296428440
2285 0.12671718 -0.0153115247054532
2286 0.12671719  0.0153139840987977
2287 0.12672446  0.0087201661450412
2288 0.12672447 -0.0087113897713645
2289 0.12672670  0.0000003267389820
229 0.09126916  0.0026003211261180
2290 0.12673370  0.0000000002508545
2291 0.12678597  0.0000003438672213
2292 0.12678603 -0.0001217040240565
2293 0.12678870 -0.0091632299338816
2294 0.12678870  0.0091626045579679
2295 0.12679057  0.0001122283616592
2296 0.12681055 -0.0008780747660237
2297 0.12681055  0.0008783931536822
2298 0.12682004 -0.0000050265889546
2299 0.12682656  0.0069257023845276
23 0.08031574  0.0000000110091730
230 0.09126916 -0.0026079055786863
2300 0.12682657 -0.0069612769446406
2301 0.12682784  0.0068550059171464
2302 0.12682784 -0.0068140065649690
2303 0.12683567  0.0000000005739972
2304 0.12683604 -0.0000000002577842
2305 0.12684233 -0.0000000007860995
2306 0.12685539 -0.0000546349135471
2307 0.12685541  0.0000538783777786
2308 0.12686553  0.0000000006461981
2309 0.12691975  0.0000024871333051
231 0.09132650 -0.0000000003400895
2310 0.12692506  0.0000043542580718
2311 0.12692832  0.0000011140045672
2312 0.12698199  0.0002101076533406
2313 0.12698201 -0.0001933661391594
2314 0.12702961  0.0000000094821577
2315 0.12703216 -0.0000000286985632
2316 0.12703744 -0.0172251418973451
2317 0.12703744  0.0171947824640469
2318 0.12706018  0.0000000029585382
2319 0.12708581  0.0003509609973625
232 0.09143411  0.0000017477749229
2320 0.12708585 -0.0003453264336561
2321 0.12709776 -0.0000000007997981
2322 0.12710845  0.0007675703157374
2323 0.12710846 -0.0007714877555013
2324 0.12711854 -0.0000000043832817
2325 0.12712562  0.0036333799604655
2326 0.12712563 -0.0036428880267256
2327 0.12712726 -0.0000237200668584
2328 0.12713315  0.0017248676530760
2329 0.12713315 -0.0017275285536566
233 0.09145938 -0.0094901320494450
2330 0.12713576 -0.0000000288342899
2331 0.12715115  0.0000085194212391
2332 0.12716698  0.0000000087835554
2333 0.12717280 -0.0000000227288016
2334 0.12717500 -0.0026631754893656
2335 0.12717501  0.0027047485931934
2336 0.12718576  0.0000036204985607
2337 0.12718851 -0.0000006945572976
2338 0.12719098 -0.0000000015534959
2339 0.12720963  0.0025629666751893
234 0.09145938  0.0094902249875816
2340 0.12720963 -0.0025704757737566
2341 0.12721305 -0.0005299583747538
2342 0.12721305  0.0005352071884118
2343 0.12721795  0.0000000023979883
2344 0.12722083 -0.0028065382759939
2345 0.12722083  0.0028083235878502
2346 0.12723575  0.0000023653810995
2347 0.12724117  0.0118475227983375
2348 0.12724118 -0.0118904737922896
2349 0.12724583  0.0000000099510599
235 0.09160935  0.0000000006886517
2350 0.12724943  0.0000048799611189
2351 0.12725495 -0.0000161634794915
2352 0.12725545  0.0072136723332370
2353 0.12725546 -0.0072116172085932
2354 0.12729080 -0.0000000012400793
2355 0.12734524  0.0007375920906502
2356 0.12734524 -0.0007376372333879
2357 0.12737799  0.0000000248050938
2358 0.12738921 -0.0000000005610260
2359 0.12740001  0.0049731251677817
236 0.09171517 -0.0086582979817311
2360 0.12740002 -0.0049873292020883
2361 0.12741021  0.0000000009235199
2362 0.12741228  0.0000044619509762
2363 0.12742423  0.0000068729593024
2364 0.12742618  0.0005641660901054
2365 0.12742618 -0.0005627304935794
2366 0.12743378  0.0000002064052220
2367 0.12745113  0.0000000003329704
2368 0.12746848 -0.0001542143304587
2369 0.12746849  0.0001584176782530
237 0.09171519  0.0086617737165649
2370 0.12747231  0.0000000990914053
2371 0.12749402  0.0002310215993969
2372 0.12749402 -0.0002310886553418
2373 0.12749656 -0.0000000036825574
2374 0.12753117  0.0000093055425591
2375 0.12753119 -0.0000094545595306
2376 0.12753449 -0.0000000009538214
2377 0.12756038  0.0000000009684867
2378 0.12756121 -0.0000000875924317
2379 0.12756369 -0.0000000000008886
238 0.09172956 -0.0000007311540724
2380 0.12757889  0.0000513289991504
2381 0.12757890 -0.0000513384204708
2382 0.12762562 -0.0000000006633887
2383 0.12762879 -0.0575581079980373
2384 0.12762880  0.0575684357564887
2385 0.12765067 -0.0000000001475381
2386 0.12765202  0.0000000004133634
2387 0.12765692  0.0020347264627651
2388 0.12765692 -0.0020343822021619
2389 0.12766184  0.0000010806811836
239 0.09173574 -0.0000000055695846
2390 0.12770814 -0.0000218917155855
2391 0.12773372  0.0000234799314605
2392 0.12773536  0.0000000034277626
2393 0.12774427 -0.0024016471536672
2394 0.12774428  0.0024014804714946
2395 0.12774475  0.0000126033924943
2396 0.12777260  0.0036052567982286
2397 0.12777260 -0.0036009978607996
2398 0.12781338  0.0382744406392472
2399 0.12781338 -0.0382853850925095
24 0.08043382  0.0000000144017357
240 0.09177387 -0.0000000015081434
2400 0.12782137  0.0000014211469138
2401 0.12783138  0.0000642591251403
2402 0.12784262 -0.0000836553657025
2403 0.12784717  0.0000000051745965
2404 0.12789112  0.0559022095369326
2405 0.12789113 -0.0557443790249444
2406 0.12789520 -0.0000051175271842
2407 0.12789699  0.0006312489715555
2408 0.12789700 -0.0007840236444549
2409 0.12789772 -0.0000000717766182
241 0.09178634  0.0084230356703995
2410 0.12792894 -0.0000000046254371
2411 0.12793687 -0.0012753022530306
2412 0.12793688  0.0012757033843040
2413 0.12797268 -0.0011583620884029
2414 0.12797268  0.0011611188831116
2415 0.12798150  0.0000000011331332
2416 0.12798448 -0.0000000044860617
2417 0.12798568  0.0000000275730807
2418 0.12800130  0.0003789305289265
2419 0.12800130 -0.0003801751082237
242 0.09178635 -0.0084473931557452
2420 0.12800475  0.0000000008564518
2421 0.12802106  0.0050631410891333
2422 0.12802106 -0.0050595458396470
2423 0.12802121  0.0000007577466464
2424 0.12803944  0.0000000423437668
2425 0.12804077 -0.0000000000140514
2426 0.12805574 -0.0000000006269971
2427 0.12806743 -0.0000222137675463
2428 0.12806796  0.0000259880554108
2429 0.12806826  0.0030546618695117
243 0.09181176 -0.0000054963922991
2430 0.12806827 -0.0030572212190489
2431 0.12807325 -0.0000000068624717
2432 0.12807476 -0.0000027041799421
2433 0.12807503  0.0006218580808542
2434 0.12807504 -0.0006212867508255
2435 0.12811171  0.0000000021302549
2436 0.12812312 -0.0000000009622002
2437 0.12812740 -0.0000006637990489
2438 0.12813589 -0.0000015415596685
2439 0.12814085 -0.0002439392018965
244 0.09184883 -0.0000000056380841
2440 0.12814085  0.0002453335015057
2441 0.12814154  0.0000000013269171
2442 0.12814211  0.0000001530199648
2443 0.12814929  0.0000843903386922
2444 0.12814931 -0.0000839178948400
2445 0.12815521  0.0000004219487875
2446 0.12821165  0.0000000028298398
2447 0.12823323  0.0000000009202466
2448 0.12824180  0.0000033394178050
2449 0.12824770  0.0000510243595268
245 0.09192362  0.0126773015247347
2450 0.12824770 -0.0000512367234594
2451 0.12824782  0.0000075172110009
2452 0.12826972 -0.0000000596640977
2453 0.12827362  0.0047917911478764
2454 0.12827363 -0.0047831410515032
2455 0.12827484  0.0000000001459708
2456 0.12829734 -0.0002381849239685
2457 0.12829735  0.0002372565273264
2458 0.12831692  0.0000000059455787
2459 0.12832720 -0.0000011806372241
246 0.09192362 -0.0126758888504629
2460 0.12834031  0.0053031442696172
2461 0.12834032 -0.0053027740266309
2462 0.12838001 -0.0000000010103514
2463 0.12838503 -0.0039945337149752
2464 0.12838503  0.0039906818782014
2465 0.12839528  0.0000000059124566
2466 0.12842071  0.0000000003316073
2467 0.12843073 -0.0000000000984890
2468 0.12844753 -0.0000070002065640
2469 0.12845826 -0.0000000000400079
247 0.09192757 -0.0000006559801193
2470 0.12847908  0.0000104004758006
2471 0.12848287  0.0017327954691991
2472 0.12848288 -0.0017410616432437
2473 0.12849254 -0.0018963786400553
2474 0.12849255  0.0018957686842289
2475 0.12852919  0.0016842446919162
2476 0.12852919 -0.0016792383295765
2477 0.12858514 -0.0000000007574166
2478 0.12863610 -0.0000001477880640
2479 0.12863626 -0.0000000011833897
248 0.09202161 -0.0000953163272385
2480 0.12867778 -0.0000110852502543
2481 0.12868028  0.0000038509126282
2482 0.12873413 -0.0110003201002701
2483 0.12873413  0.0109953786174723
2484 0.12876495  0.0000010411587173
2485 0.12880013 -0.0000028508029142
2486 0.12882879  0.0005554589409722
2487 0.12882880 -0.0005541313629599
2488 0.12883073  0.0007201787989663
2489 0.12883073 -0.0007190269791682
249 0.09202164  0.0000995560399096
2490 0.12883467  0.0000000000499547
2491 0.12886605 -0.0000000002462159
2492 0.12894466 -0.0123297101356541
2493 0.12894466  0.0123338032950902
2494 0.12895980 -0.0000096738265263
2495 0.12897421  0.0000006139064416
2496 0.12898778 -0.0000000000834260
2497 0.12901609 -0.0000000000043261
2498 0.12902951  0.0014864360534045
2499 0.12902951 -0.0014803045416087
25 0.08044464  0.0000000002804440
250 0.09211801  0.0020545156562259
251 0.09211802 -0.0020467825380528
252 0.09214991 -0.0000001034804992
253 0.09216329 -0.0000000003079092
254 0.09224427  0.0011880795778635
255 0.09224429 -0.0012706014030346
256 0.09233299  0.0000000581924854
257 0.09237191  0.0134799525877106
258 0.09237193 -0.0135119684566932
259 0.09237272  0.0000004322170583
26 0.08045226 -0.0001164433756393
260 0.09237277  0.0000007026465253
261 0.09245725 -0.0000001870076396
262 0.09246481 -0.0442888651989480
263 0.09246485  0.0442972716102102
264 0.09256910  0.0000000005956641
265 0.09258469 -0.0000002113467582
266 0.09263786 -0.0000000279966732
267 0.09264081 -0.0024520696171996
268 0.09264081  0.0024380895351677
269 0.09265580 -0.0000098904645726
27 0.08045227  0.0001304328519384
270 0.09265929 -0.0002528034307851
271 0.09265929  0.0002540340344560
272 0.09266717  0.0000000001996384
273 0.09270170  0.0000048558089261
274 0.09270404 -0.0000023985517836
275 0.09270714 -0.0180604792860744
276 0.09270715  0.0180540305538035
277 0.09271443 -0.0000000001901611
278 0.09271893 -0.0000010990911784
279 0.09275916  0.0000000002425170
28 0.08079194  0.0976166594950249
280 0.09277535 -0.0009279034277745
281 0.09277535  0.0009272878415139
282 0.09280445  0.0000000005742965
283 0.09288625  0.0022479293766827
284 0.09288626 -0.0022274741205956
285 0.09293677 -0.0000000016562826
286 0.09299361 -0.0000020011935716
287 0.09301657  0.0000017350263062
288 0.09338404 -0.0000000000669294
289 0.09342295  0.0000000004653192
29 0.08079195 -0.0976027706609925
290 0.09344711  0.0016670611859793
291 0.09344711 -0.0016685724257376
292 0.09355469 -0.0116861651529637
293 0.09355469  0.0116891717730654
294 0.09355675  0.0000009504501352
295 0.09357092  0.0000005280644502
296 0.09377501 -0.0084963859015521
297 0.09377502  0.0084985944699906
298 0.09391031 -0.0071093080073547
299 0.09391031  0.0071063755822133
3 0.07895544 -0.0000000014366617
30 0.08085624  0.0000004352970400
300 0.09411767 -0.0000157878239823
301 0.09414519  0.0014207819934551
302 0.09414519 -0.0014373551220126
303 0.09419759  0.0000000020558366
304 0.09451968 -0.0179766549553040
305 0.09451968  0.0179597830092877
306 0.09452337  0.0000001663676148
307 0.09455003 -0.0000000000252619
308 0.09490517 -0.0263202685884630
309 0.09490517  0.0263067068024173
31 0.08085708 -0.0000000110405246
310 0.09499807 -0.0000000020317067
311 0.09500139  0.0000000017717701
312 0.09506184  0.0001297841516385
313 0.09515088 -0.1619119035449946
314 0.09515088  0.1618301781965293
315 0.09516020  0.0000054378909793
316 0.09529626  0.0000000008870493
317 0.09533071 -0.0000076407312889
318 0.09533559 -0.0137931858520302
319 0.09533560  0.0137640664572232
32 0.08099008 -0.0000000133390498
320 0.09544545 -0.0049886189630455
321 0.09544545  0.0049779475942024
322 0.09547053  0.0000019555868369
323 0.09548024  0.0000000014066471
324 0.09550130  0.0000001802688721
325 0.09550139  0.0011993049042248
326 0.09550139 -0.0012001148930811
327 0.09556203  0.0000011224055557
328 0.09557565  0.0000009098588669
329 0.09558944 -0.0000000114399428
33 0.08100175  0.0000006350900531
330 0.09559385  0.0003031270979392
331 0.09559386 -0.0003013470459674
332 0.09562097 -0.0000000007129958
333 0.09564625 -0.0024582571291304
334 0.09564625  0.0024614159573935
335 0.09565281 -0.0000000901742575
336 0.09578549  0.0000001015552791
337 0.09578905 -0.0002998792157927
338 0.09578905  0.0003014926505244
339 0.09578915 -0.0000000044073162
34 0.08101682 -0.0140713057497281
340 0.09587024  0.0000000063587886
341 0.09590227 -0.0000021392620178
342 0.09590399 -0.0035162901750738
343 0.09590399  0.0035135170938873
344 0.09594732 -0.0000000012862900
345 0.09594858 -0.0000008429582091
346 0.09594867  0.0000036151210791
347 0.09595541 -0.0095485643123615
348 0.09595543  0.0095566119669764
349 0.09597181  0.0000007280052352
35 0.08101685  0.0140958284112459
350 0.09598276 -0.0075275328925149
351 0.09598277  0.0075652725664864
352 0.09602007 -0.0000020014789874
353 0.09603085  0.0003203672521458
354 0.09603085 -0.0003181220606808
355 0.09604176  0.0000000045779827
356 0.09604713  0.0000120524428813
357 0.09607898 -0.0000000009448789
358 0.09608949 -0.0020234626048282
359 0.09608951  0.0020385590985858
36 0.08109077 -0.0175312258164703
360 0.09619486 -0.0000000547232183
361 0.09619811  0.0947982290215654
362 0.09619812 -0.0948396463001390
363 0.09622781 -0.0000000040115260
364 0.09632505  0.0093086754457954
365 0.09632505 -0.0092761289924117
366 0.09632773  0.0000019035598034
367 0.09633617 -0.0000000013590712
368 0.09637548 -0.0000000000771996
369 0.09640262  0.0000113173254023
37 0.08109078  0.0175672428889580
370 0.09644470  0.0014955485227236
371 0.09644470 -0.0015088701693454
372 0.09648533  0.0055971385763361
373 0.09648534 -0.0055959929446762
374 0.09650602 -0.0000025320019363
375 0.09650677 -0.0000000000483725
376 0.09653170  0.0000051353029711
377 0.09658978  0.0000000017049930
378 0.09662299  0.0005705672465843
379 0.09662299 -0.0005697104748535
38 0.08123483 -0.0000020950260677
380 0.09667530  0.0000041094268707
381 0.09668098  0.0000000003966297
382 0.09670913  0.0000006901291125
383 0.09675863 -0.0000000000483783
384 0.09678570  0.0000000002969803
385 0.09680516  0.0004181323891989
386 0.09680517 -0.0004171446281696
387 0.09684523 -0.0000000002152984
388 0.09690717 -0.0006436819751661
389 0.09690717  0.0006448993152023
39 0.08123830 -0.0000040356904617
390 0.09693467 -0.0000038073597081
391 0.09695107  0.0115829377251488
392 0.09695107 -0.0115796641306962
393 0.09695406  0.0000000053525992
394 0.09695509  0.0000110782084146
395 0.09703605 -0.0232362458455353
396 0.09703606  0.0232301222664318
397 0.09704346  0.0000003628031244
398 0.09707713  0.0000016851795896
399 0.09717811  0.0000000010924917
4 0.07913154 -0.0000049319882345
40 0.08128071  0.0000000039743747
400 0.09834094  0.0001075138847919
401 0.09844043 -0.2695173344699311
402 0.09844043  0.2696546959416176
403 0.09846721 -0.0000317645562214
404 0.09882889 -0.0000000382712015
405 0.09883109 -0.0000204501243527
406 0.09885444  0.0795222016940181
407 0.09885445 -0.0795044093236618
408 0.09905211  0.0361421074444791
409 0.09905212 -0.0361752158562305
41 0.08130982 -0.0068949699721393
410 0.09910280  0.0000016542802313
411 0.09910989  0.0000000006003623
412 0.09915913 -0.0000000040000306
413 0.09916292 -0.0000210267138528
414 0.09917174 -0.0005364910055914
415 0.09917175  0.0005362564316745
416 0.09918777  0.0000000035222217
417 0.09919126  0.0063977784746440
418 0.09919128 -0.0063831285437578
419 0.09923300 -0.0000000006633645
42 0.08130983  0.0068223307211698
420 0.09938261  0.0000000008125863
421 0.09938500  0.0001281457510083
422 0.09938501 -0.0001286946505946
423 0.09940338 -0.0000189078516352
424 0.09941393 -0.0000000012280988
425 0.09942546 -0.0000999303303748
426 0.09942547  0.0000990895147691
427 0.09944179 -0.0000002656520575
428 0.09977804 -0.0000061022603858
429 0.09978384 -0.0000000006695821
43 0.08131534  0.0000000038287806
430 0.09978724  0.0057013970951514
431 0.09978724 -0.0056968607683890
432 0.09995095  0.0000054479374932
433 0.09998088 -0.0729649963402993
434 0.09998089  0.0729765876557535
435 0.09998520  0.0000004203883550
436 0.10001445 -0.0000000009517108
437 0.10002685  0.0000000000900932
438 0.10003472 -0.0000000001334594
439 0.10007028  0.0349240701646562
44 0.08141583  0.0000000005910350
440 0.10007028 -0.0349278618172517
441 0.10015982 -0.0016288030777011
442 0.10015982  0.0016269913177883
443 0.10021148 -0.0000000004420627
444 0.10026172  0.0000000001976799
445 0.10026601 -0.0000000704262830
446 0.10029364 -0.0196671971126814
447 0.10029365  0.0196650875958767
448 0.10030866 -0.0000000008422981
449 0.10032720 -0.0000000326908732
45 0.08153254  0.0125265222845739
450 0.10033457  0.0997737910292842
451 0.10033459 -0.0997326851530841
452 0.10038025  0.0000046422377987
453 0.10043033 -0.0276475932790784
454 0.10043036  0.0276458862252041
455 0.10047503  0.0000000010218727
456 0.10049343 -0.0000034200092939
457 0.10051510  0.0000039194118225
458 0.10052357 -0.0223354888622743
459 0.10052358  0.0223200129576559
46 0.08153255 -0.0124628856412780
460 0.10055585 -0.0000000168156749
461 0.10056160 -0.0000000037316993
462 0.10059784 -0.0000313552788667
463 0.10059998  0.0000000164468699
464 0.10060845  0.0377900509198145
465 0.10060846 -0.0378239972507121
466 0.10063437  0.0000003402438356
467 0.10064648 -0.0013442572877736
468 0.10064648  0.0013507201828601
469 0.10064669 -0.0000000824599812
47 0.08162605  0.0000040320487096
470 0.10072460  0.0000053695312639
471 0.10078731  0.0000124133292688
472 0.10081543  0.0000019780703775
473 0.10085142 -0.1161851035357363
474 0.10085142  0.1161960975615722
475 0.10087466 -0.0000192345731054
476 0.10088681  0.0097002482534857
477 0.10088683 -0.0097013671791613
478 0.10090163  0.0000000131075507
479 0.10092459 -0.0256598786264957
48 0.08200048  0.0130217145649107
480 0.10092459  0.0256595923294366
481 0.10095045  0.0000000176069661
482 0.10099326  0.0269478088914913
483 0.10099327 -0.0269103563234148
484 0.10100404 -0.0000000176219873
485 0.10101312 -0.0000107216571331
486 0.10103888 -0.0000005481078656
487 0.10104759  0.0029061286072245
488 0.10104759 -0.0029000481051207
489 0.10104963 -0.0000000027591574
49 0.08200049 -0.0130214588216458
490 0.10105670  0.0000000007321366
491 0.10107392 -0.0025157470839416
492 0.10107392  0.0025193078374971
493 0.10107559  0.0000000067131289
494 0.10108049 -0.0000010083763523
495 0.10115709 -0.0000000215489111
496 0.10115976  0.0000139217650516
497 0.10116170  0.0207901179473514
498 0.10116171 -0.0207271005264591
499 0.10116717 -0.0000510644946605
5 0.07920354  0.0614197372993632
50 0.08302905  0.0000399906360736
500 0.10116717  0.0000084855181292
501 0.10118613 -0.0000000178477520
502 0.10120349 -0.0198521436298035
503 0.10120349  0.0198548526726979
504 0.10120442 -0.0000013536856519
505 0.10121011  0.0000321212918550
506 0.10121898 -0.0000336055126839
507 0.10122814  0.0000182665968876
508 0.10124288  0.0192190447759671
509 0.10124290 -0.0191878679684857
51 0.08310831  0.0526366992230442
510 0.10131633  0.0081311093556007
511 0.10131633 -0.0081262016973018
512 0.10136092  0.0000001795634186
513 0.10137793 -0.0000023839074068
514 0.10138713 -0.0000000116234773
515 0.10139648 -0.0000000000989009
516 0.10141541  0.0016624846829135
517 0.10141542 -0.0016610635613965
518 0.10141708 -0.0000000165917670
519 0.10143217  0.0000005311455197
52 0.08310831 -0.0526870838160482
520 0.10143331  0.1172996364292716
521 0.10143331 -0.1173072153301317
522 0.10146083 -0.0132901141613873
523 0.10146084  0.0132565127114905
524 0.10151252 -0.0000000068202722
525 0.10153486 -0.0012063533226423
526 0.10153487  0.0011844395707625
527 0.10154126  0.0000026328018102
528 0.10155666  0.0349610365584726
529 0.10155668 -0.0349717092345113
53 0.08323179 -0.0000000003379317
530 0.10156896 -0.0000009503252591
531 0.10157863  0.0000000026525391
532 0.10158913 -0.0060742548858717
533 0.10158914  0.0060116989180764
534 0.10163689  0.0000057921034763
535 0.10165673 -0.0000000103366791
536 0.10169126  0.0000084622692802
537 0.10172509  0.0000000067260288
538 0.10173709 -0.0007379451087903
539 0.10173711  0.0007331078684934
54 0.08344243  0.0000072576940806
540 0.10177009 -0.0000000097527895
541 0.10177368  0.0000016240588984
542 0.10177440  0.0464986195584397
543 0.10177441 -0.0465238421130947
544 0.10178233 -0.0004560704356628
545 0.10178234  0.0004541748782333
546 0.10179449 -0.0000007378404664
547 0.10182240 -0.0000000108428746
548 0.10184867  0.0083004740362999
549 0.10184867 -0.0082943999029151
55 0.08346523  0.0000841799165538
550 0.10187963  0.0000000015305055
551 0.10189877  0.0000018667974428
552 0.10190546  0.0000029258813060
553 0.10195656 -0.0631176647603991
554 0.10195656  0.0631309212886559
555 0.10197336  0.0000000072381620
556 0.10199672 -0.0691351987091963
557 0.10199672  0.0691346568836702
558 0.10201208 -0.0000005873298628
559 0.10204794  0.0000000001408472
56 0.08348271 -0.0442022719529902
560 0.10206558 -0.0000000012336219
561 0.10210744 -0.0125913831803706
562 0.10210745  0.0125923755688892
563 0.10215340  0.0000148666125622
564 0.10216303  0.0000232384128659
565 0.10217046 -0.0000000215555338
566 0.10221304  0.0000097128373615
567 0.10224391 -0.0010749390421940
568 0.10224391  0.0010531706064852
569 0.10225267 -0.0000000005941333
57 0.08348272  0.0441753696440225
570 0.10225951 -0.0000010400118952
571 0.10226205  0.0077404892502348
572 0.10226205 -0.0077123080744764
573 0.10229371  0.0000000008790448
574 0.10237573  0.0000000030597216
575 0.10238186 -0.0173293317876022
576 0.10238188  0.0173409877161173
577 0.10238566  0.0000002577163708
578 0.10244965 -0.0038129284463738
579 0.10244965  0.0038011337386443
58 0.08380358  0.0000000002546415
580 0.10245157  0.0000000009079994
581 0.10247620  0.0481832978203890
582 0.10247620 -0.0481860053096814
583 0.10253234  0.0000255040386321
584 0.10256780  0.0000000087663143
585 0.10257856  0.0000000003201107
586 0.10259789 -0.0000027063676524
587 0.10261104 -0.0000000026095328
588 0.10262516  0.0166838009474096
589 0.10262517 -0.0166765899029490
59 0.08384435  0.0099186202150674
590 0.10263071  0.0000000054344251
591 0.10264485  0.0000029634280598
592 0.10266015 -0.0012841879216730
593 0.10266016  0.0012774561094615
594 0.10268289 -0.0000010530241223
595 0.10270295 -0.0000000049595781
596 0.10270466  0.0000011525040066
597 0.10271017 -0.0265258775121132
598 0.10271017  0.0265048343909436
599 0.10276778 -0.0000000237044190
6 0.07920354 -0.0614902398485010
60 0.08384438 -0.0098999438023090
600 0.10277689 -0.0004874634609135
601 0.10277689  0.0004866843235433
602 0.10277867 -0.0000007372056075
603 0.10294715 -0.0181411711828178
604 0.10294716  0.0181570733216213
605 0.10299267  0.0000000002236543
606 0.10299866  0.0000000008295184
607 0.10305223 -0.0512668691915056
608 0.10305223  0.0512396483674822
609 0.10305811  0.0000000008269913
61 0.08397029 -0.0000884658973082
610 0.10325424  0.0236235701299410
611 0.10325425 -0.0236304237030210
612 0.10325647  0.0001117763366446
613 0.10332541 -0.0000029368228479
614 0.10337678  0.0000000002452528
615 0.10341765  0.0092896427587572
616 0.10341765 -0.0093018325043381
617 0.10345671  0.0002168647393478
618 0.10345672 -0.0002183683652480
619 0.10345714 -0.0000000083681746
62 0.08399832  0.0000000162964806
620 0.10347759  0.0000000000481782
621 0.10350889 -0.0014579079928068
622 0.10350889  0.0014710219737455
623 0.10354459  0.0000000011151154
624 0.10355358  0.0048793456754665
625 0.10355359 -0.0049437047482753
626 0.10355644  0.0000261488490198
627 0.10357568 -0.0000000042044864
628 0.10357769  0.0000409553622169
629 0.10358226  0.0511850262393510
63 0.08402279  0.0215090568871635
630 0.10358228 -0.0510634493203310
631 0.10358374 -0.0000000163768881
632 0.10362511  0.0116219848775437
633 0.10362512 -0.0116100924736021
634 0.10365076 -0.0000004706041601
635 0.10365178  0.0000000037615661
636 0.10366682  0.0000318887829049
637 0.10366802  0.0015339854258439
638 0.10366803 -0.0015724972592377
639 0.10367838 -0.0000000031782528
64 0.08402280 -0.0215300901795619
640 0.10384579  0.0000000015776446
641 0.10387523 -0.0056391752066333
642 0.10387523  0.0056272691315021
643 0.10390308  0.0000005410734201
644 0.10391231  0.0061279451581064
645 0.10391232 -0.0061042644361154
646 0.10391745  0.0000000001665582
647 0.10392524 -0.0000000005080409
648 0.10394519 -0.0000000078400759
649 0.10394801 -0.0108823781333967
65 0.08404492  0.0000002831150982
650 0.10394801  0.0108818549968124
651 0.10395340 -0.0000062905210903
652 0.10397195  0.0002420853434040
653 0.10397217 -0.0148852558828823
654 0.10397218  0.0148153601750787
655 0.10407184  0.0000000019543093
656 0.10411685 -0.0000331698816958
657 0.10411687  0.0000281482129010
658 0.10412266 -0.0000374157398662
659 0.10412671  0.0000560603835466
66 0.08408257  0.0000147764995628
660 0.10416072  0.0000000005187973
661 0.10417172  0.0016578340689895
662 0.10417173 -0.0016624646823846
663 0.10418619 -0.0000000004041347
664 0.10420225  0.0000021893623462
665 0.10420957  0.0000005752062964
666 0.10421494  0.0044879404775698
667 0.10421495 -0.0044909151357832
668 0.10423813  0.0000177186106405
669 0.10423815 -0.0000318943796933
67 0.08409492  0.0042023182375213
670 0.10424286  0.0000000006602926
671 0.10426813 -0.0000435836584861
672 0.10431157 -0.0203865112824216
673 0.10431158  0.0203809558777785
674 0.10433711  0.0000000003898809
675 0.10436624 -0.0000031829696695
676 0.10441782 -0.0018636265885350
677 0.10441782  0.0018499758032568
678 0.10442603 -0.0000000024432177
679 0.10443381 -0.0000000134866569
68 0.08409492 -0.0041986931297453
680 0.10443711  0.0078249105449266
681 0.10443711 -0.0078302438588294
682 0.10448218  0.0000000049535401
683 0.10453699  0.0000831013390931
684 0.10454335  0.0000214633720709
685 0.10454826  0.0005672565947372
686 0.10454826 -0.0005662163245438
687 0.10454851 -0.0000003807118312
688 0.10455683 -0.0000000072858985
689 0.10456251  0.0094899296381953
69 0.08412888 -0.0000000012354408
690 0.10456252 -0.0094763615283104
691 0.10458732  0.0000420070381206
692 0.10459079 -0.0025314456460700
693 0.10459080  0.0025710486335274
694 0.10459192  0.0000039647265636
695 0.10459308 -0.0000000065626973
696 0.10461875 -0.0000000021207480
697 0.10462225 -0.0015755959974156
698 0.10462226  0.0015821844011297
699 0.10465505  0.0000003826462898
7 0.07931060 -0.0000015573676317
70 0.08413249 -0.0000001548196231
700 0.10468083  0.0000017960920613
701 0.10468174 -0.0006888052561350
702 0.10468175  0.0006843376555045
703 0.10471757  0.0000000027827605
704 0.10472999  0.0000073360115508
705 0.10473181  0.0006217428923047
706 0.10473181 -0.0006116459256252
707 0.10475711  0.0025587715498123
708 0.10475712 -0.0025572591034629
709 0.10476734 -0.0000000056045262
71 0.08416939  0.0150925019091643
710 0.10478836  0.0000000572059255
711 0.10481699  0.0004132845012512
712 0.10481700 -0.0004135670972203
713 0.10483194  0.0000000091724607
714 0.10484213  0.0063916090324708
715 0.10484213 -0.0064349255148208
716 0.10486548 -0.0000109303791799
717 0.10486630  0.0000483415105608
718 0.10486885 -0.0103646420027714
719 0.10486885  0.0103408323743524
72 0.08416940 -0.0150945498200698
720 0.10488178 -0.0000003709524743
721 0.10489457  0.0000000000942962
722 0.10493164 -0.0000002442977359
723 0.10501169 -0.0003840627702938
724 0.10501169  0.0003860143432358
725 0.10504676 -0.0000000124699268
726 0.10505364  0.0853741837627684
727 0.10505364 -0.0853949149035616
728 0.10508993 -0.0000008848297152
729 0.10512296  0.0000028194467632
73 0.08419972  0.0000000001229561
730 0.10512714  0.0155344934877701
731 0.10512714 -0.0155316189584082
732 0.10513512  0.0000000012158145
733 0.10515122 -0.0000013904852756
734 0.10517183 -0.0676697918726571
735 0.10517183  0.0676759867246441
736 0.10519420 -0.0000000005127085
737 0.10524306  0.0000000000930862
738 0.10529047  0.0091460536834152
739 0.10529049 -0.0091712542561766
74 0.08433875  0.0000000000528236
740 0.10531013  0.0000000203330560
741 0.10535946 -0.0000000020793028
742 0.10538638 -0.0022026583034263
743 0.10538640  0.0022250253424289
744 0.10538815 -0.0000184259206659
745 0.10542202  0.0000019282230001
746 0.10549972 -0.0006928443362374
747 0.10549975  0.0006762960103805
748 0.10556354  0.0000000079482589
749 0.10559173  0.0000109163612180
75 0.08435675  0.0000193660648934
750 0.10560431  0.0000010084470712
751 0.10562039 -0.0009824791188112
752 0.10562039  0.0009856204883804
753 0.10563076  0.0000000085258535
754 0.10566575  0.0000084635482291
755 0.10566575 -0.0000048453080677
756 0.10567112 -0.0000001831239014
757 0.10570835 -0.0000000009122015
758 0.10576792 -0.0000002823347186
759 0.10576934  0.0002311783337206
76 0.08435676 -0.0000191704727805
760 0.10576935 -0.0002365407141899
761 0.10577677  0.0000029567182776
762 0.10580753  0.0000686053931500
763 0.10580754 -0.0000689719604054
764 0.10581531 -0.0000000011574331
765 0.10589629  0.0000060057091544
766 0.10589745  0.0000007872280302
767 0.10592904  0.0000000002736039
768 0.10593293 -0.0000000006958078
769 0.10595324  0.0000532350034982
77 0.08438518  0.0000000089869970
770 0.10595325 -0.0000548277274722
771 0.10605085  0.0001347606085108
772 0.10605085 -0.0001462764039508
773 0.10605903  0.0000000020219841
774 0.10606034 -0.0000002056802198
775 0.10609018  0.0000000033299381
776 0.10629408  0.0000057468459170
777 0.10629408 -0.0000055398555061
778 0.10631078 -0.0008392075964462
779 0.10631078  0.0008384615241606
78 0.08443646  0.0000036469792634
780 0.10632272  0.0000000026414494
781 0.10635214  0.0000000840612767
782 0.10637307 -0.0010164980974810
783 0.10637308  0.0010172776681012
784 0.10647186 -0.0000036362109788
785 0.10653138 -0.0000000107658526
786 0.10653923 -0.0011387422619784
787 0.10653924  0.0011363964160544
788 0.10669997  0.0000056811820858
789 0.10671596  0.0000009895069510
79 0.08445882 -0.0012111474564701
790 0.10672925  0.0000000005088772
791 0.10677943 -0.0000002963187840
792 0.10678007  0.0126105260264730
793 0.10678007 -0.0125991149210547
794 0.10686092  0.0031156226989681
795 0.10686092 -0.0031169288016502
796 0.10693926 -0.0000000146729489
797 0.10693961 -0.0000830657996785
798 0.10697542 -0.0051925281301204
799 0.10697542  0.0051903151539994
8 0.07940076 -0.0000000000620284
80 0.08445883  0.0012109445323130
800 0.10701358 -0.0000297183192185
801 0.10711395  0.0000000008738011
802 0.10720133  0.0000001837327467
803 0.10720753 -0.0000000000463279
804 0.10722888 -0.0147144083958496
805 0.10722889  0.0147125108214873
806 0.10725636 -0.0000000001778204
807 0.10727260  0.0000000556582793
808 0.10746108 -0.0027490489403181
809 0.10746109  0.0027524607337276
81 0.08446363  0.0000000002030079
810 0.10748527 -0.0000013039810391
811 0.10749658  0.0000000005317368
812 0.10770682 -0.0001881153779920
813 0.10777452 -0.0000008945450803
814 0.10782981 -0.2592197232053360
815 0.10782981  0.2591644012223305
816 0.10785861 -0.0345296819031627
817 0.10785861  0.0344961974088169
818 0.10786876 -0.0000138708198138
819 0.10789597  0.0000000016862059
82 0.08475525  0.0000000007924363
820 0.10794945 -0.0001048316386597
821 0.10795642 -0.5910023850521442
822 0.10795642  0.5910281071487153
823 0.10805092  0.0000000003925703
824 0.10805886 -0.0000195336856018
825 0.10814572  0.0000000002599481
826 0.10815599  0.0540143072205352
827 0.10815599 -0.0540094901588456
828 0.10816119  0.0000000051008760
829 0.10817354 -0.0000020441680083
83 0.08483469  0.0407251473439517
830 0.10822466 -0.0100704561259819
831 0.10822466  0.0100293568173772
832 0.10829621 -0.0144920047809344
833 0.10829621  0.0145061597958752
834 0.10830119  0.0000016219526742
835 0.10832212  0.0000085766196554
836 0.10834548  0.0000000053405289
837 0.10835422  0.0000093326505730
838 0.10836380  0.0110772293396666
839 0.10836381 -0.0110647030295956
84 0.08483469 -0.0407296367832110
840 0.10837570 -0.0000000011032321
841 0.10839398 -0.0640507678020587
842 0.10839398  0.0640819640501038
843 0.10840710 -0.0000000507962465
844 0.10840949  0.0000960087917748
845 0.10840950 -0.0000655356634752
846 0.10842105  0.0000141168157000
847 0.10843849 -0.0000000006966820
848 0.10844777  0.0000042237492189
849 0.10846007 -0.0115658978779790
85 0.08485837  0.0000000008925353
850 0.10846008  0.0115478441124196
851 0.10848427 -0.0000033551843308
852 0.10848728 -0.0572754417527598
853 0.10848729  0.0572736875495299
854 0.10852200  0.0000000110272171
855 0.10853828 -0.0000000043911499
856 0.10853842 -0.0000003721895637
857 0.10853964 -0.0000604029543456
858 0.10853964  0.0000571647849366
859 0.10855061 -0.0000007713763814
86 0.08490289 -0.0000001247392110
860 0.10855671 -0.0033657494196978
861 0.10855672  0.0033696311804905
862 0.10856497  0.0024027550486546
863 0.10856497 -0.0024556005572150
864 0.10857740 -0.0000000175629368
865 0.10858072 -0.0000058696679614
866 0.10858894  0.0000000035201146
867 0.10859188  0.0059568622593059
868 0.10859189 -0.0059803417765776
869 0.10859738 -0.0000000453793252
87 0.08493804 -0.0000000015847073
870 0.10860555 -0.0000055432003170
871 0.10863774  0.0009003415952959
872 0.10863774 -0.0009127951709776
873 0.10863820  0.0000165007181240
874 0.10864249 -0.0000000110583634
875 0.10866497 -0.0000009645905976
876 0.10868023 -0.0000000177712780
877 0.10868747 -0.0000000005530208
878 0.10869170 -0.0329056041901202
879 0.10869171  0.0329459672126947
88 0.08497447 -0.1016384674803073
880 0.10871309  0.0000009093158946
881 0.10873661 -0.0007370785013659
882 0.10873662  0.0007190923779650
883 0.10875119  0.0000009616526229
884 0.10876863 -0.0039501362463697
885 0.10876864  0.0039715524640066
886 0.10878241 -0.0000448279324666
887 0.10878256  0.0000006364471958
888 0.10879075  0.0000000478763225
889 0.10879680 -0.0000656527971517
89 0.08497449  0.1016295677066398
890 0.10879911 -0.0007090845098598
891 0.10879911  0.0006798632660048
892 0.10882740 -0.0000099004341468
893 0.10883525 -0.0123235664729606
894 0.10883526  0.0123325123228936
895 0.10884237  0.0000000011154545
896 0.10884621 -0.0000008454713788
897 0.10887397  0.0000000009058049
898 0.10887462 -0.0000000009669677
899 0.10889523 -0.0031482743475035
9 0.07956305  0.0307625433649514
90 0.08503312 -0.0000000017149816
900 0.10889524  0.0031581716773163
901 0.10891915  0.0018975510460690
902 0.10891915 -0.0017624462336435
903 0.10892337 -0.0000033615866829
904 0.10892422  0.0000007855451602
905 0.10892951 -0.0632130025725117
906 0.10892953  0.0631394313580186
907 0.10895933 -0.0000000041192946
908 0.10897149  0.0000000210434420
909 0.10897544 -0.0000000156027073
91 0.08509837  0.0086778585243020
910 0.10898840 -0.0649482327229377
911 0.10898842  0.0648196583867183
912 0.10899652  0.0000306763150617
913 0.10900610  0.0012292946071640
914 0.10900611 -0.0012271855619784
915 0.10900863  0.0000003648896445
916 0.10901152 -0.0000221309437657
917 0.10901967  0.0000000076906021
918 0.10904615 -0.0213878067765803
919 0.10904616  0.0213674793051823
92 0.08509840 -0.0086573672376204
920 0.10906909 -0.0000504003954950
921 0.10907368  0.0000039818693082
922 0.10908636  0.0025125646306404
923 0.10908636 -0.0024924939817437
924 0.10908718 -0.0000125892715145
925 0.10909077  0.0000143959301086
926 0.10910500 -0.0000003627598959
927 0.10910532  0.0019929776755750
928 0.10910532 -0.0019843667745803
929 0.10911869 -0.0009403212666461
93 0.08516093  0.0000083725714836
930 0.10911870  0.0009287416788467
931 0.10913923  0.0000000250043569
932 0.10914080  0.0000072909065647
933 0.10915463 -0.0000034940922549
934 0.10916129 -0.0006438303700337
935 0.10916130  0.0006434582110823
936 0.10917958  0.0018860704283497
937 0.10917958 -0.0018852903988402
938 0.10919162 -0.0000486911468326
939 0.10919296  0.0000000451374943
94 0.08516529  0.0000000009031737
940 0.10919781 -0.0000074900531501
941 0.10922773 -0.0000000057685449
942 0.10924467  0.0014577765568454
943 0.10924467 -0.0014559302390944
944 0.10926149  0.0018888326829530
945 0.10926150 -0.0018984294602329
946 0.10926785  0.0000037542257883
947 0.10927179 -0.0000000050668934
948 0.10928517  0.0000000007471207
949 0.10929676  0.0013242254859976
95 0.08517958 -0.0000297704013874
950 0.10929677 -0.0013233323051406
951 0.10931005 -0.0000000001903398
952 0.10933631 -0.0154022634617934
953 0.10933631  0.0154081661175008
954 0.10934633  0.0000021626638470
955 0.10935269 -0.0000000005699983
956 0.10939821 -0.0011997736237967
957 0.10939822  0.0011986501709850
958 0.10941696  0.0000000008039434
959 0.10944265 -0.0029682632868069
96 0.08520724 -0.0000000040340628
960 0.10944265  0.0029674370235134
961 0.10944784 -0.0000000003411897
962 0.10946205 -0.0003405083112523
963 0.10946205  0.0003404383484466
964 0.10946596  0.0000000015767071
965 0.10947831 -0.0000110749468775
966 0.10948394 -0.0000169654817904
967 0.10949122  0.0002499970573099
968 0.10949122 -0.0002525267508368
969 0.10949388 -0.0000008089156054
97 0.08525265  0.0000015621225023
970 0.10950375  0.0000063966090895
971 0.10950515 -0.0000000326502623
972 0.10950977 -0.0000134669583340
973 0.10950980 -0.0007486878905805
974 0.10950981  0.0007554867504924
975 0.10951875  0.0000012649948594
976 0.10951910 -0.0000000001378145
977 0.10953851 -0.0012091257207731
978 0.10953851  0.0012103611650296
979 0.10954377 -0.0136966559155601
98 0.08527165 -0.0113417683900402
980 0.10954377  0.0136926682672773
981 0.10957567 -0.0000053591890361
982 0.10959857 -0.0000000017368887
983 0.10966575 -0.0000000002959944
984 0.10967861 -0.0161152508821067
985 0.10967861  0.0161134246934922
986 0.10969556  0.0000000002880138
987 0.10969675 -0.0007498708929387
988 0.10969675  0.0007494491689424
989 0.10971629  0.0000001535971659
99 0.08527166  0.0113157824110802
990 0.10972558  0.0000000004717550
991 0.10972829  0.0006948324391769
992 0.10972830 -0.0006969620255253
993 0.10973095 -0.0000017041719545
994 0.10974270  0.0000000006937942
995 0.10976073  0.0000000010813408
996 0.10978353  0.0085999010283797
997 0.10978353 -0.0085902660075194
998 0.10980725 -0.0000092009809029
999 0.10981771  0.0000060802126519
