2347
S -33.77488362 -22.63494892  11.37804018
S -33.73085301 -17.01182358  17.01182358
S -33.77488362 -11.37804018  22.63494892
S -28.25386017 -28.25386017  11.40411840
Cd -30.98167964 -25.40245263  14.12453013
S -28.31168579 -22.73397056  17.07027280
Cd -30.94350717 -19.77125816  19.77125816
S -28.31168579 -17.07027280  22.73397056
Cd -30.98167964 -14.12453013  25.40245263
S -28.25386017 -11.40411840  28.25386017
S -22.63494892 -33.77488362  11.37804018
Cd -25.40245263 -30.98167964  14.12453013
S -22.73397056 -28.31168579  17.07027280
Cd -25.45442009 -25.45442009  19.80338350
S -22.81088241 -22.81088241  22.81088241
Cd -25.45442009 -19.80338350  25.45442009
S -22.73397056 -17.07027280  28.31168579
Cd -25.40245263 -14.12453013  30.98167964
S -22.63494892 -11.37804018  33.77488362
S -17.01182358 -33.73085301  17.01182358
Cd -19.77125816 -30.94350717  19.77125816
S -17.07027280 -28.31168579  22.73397056
Cd -19.80338350 -25.45442009  25.45442009
S -17.07027280 -22.73397056  28.31168579
Cd -19.77125816 -19.77125816  30.94350717
S -17.01182358 -17.01182358  33.73085301
S -11.37804018 -33.77488362  22.63494892
Cd -14.12453013 -30.98167964  25.40245263
S -11.40411840 -28.25386017  28.25386017
Cd -14.12453013 -25.40245263  30.98167964
S -11.37804018 -22.63494892  33.77488362
S -33.82326061 -22.70713645 -0.00718432
Cd -36.51404144 -19.85232740  2.76270381
S -33.97179307 -17.12573626  5.76073519
Cd -36.58037082 -14.18384863  8.50102685
S -33.97916300 -11.45816456  11.45816456
Cd -36.58037082 -8.50102685  14.18384863
S -33.97179307 -5.76073519  17.12573626
Cd -36.51404144 -2.76270381  19.85232740
S -33.82326061  0.00718432  22.70713645
S -28.29052086 -28.29052086 -0.02768241
Cd -31.02892279 -25.47671886  2.74040504
S -28.47401325 -22.84622028  5.81829624
Cd -31.15307778 -19.89144473  8.48917826
S -28.55092510 -17.20325282  11.47804448
Cd -31.12416498 -14.19259806  14.19259806
S -28.55092510 -11.47804448  17.20325282
Cd -31.15307778 -8.48917826  19.89144473
S -28.47401325 -5.81829624  22.84622028
Cd -31.02892279 -2.74040504  25.47671886
S -28.29052086  0.02768241  28.29052086
S -22.70713645 -33.82326061 -0.00718432
Cd -25.47671886 -31.02892279  2.74040504
S -22.84622028 -28.47401325  5.81829624
Cd -25.58481119 -25.58481119  8.49641591
S -22.93258076 -22.93258076  11.46415499
Cd -25.73617824 -20.06548849  14.09051507
Se -23.00061090 -17.20115522  17.20115522
Cd -25.73617824 -14.09051507  20.06548849
S -22.93258076 -11.46415499  22.93258076
Cd -25.58481119 -8.49641591  25.58481119
S -22.84622028 -5.81829624  28.47401325
Cd -25.47671886 -2.74040504  31.02892279
S -22.70713645  0.00718432  33.82326061
Cd -19.85232740 -36.51404144  2.76270381
S -17.12573626 -33.97179307  5.76073519
Cd -19.89144473 -31.15307778  8.48917826
S -17.20325282 -28.55092510  11.47804448
Cd -20.06548849 -25.73617824  14.09051507
Se -17.20115522 -23.00061090  17.20115522
Cd -20.08060630 -20.08060630  20.08060630
Se -17.20115522 -17.20115522  23.00061090
Cd -20.06548849 -14.09051507  25.73617824
S -17.20325282 -11.47804448  28.55092510
Cd -19.89144473 -8.48917826  31.15307778
S -17.12573626 -5.76073519  33.97179307
Cd -19.85232740 -2.76270381  36.51404144
Cd -14.18384863 -36.58037082  8.50102685
S -11.45816456 -33.97916300  11.45816456
Cd -14.19259806 -31.12416498  14.19259806
S -11.47804448 -28.55092510  17.20325282
Cd -14.09051507 -25.73617824  20.06548849
S -11.46415499 -22.93258076  22.93258076
Cd -14.09051507 -20.06548849  25.73617824
S -11.47804448 -17.20325282  28.55092510
Cd -14.19259806 -14.19259806  31.12416498
S -11.45816456 -11.45816456  33.97916300
Cd -14.18384863 -8.50102685  36.58037082
Cd -8.50102685 -36.58037082  14.18384863
S -5.76073519 -33.97179307  17.12573626
Cd -8.48917826 -31.15307778  19.89144473
S -5.81829624 -28.47401325  22.84622028
Cd -8.49641591 -25.58481119  25.58481119
S -5.81829624 -22.84622028  28.47401325
Cd -8.48917826 -19.89144473  31.15307778
S -5.76073519 -17.12573626  33.97179307
Cd -8.50102685 -14.18384863  36.58037082
Cd -2.76270381 -36.51404144  19.85232740
S  0.00718432 -33.82326061  22.70713645
Cd -2.74040504 -31.02892279  25.47671886
S  0.02768241 -28.29052086  28.29052086
Cd -2.74040504 -25.47671886  31.02892279
S  0.00718432 -22.70713645  33.82326061
Cd -2.76270381 -19.85232740  36.51404144
S -33.81948115 -22.67066474 -11.43110368
S -33.97632841 -17.13552504 -5.77967024
Cd -36.63196034 -14.28663083 -2.97284134
S -34.18835567 -11.42730533 -0.02736021
Cd -36.74609979 -8.53101680  2.79331737
S -34.22255971 -5.70209699  5.70209699
Cd -36.74609979 -2.79331737  8.53101680
S -34.18835567  0.02736021  11.42730533
Cd -36.63196034  2.97284134  14.28663083
S -33.97632841  5.77967024  17.13552504
S -33.81948115  11.43110368  22.67066474
S -28.29335545 -28.29335545 -11.46903048
Cd -31.11036998 -25.55117406 -8.73096870
S -28.44906887 -22.84262980 -5.86138200
Cd -31.31918470 -20.12747150 -3.15718411
Se -28.67621393 -17.25123296 -0.02481456
Cd -31.59886415 -14.29528577  2.76306285
Se -28.73158290 -11.49533547  5.74444575
Cd -31.63136743 -8.53198056  8.53198056
Se -28.73158290 -5.74444575  11.49533547
Cd -31.59886415 -2.76306285  14.29528577
Se -28.67621393  0.02481456  17.25123296
Cd -31.31918470  3.15718411  20.12747150
S -28.44906887  5.86138200  22.84262980
Cd -31.11036998  8.73096870  25.55117406
S -28.29335545  11.46903048  28.29335545
S -22.67066474 -33.81948115 -11.43110368
Cd -25.55117406 -31.11036998 -8.73096870
S -22.84262980 -28.44906887 -5.86138200
Cd -25.74694968 -25.74694968 -3.17923721
Se -22.99267405 -22.99267405 -0.02713987
Cd -25.87072673 -20.15902993  2.91348504
Se -23.00628008 -17.27398526  5.80123202
Cd -25.92855234 -14.42289897  8.67456038
Se -23.03764953 -11.49512760  11.49512760
Cd -25.92855234 -8.67456038  14.42289897
Se -23.00628008 -5.80123202  17.27398526
Cd -25.87072673 -2.91348504  20.15902993
Se -22.99267405  0.02713987  22.99267405
Cd -25.74694968  3.17923721  25.74694968
S -22.84262980  5.86138200  28.44906887
Cd -25.55117406  8.73096870  31.11036998
S -22.67066474  11.43110368  33.81948115
S -17.13552504 -33.97632841 -5.77967024
Cd -20.12747150 -31.31918470 -3.15718411
Se -17.25123296 -28.67621393 -0.02481456
Cd -20.15902993 -25.87072673  2.91348504
Se -17.27398526 -23.00628008  5.80123202
Cd -20.19965904 -20.19965904  8.71743827
Se -17.26483899 -17.26483899  11.48365696
Cd -20.10422787 -14.34135729  14.34135729
Se -17.26483899 -11.48365696  17.26483899
Cd -20.19965904 -8.71743827  20.19965904
Se -17.27398526 -5.80123202  23.00628008
Cd -20.15902993 -2.91348504  25.87072673
Se -17.25123296  0.02481456  28.67621393
Cd -20.12747150  3.15718411  31.31918470
S -17.13552504  5.77967024  33.97632841
Cd -14.28663083 -36.63196034 -2.97284134
S -11.42730533 -34.18835567 -0.02736021
Cd -14.29528577 -31.59886415  2.76306285
Se -11.49533547 -28.73158290  5.74444575
Cd -14.42289897 -25.92855234  8.67456038
Se -11.49512760 -23.03764953  11.49512760
Cd -14.34135729 -20.10422787  14.34135729
Se -11.48365696 -17.26483899  17.26483899
Cd -14.34135729 -14.34135729  20.10422787
Se -11.49512760 -11.49512760  23.03764953
Cd -14.42289897 -8.67456038  25.92855234
Se -11.49533547 -5.74444575  28.73158290
Cd -14.29528577 -2.76306285  31.59886415
S -11.42730533  0.02736021  34.18835567
Cd -14.28663083  2.97284134  36.63196034
Cd -8.53101680 -36.74609979  2.79331737
S -5.70209699 -34.22255971  5.70209699
Cd -8.53198056 -31.63136743  8.53198056
Se -5.74444575 -28.73158290  11.49533547
Cd -8.67456038 -25.92855234  14.42289897
Se -5.80123202 -23.00628008  17.27398526
Cd -8.71743827 -20.19965904  20.19965904
Se -5.80123202 -17.27398526  23.00628008
Cd -8.67456038 -14.42289897  25.92855234
Se -5.74444575 -11.49533547  28.73158290
Cd -8.53198056 -8.53198056  31.63136743
S -5.70209699 -5.70209699  34.22255971
Cd -8.53101680 -2.79331737  36.74609979
Cd -2.79331737 -36.74609979  8.53101680
S  0.02736021 -34.18835567  11.42730533
Cd -2.76306285 -31.59886415  14.29528577
Se  0.02481456 -28.67621393  17.25123296
Cd -2.91348504 -25.87072673  20.15902993
Se  0.02713987 -22.99267405  22.99267405
Cd -2.91348504 -20.15902993  25.87072673
Se  0.02481456 -17.25123296  28.67621393
Cd -2.76306285 -14.29528577  31.59886415
S  0.02736021 -11.42730533  34.18835567
Cd -2.79331737 -8.53101680  36.74609979
Cd  2.97284134 -36.63196034  14.28663083
S  5.77967024 -33.97632841  17.13552504
Cd  3.15718411 -31.31918470  20.12747150
S  5.86138200 -28.44906887  22.84262980
Cd  3.17923721 -25.74694968  25.74694968
S  5.86138200 -22.84262980  28.44906887
Cd  3.15718411 -20.12747150  31.31918470
S  5.77967024 -17.13552504  33.97632841
Cd  2.97284134 -14.28663083  36.63196034
S  11.43110368 -33.81948115  22.67066474
Cd  8.73096870 -31.11036998  25.55117406
S  11.46903048 -28.29335545  28.29335545
Cd  8.73096870 -25.55117406  31.11036998
S  11.43110368 -22.67066474  33.81948115
S -33.81135533 -17.06135329 -17.06135329
S -33.97576149 -11.46001649 -11.46001649
Cd -36.65218041 -8.64048862 -8.64048862
S -34.22577224 -5.72964920 -5.72964920
Cd -36.79145322 -2.87338506 -2.87338506
S -34.27150361 -0.00000000 -0.00000000
Cd -36.79145322  2.87338506  2.87338506
S -34.22577224  5.72964920  5.72964920
Cd -36.65218041  8.64048862  8.64048862
S -33.97576149  11.46001649  11.46001649
S -33.81135533  17.06135329  17.06135329
S -28.36781065 -22.77667837 -17.11137434
Cd -31.15081011 -19.99613555 -14.37027010
S -28.53939777 -17.23035149 -11.50191172
Cd -31.39401785 -14.49304560 -8.80825850
Se -28.74499996 -11.51428942 -5.77521049
Cd -31.67237449 -8.61546865 -2.92839498
Se -28.80433735 -5.74512605 -0.00822386
Cd -31.71243668 -2.84241245  2.84241245
Se -28.80433735  0.00822386  5.74512605
Cd -31.67237449  2.92839498  8.61546865
Se -28.74499996  5.77521049  11.51428942
Cd -31.39401785  8.80825850  14.49304560
S -28.53939777  11.50191172  17.23035149
Cd -31.15081011  14.37027010  19.99613555
S -28.36781065  17.11137434  22.77667837
S -22.77667837 -28.36781065 -17.11137434
Cd -25.61580269 -25.61580269 -14.39895614
S -22.94202939 -22.94202939 -11.49301111
Cd -25.83765652 -20.17868308 -8.85287493
Se -23.02990165 -17.30565707 -5.84590514
Cd -25.82801892 -14.38310134 -2.92882962
Se -22.99569761 -11.51128476 -0.00390344
Cd -25.88395481 -8.61287973  2.84708007
Se -23.01818535 -5.73921121  5.73921121
Cd -25.88395481 -2.84708007  8.61287973
Se -22.99569761  0.00390344  11.51128476
Cd -25.82801892  2.92882962  14.38310134
Se -23.02990165  5.84590514  17.30565707
Cd -25.83765652  8.85287493  20.17868308
S -22.94202939  11.49301111  22.94202939
Cd -25.61580269  14.39895614  25.61580269
S -22.77667837  17.11137434  28.36781065
S -17.06135329 -33.81135533 -17.06135329
Cd -19.99613555 -31.15081011 -14.37027010
S -17.23035149 -28.53939777 -11.50191172
Cd -20.17868308 -25.83765652 -8.85287493
Se -17.30565707 -23.02990165 -5.84590514
Cd -20.12992815 -20.12992815 -2.93240120
Se -17.27460887 -17.27460887 -0.00616107
Cd -20.14655774 -14.40547570  2.89044928
Se -17.27330496 -11.50591793  5.75202355
Cd -20.15468356 -8.62246064  8.62246064
Se -17.27330496 -5.75202355  11.50591793
Cd -20.14655774 -2.89044928  14.40547570
Se -17.27460887  0.00616107  17.27460887
Cd -20.12992815  2.93240120  20.12992815
Se -17.30565707  5.84590514  23.02990165
Cd -20.17868308  8.85287493  25.83765652
S -17.23035149  11.50191172  28.53939777
Cd -19.99613555  14.37027010  31.15081011
S -17.06135329  17.06135329  33.81135533
S -11.46001649 -33.97576149 -11.46001649
Cd -14.49304560 -31.39401785 -8.80825850
Se -11.51428942 -28.74499996 -5.77521049
Cd -14.38310134 -25.82801892 -2.92882962
Se -11.51128476 -22.99569761 -0.00390344
Cd -14.40547570 -20.14655774  2.89044928
Se -11.50591793 -17.27330496  5.75202355
Cd -14.38444305 -14.38444305  8.61811427
Se -11.51181388 -11.51181388  11.51181388
Cd -14.38444305 -8.61811427  14.38444305
Se -11.50591793 -5.75202355  17.27330496
Cd -14.40547570 -2.89044928  20.14655774
Se -11.51128476  0.00390344  22.99569761
Cd -14.38310134  2.92882962  25.82801892
Se -11.51428942  5.77521049  28.74499996
Cd -14.49304560  8.80825850  31.39401785
S -11.46001649  11.46001649  33.97576149
Cd -8.64048862 -36.65218041 -8.64048862
S -5.72964920 -34.22577224 -5.72964920
Cd -8.61546865 -31.67237449 -2.92839498
Se -5.74512605 -28.80433735 -0.00822386
Cd -8.61287973 -25.88395481  2.84708007
Se -5.73921121 -23.01818535  5.73921121
Cd -8.62246064 -20.15468356  8.62246064
Se -5.75202355 -17.27330496  11.50591793
Cd -8.61811427 -14.38444305  14.38444305
Se -5.75202355 -11.50591793  17.27330496
Cd -8.62246064 -8.62246064  20.15468356
Se -5.73921121 -5.73921121  23.01818535
Cd -8.61287973 -2.84708007  25.88395481
Se -5.74512605  0.00822386  28.80433735
Cd -8.61546865  2.92839498  31.67237449
S -5.72964920  5.72964920  34.22577224
Cd -8.64048862  8.64048862  36.65218041
Cd -2.87338506 -36.79145322 -2.87338506
S -0.00000000 -34.27150361 -0.00000000
Cd -2.84241245 -31.71243668  2.84241245
Se  0.00822386 -28.80433735  5.74512605
Cd -2.84708007 -25.88395481  8.61287973
Se  0.00390344 -22.99569761  11.51128476
Cd -2.89044928 -20.14655774  14.40547570
Se  0.00616107 -17.27460887  17.27460887
Cd -2.89044928 -14.40547570  20.14655774
Se  0.00390344 -11.51128476  22.99569761
Cd -2.84708007 -8.61287973  25.88395481
Se  0.00822386 -5.74512605  28.80433735
Cd -2.84241245 -2.84241245  31.71243668
S -0.00000000 -0.00000000  34.27150361
Cd -2.87338506  2.87338506  36.79145322
Cd  2.87338506 -36.79145322  2.87338506
S  5.72964920 -34.22577224  5.72964920
Cd  2.92839498 -31.67237449  8.61546865
Se  5.77521049 -28.74499996  11.51428942
Cd  2.92882962 -25.82801892  14.38310134
Se  5.84590514 -23.02990165  17.30565707
Cd  2.93240120 -20.12992815  20.12992815
Se  5.84590514 -17.30565707  23.02990165
Cd  2.92882962 -14.38310134  25.82801892
Se  5.77521049 -11.51428942  28.74499996
Cd  2.92839498 -8.61546865  31.67237449
S  5.72964920 -5.72964920  34.22577224
Cd  2.87338506 -2.87338506  36.79145322
Cd  8.64048862 -36.65218041  8.64048862
S  11.46001649 -33.97576149  11.46001649
Cd  8.80825850 -31.39401785  14.49304560
S  11.50191172 -28.53939777  17.23035149
Cd  8.85287493 -25.83765652  20.17868308
S  11.49301111 -22.94202939  22.94202939
Cd  8.85287493 -20.17868308  25.83765652
S  11.50191172 -17.23035149  28.53939777
Cd  8.80825850 -14.49304560  31.39401785
S  11.46001649 -11.46001649  33.97576149
Cd  8.64048862 -8.64048862  36.65218041
S  17.06135329 -33.81135533  17.06135329
Cd  14.37027010 -31.15081011  19.99613555
S  17.11137434 -28.36781065  22.77667837
Cd  14.39895614 -25.61580269  25.61580269
S  17.11137434 -22.77667837  28.36781065
Cd  14.37027010 -19.99613555  31.15081011
S  17.06135329 -17.06135329  33.81135533
S -33.81948115 -11.43110368 -22.67066474
S -33.97632841 -5.77967024 -17.13552504
Cd -36.63196034 -2.97284134 -14.28663083
S -34.18835567 -0.02736021 -11.42730533
Cd -36.74609979  2.79331737 -8.53101680
S -34.22255971  5.70209699 -5.70209699
Cd -36.74609979  8.53101680 -2.79331737
S -34.18835567  11.42730533  0.02736021
Cd -36.63196034  14.28663083  2.97284134
S -33.97632841  17.13552504  5.77967024
S -33.81948115  22.67066474  11.43110368
S -28.36781065 -17.11137434 -22.77667837
Cd -31.15081011 -14.37027010 -19.99613555
S -28.53939777 -11.50191172 -17.23035149
Cd -31.39401785 -8.80825850 -14.49304560
Se -28.74499996 -5.77521049 -11.51428942
Cd -31.67237449 -2.92839498 -8.61546865
Se -28.80433735 -0.00822386 -5.74512605
Cd -31.71243668  2.84241245 -2.84241245
Se -28.80433735  5.74512605  0.00822386
Cd -31.67237449  8.61546865  2.92839498
Se -28.74499996  11.51428942  5.77521049
Cd -31.39401785  14.49304560  8.80825850
S -28.53939777  17.23035149  11.50191172
Cd -31.15081011  19.99613555  14.37027010
S -28.36781065  22.77667837  17.11137434
S -22.82429946 -22.82429946 -22.82429946
Cd -25.76698077 -20.15657328 -20.15657328
Se -22.99002843 -17.21336285 -17.21336285
Cd -26.01226721 -14.38009668 -14.38009668
Se -23.04974377 -11.53161821 -11.53161821
Cd -25.86146707 -8.62419919 -8.62419919
Se -23.00457932 -5.74115763 -5.74115763
Cd -25.90757639 -2.87540706 -2.87540706
Se -23.02574425 -0.00000000 -0.00000000
Cd -25.90757639  2.87540706  2.87540706
Se -23.00457932  5.74115763  5.74115763
Cd -25.86146707  8.62419919  8.62419919
Se -23.04974377  11.53161821  11.53161821
Cd -26.01226721  14.38009668  14.38009668
Se -22.99002843  17.21336285  17.21336285
Cd -25.76698077  20.15657328  20.15657328
S -22.82429946  22.82429946  22.82429946
S -17.11137434 -28.36781065 -22.77667837
Cd -20.15657328 -25.76698077 -20.15657328
Se -17.21336285 -22.99002843 -17.21336285
Cd -20.22252472 -20.22252472 -14.30229666
Se -17.28921645 -17.28921645 -11.53044658
Cd -20.14466801 -14.38701307 -8.66375115
Se -17.27109398 -11.52184832 -5.76802953
Cd -20.12482589 -8.63107779 -2.88107624
Se -17.25376519 -5.75298731 -0.00104501
Cd -20.13219582 -2.86875523  2.86875523
Se -17.25376519  0.00104501  5.75298731
Cd -20.12482589  2.88107624  8.63107779
Se -17.27109398  5.76802953  11.52184832
Cd -20.14466801  8.66375115  14.38701307
Se -17.28921645  11.53044658  17.28921645
Cd -20.22252472  14.30229666  20.22252472
Se -17.21336285  17.21336285  22.99002843
Cd -20.15657328  20.15657328  25.76698077
S -17.11137434  22.77667837  28.36781065
S -11.43110368 -33.81948115 -22.67066474
Cd -14.37027010 -31.15081011 -19.99613555
S -11.50191172 -28.53939777 -17.23035149
Cd -14.38009668 -26.01226721 -14.38009668
Se -11.53161821 -23.04974377 -11.53161821
Cd -14.38701307 -20.14466801 -8.66375115
Se -11.52184832 -17.27109398 -5.76802953
Cd -14.39483654 -14.39483654 -2.88147308
Se -11.51668937 -11.51668937 -0.00448428
Cd -14.38553909 -8.63733278  2.87665428
Se -11.51228631 -5.75714471  5.75714471
Cd -14.38553909 -2.87665428  8.63733278
Se -11.51668937  0.00448428  11.51668937
Cd -14.39483654  2.88147308  14.39483654
Se -11.52184832  5.76802953  17.27109398
Cd -14.38701307  8.66375115  20.14466801
Se -11.53161821  11.53161821  23.04974377
Cd -14.38009668  14.38009668  26.01226721
S -11.50191172  17.23035149  28.53939777
Cd -14.37027010  19.99613555  31.15081011
S -11.43110368  22.67066474  33.81948115
S -5.77967024 -33.97632841 -17.13552504
Cd -8.80825850 -31.39401785 -14.49304560
Se -5.77521049 -28.74499996 -11.51428942
Cd -8.62419919 -25.86146707 -8.62419919
Se -5.74115763 -23.00457932 -5.74115763
Cd -8.63107779 -20.12482589 -2.88107624
Se -5.75298731 -17.25376519 -0.00104502
Cd -8.63733278 -14.38553909  2.87665428
Se -5.75714471 -11.51228631  5.75714471
Cd -8.63398797 -8.63398797  8.63398797
Se -5.75714471 -5.75714471  11.51228631
Cd -8.63733278 -2.87665428  14.38553909
Se -5.75298731  0.00104501  17.25376519
Cd -8.63107779  2.88107624  20.12482589
Se -5.74115763  5.74115763  23.00457932
Cd -8.62419919  8.62419919  25.86146707
Se -5.77521049  11.51428942  28.74499996
Cd -8.80825850  14.49304560  31.39401785
S -5.77967024  17.13552504  33.97632841
Cd -2.97284134 -36.63196034 -14.28663083
S -0.02736021 -34.18835567 -11.42730533
Cd -2.92839498 -31.67237449 -8.61546865
Se -0.00822386 -28.80433735 -5.74512605
Cd -2.87540706 -25.90757639 -2.87540706
Se -0.00000000 -23.02574425 -0.00000000
Cd -2.86875523 -20.13219582  2.86875523
Se  0.00104501 -17.25376519  5.75298731
Cd -2.87665428 -14.38553909  8.63733278
Se  0.00448428 -11.51668937  11.51668937
Cd -2.87665428 -8.63733278  14.38553909
Se  0.00104501 -5.75298731  17.25376519
Cd -2.86875523 -2.86875523  20.13219582
Se -0.00000000 -0.00000000  23.02574425
Cd -2.87540706  2.87540706  25.90757639
Se -0.00822386  5.74512605  28.80433735
Cd -2.92839498  8.61546865  31.67237449
S -0.02736021  11.42730533  34.18835567
Cd -2.97284134  14.28663083  36.63196034
Cd  2.79331737 -36.74609979 -8.53101680
S  5.70209699 -34.22255971 -5.70209699
Cd  2.84241245 -31.71243668 -2.84241245
Se  5.74512605 -28.80433735  0.00822386
Cd  2.87540706 -25.90757639  2.87540706
Se  5.74115763 -23.00457932  5.74115763
Cd  2.88107624 -20.12482589  8.63107779
Se  5.76802953 -17.27109398  11.52184832
Cd  2.88147308 -14.39483654  14.39483654
Se  5.76802953 -11.52184832  17.27109398
Cd  2.88107624 -8.63107779  20.12482589
Se  5.74115763 -5.74115763  23.00457932
Cd  2.87540706 -2.87540706  25.90757639
Se  5.74512605 -0.00822386  28.80433735
Cd  2.84241245  2.84241245  31.71243668
S  5.70209699  5.70209699  34.22255971
Cd  2.79331737  8.53101680  36.74609979
Cd  8.53101680 -36.74609979 -2.79331737
S  11.42730533 -34.18835567  0.02736021
Cd  8.61546865 -31.67237449  2.92839498
Se  11.51428942 -28.74499996  5.77521049
Cd  8.62419919 -25.86146707  8.62419919
Se  11.53161821 -23.04974377  11.53161821
Cd  8.66375115 -20.14466801  14.38701307
Se  11.53044658 -17.28921645  17.28921645
Cd  8.66375115 -14.38701307  20.14466801
Se  11.53161821 -11.53161821  23.04974377
Cd  8.62419919 -8.62419919  25.86146707
Se  11.51428942 -5.77521049  28.74499996
Cd  8.61546865 -2.92839498  31.67237449
S  11.42730533 -0.02736021  34.18835567
Cd  8.53101680  2.79331737  36.74609979
Cd  14.28663083 -36.63196034  2.97284134
S  17.13552504 -33.97632841  5.77967024
Cd  14.49304560 -31.39401785  8.80825850
S  17.23035149 -28.53939777  11.50191172
Cd  14.38009668 -26.01226721  14.38009668
Se  17.21336285 -22.99002843  17.21336285
Cd  14.30229666 -20.22252472  20.22252472
Se  17.21336285 -17.21336285  22.99002843
Cd  14.38009668 -14.38009668  26.01226721
S  17.23035149 -11.50191172  28.53939777
Cd  14.49304560 -8.80825850  31.39401785
S  17.13552504 -5.77967024  33.97632841
Cd  14.28663083 -2.97284134  36.63196034
S  22.67066474 -33.81948115  11.43110368
Cd  19.99613555 -31.15081011  14.37027010
S  22.77667837 -28.36781065  17.11137434
Cd  20.15657328 -25.76698077  20.15657328
S  22.82429946 -22.82429946  22.82429946
Cd  20.15657328 -20.15657328  25.76698077
S  22.77667837 -17.11137434  28.36781065
Cd  19.99613555 -14.37027010  31.15081011
S  22.67066474 -11.43110368  33.81948115
S -33.82326061 -0.00718432 -22.70713645
Cd -36.51404144  2.76270381 -19.85232740
S -33.97179307  5.76073519 -17.12573626
Cd -36.58037082  8.50102685 -14.18384863
S -33.97916300  11.45816456 -11.45816456
Cd -36.58037082  14.18384863 -8.50102685
S -33.97179307  17.12573626 -5.76073519
Cd -36.51404144  19.85232740 -2.76270381
S -33.82326061  22.70713645  0.00718432
S -28.29335545 -11.46903048 -28.29335545
Cd -31.11036998 -8.73096870 -25.55117406
S -28.44906887 -5.86138200 -22.84262980
Cd -31.31918470 -3.15718411 -20.12747150
Se -28.67621393 -0.02481456 -17.25123296
Cd -31.59886415  2.76306285 -14.29528577
Se -28.73158290  5.74444575 -11.49533547
Cd -31.63136743  8.53198056 -8.53198056
Se -28.73158290  11.49533547 -5.74444575
Cd -31.59886415  14.29528577 -2.76306285
Se -28.67621393  17.25123296  0.02481456
Cd -31.31918470  20.12747150  3.15718411
S -28.44906887  22.84262980  5.86138200
Cd -31.11036998  25.55117406  8.73096870
S -28.29335545  28.29335545  11.46903048
S -22.77667837 -17.11137434 -28.36781065
Cd -25.61580269 -14.39895614 -25.61580269
S -22.94202939 -11.49301111 -22.94202939
Cd -25.83765652 -8.85287493 -20.17868308
Se -23.02990165 -5.84590514 -17.30565707
Cd -25.82801892 -2.92882962 -14.38310134
Se -22.99569761 -0.00390344 -11.51128476
Cd -25.88395481  2.84708007 -8.61287973
Se -23.01818535  5.73921121 -5.73921121
Cd -25.88395481  8.61287973 -2.84708007
Se -22.99569761  11.51128476  0.00390344
Cd -25.82801892  14.38310134  2.92882962
Se -23.02990165  17.30565707  5.84590514
Cd -25.83765652  20.17868308  8.85287493
S -22.94202939  22.94202939  11.49301111
Cd -25.61580269  25.61580269  14.39895614
S -22.77667837  28.36781065  17.11137434
S -17.11137434 -22.77667837 -28.36781065
Cd -20.15657328 -20.15657328 -25.76698077
Se -17.21336285 -17.21336285 -22.99002843
Cd -20.22252472 -14.30229666 -20.22252472
Se -17.28921645 -11.53044658 -17.28921645
Cd -20.14466801 -8.66375115 -14.38701307
Se -17.27109398 -5.76802953 -11.52184832
Cd -20.12482589 -2.88107624 -8.63107779
Se -17.25376519 -0.00104501 -5.75298731
Cd -20.13219582  2.86875523 -2.86875523
Se -17.25376519  5.75298731  0.00104501
Cd -20.12482589  8.63107779  2.88107624
Se -17.27109398  11.52184832  5.76802953
Cd -20.14466801  14.38701307  8.66375115
Se -17.28921645  17.28921645  11.53044658
Cd -20.22252472  20.22252472  14.30229666
Se -17.21336285  22.99002843  17.21336285
Cd -20.15657328  25.76698077  20.15657328
S -17.11137434  28.36781065  22.77667837
S -11.46903048 -28.29335545 -28.29335545
Cd -14.39895614 -25.61580269 -25.61580269
S -11.49301111 -22.94202939 -22.94202939
Cd -14.30229666 -20.22252472 -20.22252472
Se -11.53044658 -17.28921645 -17.28921645
Cd -14.41677626 -14.41677626 -14.41677626
Se -11.53462287 -11.53462287 -11.53462287
Cd -14.39030120 -8.64559088 -8.64559088
Se -11.51296661 -5.76598863 -5.76598863
Cd -14.37382279 -2.87977233 -2.87977233
Se -11.50342350  0.00000000  0.00000000
Cd -14.37382279  2.87977233  2.87977233
Se -11.51296661  5.76598863  5.76598863
Cd -14.39030120  8.64559088  8.64559088
Se -11.53462287  11.53462287  11.53462287
Cd -14.41677626  14.41677626  14.41677626
Se -11.53044658  17.28921645  17.28921645
Cd -14.30229666  20.22252472  20.22252472
S -11.49301111  22.94202939  22.94202939
Cd -14.39895614  25.61580269  25.61580269
S -11.46903048  28.29335545  28.29335545
Cd -8.73096870 -31.11036998 -25.55117406
S -5.86138200 -28.44906887 -22.84262980
Cd -8.85287493 -25.83765652 -20.17868308
Se -5.84590514 -23.02990165 -17.30565707
Cd -8.66375115 -20.14466801 -14.38701307
Se -5.76802953 -17.27109398 -11.52184832
Cd -8.64559088 -14.39030120 -8.64559088
Se -5.76598863 -11.51296661 -5.76598863
Cd -8.63927920 -8.63927920 -2.88018807
Se -5.76088637 -5.76088637 -0.00250476
Cd -8.63306200 -2.87986682  2.87986682
Se -5.76088637  0.00250474  5.76088637
Cd -8.63927920  2.88018807  8.63927920
Se -5.76598863  5.76598863  11.51296661
Cd -8.64559088  8.64559088  14.39030120
Se -5.76802953  11.52184832  17.27109398
Cd -8.66375115  14.38701307  20.14466801
Se -5.84590514  17.30565707  23.02990165
Cd -8.85287493  20.17868308  25.83765652
S -5.86138200  22.84262980  28.44906887
Cd -8.73096870  25.55117406  31.11036998
S -0.00718432 -33.82326061 -22.70713645
Cd -3.15718411 -31.31918470 -20.12747150
Se -0.02481456 -28.67621393 -17.25123296
Cd -2.92882962 -25.82801892 -14.38310134
Se -0.00390344 -22.99569761 -11.51128476
Cd -2.88107624 -20.12482589 -8.63107779
Se -0.00104501 -17.25376519 -5.75298731
Cd -2.87977233 -14.37382279 -2.87977233
Se -0.00000000 -11.50342350 -0.00000000
Cd -2.87986682 -8.63306200  2.87986682
Se  0.00250474 -5.76088637  5.76088637
Cd -2.87986682 -2.87986682  8.63306200
Se -0.00000000 -0.00000000  11.50342350
Cd -2.87977233  2.87977233  14.37382279
Se -0.00104501  5.75298731  17.25376519
Cd -2.88107624  8.63107779  20.12482589
Se -0.00390344  11.51128476  22.99569761
Cd -2.92882962  14.38310134  25.82801892
Se -0.02481456  17.25123296  28.67621393
Cd -3.15718411  20.12747150  31.31918470
S -0.00718432  22.70713645  33.82326061
Cd  2.76270381 -36.51404144 -19.85232740
S  5.76073519 -33.97179307 -17.12573626
Cd  2.76306285 -31.59886415 -14.29528577
Se  5.74444575 -28.73158290 -11.49533547
Cd  2.84708007 -25.88395481 -8.61287973
Se  5.73921121 -23.01818535 -5.73921121
Cd  2.86875523 -20.13219582 -2.86875523
Se  5.75298731 -17.25376519  0.00104501
Cd  2.87977233 -14.37382279  2.87977233
Se  5.76598863 -11.51296661  5.76598863
Cd  2.88018807 -8.63927920  8.63927920
Se  5.76598863 -5.76598863  11.51296661
Cd  2.87977233 -2.87977233  14.37382279
Se  5.75298731 -0.00104502  17.25376519
Cd  2.86875523  2.86875523  20.13219582
Se  5.73921121  5.73921121  23.01818535
Cd  2.84708007  8.61287973  25.88395481
Se  5.74444575  11.49533547  28.73158290
Cd  2.76306285  14.29528577  31.59886415
S  5.76073519  17.12573626  33.97179307
Cd  2.76270381  19.85232740  36.51404144
Cd  8.50102685 -36.58037082 -14.18384863
S  11.45816456 -33.97916300 -11.45816456
Cd  8.53198056 -31.63136743 -8.53198056
Se  11.49533547 -28.73158290 -5.74444575
Cd  8.61287973 -25.88395481 -2.84708007
Se  11.51128476 -22.99569761  0.00390344
Cd  8.63107779 -20.12482589  2.88107624
Se  11.52184832 -17.27109398  5.76802953
Cd  8.64559088 -14.39030120  8.64559088
Se  11.53462287 -11.53462287  11.53462287
Cd  8.64559088 -8.64559088  14.39030120
Se  11.52184832 -5.76802953  17.27109398
Cd  8.63107779 -2.88107624  20.12482589
Se  11.51128476 -0.00390344  22.99569761
Cd  8.61287973  2.84708007  25.88395481
Se  11.49533547  5.74444575  28.73158290
Cd  8.53198056  8.53198056  31.63136743
S  11.45816456  11.45816456  33.97916300
Cd  8.50102685  14.18384863  36.58037082
Cd  14.18384863 -36.58037082 -8.50102685
S  17.12573626 -33.97179307 -5.76073519
Cd  14.29528577 -31.59886415 -2.76306285
Se  17.25123296 -28.67621393  0.02481456
Cd  14.38310134 -25.82801892  2.92882962
Se  17.30565707 -23.02990165  5.84590514
Cd  14.38701307 -20.14466801  8.66375115
Se  17.28921645 -17.28921645  11.53044658
Cd  14.41677626 -14.41677626  14.41677626
Se  17.28921645 -11.53044658  17.28921645
Cd  14.38701307 -8.66375115  20.14466801
Se  17.30565707 -5.84590514  23.02990165
Cd  14.38310134 -2.92882962  25.82801892
Se  17.25123296 -0.02481456  28.67621393
Cd  14.29528577  2.76306285  31.59886415
S  17.12573626  5.76073519  33.97179307
Cd  14.18384863  8.50102685  36.58037082
Cd  19.85232740 -36.51404144 -2.76270381
S  22.70713645 -33.82326061  0.00718432
Cd  20.12747150 -31.31918470  3.15718411
S  22.84262980 -28.44906887  5.86138200
Cd  20.17868308 -25.83765652  8.85287493
S  22.94202939 -22.94202939  11.49301111
Cd  20.22252472 -20.22252472  14.30229666
Se  22.99002843 -17.21336285  17.21336285
Cd  20.22252472 -14.30229666  20.22252472
S  22.94202939 -11.49301111  22.94202939
Cd  20.17868308 -8.85287493  25.83765652
S  22.84262980 -5.86138200  28.44906887
Cd  20.12747150 -3.15718411  31.31918470
S  22.70713645 -0.00718432  33.82326061
Cd  19.85232740  2.76270381  36.51404144
Cd  25.55117406 -31.11036998  8.73096870
S  28.29335545 -28.29335545  11.46903048
Cd  25.61580269 -25.61580269  14.39895614
S  28.36781065 -22.77667837  17.11137434
Cd  25.76698077 -20.15657328  20.15657328
S  28.36781065 -17.11137434  22.77667837
Cd  25.61580269 -14.39895614  25.61580269
S  28.29335545 -11.46903048  28.29335545
Cd  25.55117406 -8.73096870  31.11036998
S -33.77488362  11.37804018 -22.63494892
S -33.73085301  17.01182358 -17.01182358
S -33.77488362  22.63494892 -11.37804018
S -28.29052086 -0.02768241 -28.29052086
Cd -31.02892279  2.74040504 -25.47671886
S -28.47401325  5.81829624 -22.84622028
Cd -31.15307778  8.48917826 -19.89144473
S -28.55092510  11.47804448 -17.20325282
Cd -31.12416498  14.19259806 -14.19259806
S -28.55092510  17.20325282 -11.47804448
Cd -31.15307778  19.89144473 -8.48917826
S -28.47401325  22.84622028 -5.81829624
Cd -31.02892279  25.47671886 -2.74040504
S -28.29052086  28.29052086  0.02768241
S -22.67066474 -11.43110368 -33.81948115
Cd -25.55117406 -8.73096870 -31.11036998
S -22.84262980 -5.86138200 -28.44906887
Cd -25.74694968 -3.17923721 -25.74694968
Se -22.99267405 -0.02713987 -22.99267405
Cd -25.87072673  2.91348504 -20.15902993
Se -23.00628008  5.80123202 -17.27398526
Cd -25.92855234  8.67456038 -14.42289897
Se -23.03764953  11.49512760 -11.49512760
Cd -25.92855234  14.42289897 -8.67456038
Se -23.00628008  17.27398526 -5.80123202
Cd -25.87072673  20.15902993 -2.91348504
Se -22.99267405  22.99267405  0.02713987
Cd -25.74694968  25.74694968  3.17923721
S -22.84262980  28.44906887  5.86138200
Cd -25.55117406  31.11036998  8.73096870
S -22.67066474  33.81948115  11.43110368
S -17.06135329 -17.06135329 -33.81135533
Cd -19.99613555 -14.37027010 -31.15081011
S -17.23035149 -11.50191172 -28.53939777
Cd -20.17868308 -8.85287493 -25.83765652
Se -17.30565707 -5.84590514 -23.02990165
Cd -20.12992815 -2.93240120 -20.12992815
Se -17.27460887 -0.00616107 -17.27460887
Cd -20.14655774  2.89044928 -14.40547570
Se -17.27330496  5.75202355 -11.50591793
Cd -20.15468356  8.62246064 -8.62246064
Se -17.27330496  11.50591793 -5.75202355
Cd -20.14655774  14.40547570 -2.89044928
Se -17.27460887  17.27460887  0.00616107
Cd -20.12992815  20.12992815  2.93240120
Se -17.30565707  23.02990165  5.84590514
Cd -20.17868308  25.83765652  8.85287493
S -17.23035149  28.53939777  11.50191172
Cd -19.99613555  31.15081011  14.37027010
S -17.06135329  33.81135533  17.06135329
S -11.43110368 -22.67066474 -33.81948115
Cd -14.37027010 -19.99613555 -31.15081011
S -11.50191172 -17.23035149 -28.53939777
Cd -14.38009668 -14.38009668 -26.01226721
Se -11.53161821 -11.53161821 -23.04974377
Cd -14.38701307 -8.66375115 -20.14466801
Se -11.52184832 -5.76802953 -17.27109398
Cd -14.39483654 -2.88147308 -14.39483654
Se -11.51668937 -0.00448428 -11.51668937
Cd -14.38553909  2.87665428 -8.63733278
Se -11.51228631  5.75714471 -5.75714471
Cd -14.38553909  8.63733278 -2.87665428
Se -11.51668937  11.51668937  0.00448428
Cd -14.39483654  14.39483654  2.88147308
Se -11.52184832  17.27109398  5.76802953
Cd -14.38701307  20.14466801  8.66375115
Se -11.53161821  23.04974377  11.53161821
Cd -14.38009668  26.01226721  14.38009668
S -11.50191172  28.53939777  17.23035149
Cd -14.37027010  31.15081011  19.99613555
S -11.43110368  33.81948115  22.67066474
Cd -8.73096870 -25.55117406 -31.11036998
S -5.86138200 -22.84262980 -28.44906887
Cd -8.85287493 -20.17868308 -25.83765652
Se -5.84590514 -17.30565707 -23.02990165
Cd -8.66375115 -14.38701307 -20.14466801
Se -5.76802953 -11.52184832 -17.27109398
Cd -8.64559088 -8.64559088 -14.39030120
Se -5.76598863 -5.76598863 -11.51296661
Cd -8.63927920 -2.88018807 -8.63927920
Se -5.76088637 -0.00250474 -5.76088637
Cd -8.63306200  2.87986682 -2.87986682
Se -5.76088637  5.76088637  0.00250474
Cd -8.63927920  8.63927920  2.88018807
Se -5.76598863  11.51296661  5.76598863
Cd -8.64559088  14.39030120  8.64559088
Se -5.76802953  17.27109398  11.52184832
Cd -8.66375115  20.14466801  14.38701307
Se -5.84590514  23.02990165  17.30565707
Cd -8.85287493  25.83765652  20.17868308
S -5.86138200  28.44906887  22.84262980
Cd -8.73096870  31.11036998  25.55117406
S -0.02768241 -28.29052086 -28.29052086
Cd -3.17923721 -25.74694968 -25.74694968
Se -0.02713987 -22.99267405 -22.99267405
Cd -2.93240120 -20.12992815 -20.12992815
Se -0.00616107 -17.27460887 -17.27460887
Cd -2.88147308 -14.39483654 -14.39483654
Se -0.00448428 -11.51668937 -11.51668937
Cd -2.88018807 -8.63927920 -8.63927920
Se -0.00250474 -5.76088637 -5.76088637
Cd -2.88035815 -2.88035815 -2.88035815
Se -0.00000000  0.00000000  0.00000001
Cd -2.88035815  2.88035815  2.88035815
Se -0.00250474  5.76088637  5.76088637
Cd -2.88018807  8.63927920  8.63927920
Se -0.00448428  11.51668937  11.51668937
Cd -2.88147308  14.39483654  14.39483654
Se -0.00616107  17.27460887  17.27460887
Cd -2.93240120  20.12992815  20.12992815
Se -0.02713987  22.99267405  22.99267405
Cd -3.17923721  25.74694968  25.74694968
S -0.02768241  28.29052086  28.29052086
Cd  2.74040504 -31.02892279 -25.47671886
S  5.81829624 -28.47401325 -22.84622028
Cd  2.91348504 -25.87072673 -20.15902993
Se  5.80123202 -23.00628008 -17.27398526
Cd  2.89044928 -20.14655774 -14.40547570
Se  5.75202355 -17.27330496 -11.50591793
Cd  2.87665428 -14.38553909 -8.63733278
Se  5.75714471 -11.51228631 -5.75714471
Cd  2.87986682 -8.63306200 -2.87986682
Se  5.76088637 -5.76088637  0.00250474
Cd  2.88035815 -2.88035815  2.88035815
Se  5.76088637 -0.00250474  5.76088637
Cd  2.87986682  2.87986682  8.63306200
Se  5.75714471  5.75714471  11.51228631
Cd  2.87665428  8.63733278  14.38553909
Se  5.75202355  11.50591793  17.27330496
Cd  2.89044928  14.40547570  20.14655774
Se  5.80123202  17.27398526  23.00628008
Cd  2.91348504  20.15902993  25.87072673
S  5.81829624  22.84622028  28.47401325
Cd  2.74040504  25.47671886  31.02892279
S  11.37804018 -33.77488362 -22.63494892
Cd  8.48917826 -31.15307778 -19.89144473
S  11.47804448 -28.55092510 -17.20325282
Cd  8.67456038 -25.92855234 -14.42289897
Se  11.49512760 -23.03764953 -11.49512760
Cd  8.62246064 -20.15468356 -8.62246064
Se  11.50591793 -17.27330496 -5.75202355
Cd  8.63733278 -14.38553909 -2.87665428
Se  11.51668937 -11.51668937  0.00448428
Cd  8.63927920 -8.63927920  2.88018807
Se  11.51296661 -5.76598863  5.76598863
Cd  8.63927920 -2.88018807  8.63927920
Se  11.51668937 -0.00448428  11.51668937
Cd  8.63733278  2.87665428  14.38553909
Se  11.50591793  5.75202355  17.27330496
Cd  8.62246064  8.62246064  20.15468356
Se  11.49512760  11.49512760  23.03764953
Cd  8.67456038  14.42289897  25.92855234
S  11.47804448  17.20325282  28.55092510
Cd  8.48917826  19.89144473  31.15307778
S  11.37804018  22.63494892  33.77488362
S  17.01182358 -33.73085301 -17.01182358
Cd  14.19259806 -31.12416498 -14.19259806
S  17.20325282 -28.55092510 -11.47804448
Cd  14.42289897 -25.92855234 -8.67456038
Se  17.27398526 -23.00628008 -5.80123202
Cd  14.40547570 -20.14655774 -2.89044928
Se  17.27460887 -17.27460887  0.00616107
Cd  14.39483654 -14.39483654  2.88147308
Se  17.27109398 -11.52184832  5.76802953
Cd  14.39030120 -8.64559088  8.64559088
Se  17.27109398 -5.76802953  11.52184832
Cd  14.39483654 -2.88147308  14.39483654
Se  17.27460887 -0.00616107  17.27460887
Cd  14.40547570  2.89044928  20.14655774
Se  17.27398526  5.80123202  23.00628008
Cd  14.42289897  8.67456038  25.92855234
S  17.20325282  11.47804448  28.55092510
Cd  14.19259806  14.19259806  31.12416498
S  17.01182358  17.01182358  33.73085301
S  22.63494892 -33.77488362 -11.37804018
Cd  19.89144473 -31.15307778 -8.48917826
S  22.84622028 -28.47401325 -5.81829624
Cd  20.15902993 -25.87072673 -2.91348504
Se  22.99267405 -22.99267405  0.02713987
Cd  20.12992815 -20.12992815  2.93240120
Se  23.02990165 -17.30565707  5.84590514
Cd  20.14466801 -14.38701307  8.66375115
Se  23.04974377 -11.53161821  11.53161821
Cd  20.14466801 -8.66375115  14.38701307
Se  23.02990165 -5.84590514  17.30565707
Cd  20.12992815 -2.93240120  20.12992815
Se  22.99267405 -0.02713987  22.99267405
Cd  20.15902993  2.91348504  25.87072673
S  22.84622028  5.81829624  28.47401325
Cd  19.89144473  8.48917826  31.15307778
S  22.63494892  11.37804018  33.77488362
Cd  25.47671886 -31.02892279 -2.74040504
S  28.29052086 -28.29052086  0.02768241
Cd  25.74694968 -25.74694968  3.17923721
S  28.44906887 -22.84262980  5.86138200
Cd  25.83765652 -20.17868308  8.85287493
S  28.53939777 -17.23035149  11.50191172
Cd  26.01226721 -14.38009668  14.38009668
S  28.53939777 -11.50191172  17.23035149
Cd  25.83765652 -8.85287493  20.17868308
S  28.44906887 -5.86138200  22.84262980
Cd  25.74694968 -3.17923721  25.74694968
S  28.29052086 -0.02768241  28.29052086
Cd  25.47671886  2.74040504  31.02892279
Cd  31.11036998 -25.55117406  8.73096870
S  33.81948115 -22.67066474  11.43110368
Cd  31.15081011 -19.99613555  14.37027010
S  33.81135533 -17.06135329  17.06135329
Cd  31.15081011 -14.37027010  19.99613555
S  33.81948115 -11.43110368  22.67066474
Cd  31.11036998 -8.73096870  25.55117406
S -28.25386017  11.40411840 -28.25386017
Cd -30.98167964  14.12453013 -25.40245263
S -28.31168579  17.07027280 -22.73397056
Cd -30.94350717  19.77125816 -19.77125816
S -28.31168579  22.73397056 -17.07027280
Cd -30.98167964  25.40245263 -14.12453013
S -28.25386017  28.25386017 -11.40411840
S -22.70713645 -0.00718432 -33.82326061
Cd -25.47671886  2.74040504 -31.02892279
S -22.84622028  5.81829624 -28.47401325
Cd -25.58481119  8.49641591 -25.58481119
S -22.93258076  11.46415499 -22.93258076
Cd -25.73617824  14.09051507 -20.06548849
Se -23.00061090  17.20115522 -17.20115522
Cd -25.73617824  20.06548849 -14.09051507
S -22.93258076  22.93258076 -11.46415499
Cd -25.58481119  25.58481119 -8.49641591
S -22.84622028  28.47401325 -5.81829624
Cd -25.47671886  31.02892279 -2.74040504
S -22.70713645  33.82326061  0.00718432
S -17.13552504 -5.77967024 -33.97632841
Cd -20.12747150 -3.15718411 -31.31918470
Se -17.25123296 -0.02481456 -28.67621393
Cd -20.15902993  2.91348504 -25.87072673
Se -17.27398526  5.80123202 -23.00628008
Cd -20.19965904  8.71743827 -20.19965904
Se -17.26483899  11.48365696 -17.26483899
Cd -20.10422787  14.34135729 -14.34135729
Se -17.26483899  17.26483899 -11.48365696
Cd -20.19965904  20.19965904 -8.71743827
Se -17.27398526  23.00628008 -5.80123202
Cd -20.15902993  25.87072673 -2.91348504
Se -17.25123296  28.67621393  0.02481456
Cd -20.12747150  31.31918470  3.15718411
S -17.13552504  33.97632841  5.77967024
S -11.46001649 -11.46001649 -33.97576149
Cd -14.49304560 -8.80825850 -31.39401785
Se -11.51428942 -5.77521049 -28.74499996
Cd -14.38310134 -2.92882962 -25.82801892
Se -11.51128476 -0.00390344 -22.99569761
Cd -14.40547570  2.89044928 -20.14655774
Se -11.50591793  5.75202355 -17.27330496
Cd -14.38444305  8.61811427 -14.38444305
Se -11.51181388  11.51181388 -11.51181388
Cd -14.38444305  14.38444305 -8.61811427
Se -11.50591793  17.27330496 -5.75202355
Cd -14.40547570  20.14655774 -2.89044928
Se -11.51128476  22.99569761  0.00390344
Cd -14.38310134  25.82801892  2.92882962
Se -11.51428942  28.74499996  5.77521049
Cd -14.49304560  31.39401785  8.80825850
S -11.46001649  33.97576149  11.46001649
S -5.77967024 -17.13552504 -33.97632841
Cd -8.80825850 -14.49304560 -31.39401785
Se -5.77521049 -11.51428942 -28.74499996
Cd -8.62419919 -8.62419919 -25.86146707
Se -5.74115763 -5.74115763 -23.00457932
Cd -8.63107779 -2.88107624 -20.12482589
Se -5.75298731 -0.00104501 -17.25376519
Cd -8.63733278  2.87665428 -14.38553909
Se -5.75714471  5.75714471 -11.51228631
Cd -8.63398797  8.63398797 -8.63398797
Se -5.75714471  11.51228631 -5.75714471
Cd -8.63733278  14.38553909 -2.87665428
Se -5.75298731  17.25376519  0.00104501
Cd -8.63107779  20.12482589  2.88107624
Se -5.74115763  23.00457932  5.74115763
Cd -8.62419919  25.86146707  8.62419919
Se -5.77521049  28.74499996  11.51428942
Cd -8.80825850  31.39401785  14.49304560
S -5.77967024  33.97632841  17.13552504
S -0.00718432 -22.70713645 -33.82326061
Cd -3.15718411 -20.12747150 -31.31918470
Se -0.02481456 -17.25123296 -28.67621393
Cd -2.92882962 -14.38310134 -25.82801892
Se -0.00390344 -11.51128476 -22.99569761
Cd -2.88107624 -8.63107779 -20.12482589
Se -0.00104501 -5.75298731 -17.25376519
Cd -2.87977233 -2.87977233 -14.37382279
Se -0.00000000  0.00000000 -11.50342350
Cd -2.87986682  2.87986682 -8.63306200
Se  0.00250474  5.76088637 -5.76088637
Cd -2.87986682  8.63306200 -2.87986682
Se -0.00000000  11.50342350  0.00000000
Cd -2.87977233  14.37382279  2.87977233
Se -0.00104501  17.25376519  5.75298731
Cd -2.88107624  20.12482589  8.63107779
Se -0.00390344  22.99569761  11.51128476
Cd -2.92882962  25.82801892  14.38310134
Se -0.02481456  28.67621393  17.25123296
Cd -3.15718411  31.31918470  20.12747150
S -0.00718432  33.82326061  22.70713645
Cd  2.74040504 -25.47671886 -31.02892279
S  5.81829624 -22.84622028 -28.47401325
Cd  2.91348504 -20.15902993 -25.87072673
Se  5.80123202 -17.27398526 -23.00628008
Cd  2.89044928 -14.40547570 -20.14655774
Se  5.75202355 -11.50591793 -17.27330496
Cd  2.87665428 -8.63733278 -14.38553909
Se  5.75714471 -5.75714471 -11.51228631
Cd  2.87986682 -2.87986682 -8.63306200
Se  5.76088637  0.00250474 -5.76088637
Cd  2.88035815  2.88035815 -2.88035815
Se  5.76088637  5.76088637 -0.00250474
Cd  2.87986682  8.63306200  2.87986682
Se  5.75714471  11.51228631  5.75714471
Cd  2.87665428  14.38553909  8.63733278
Se  5.75202355  17.27330496  11.50591793
Cd  2.89044928  20.14655774  14.40547570
Se  5.80123202  23.00628008  17.27398526
Cd  2.91348504  25.87072673  20.15902993
S  5.81829624  28.47401325  22.84622028
Cd  2.74040504  31.02892279  25.47671886
S  11.40411840 -28.25386017 -28.25386017
Cd  8.49641591 -25.58481119 -25.58481119
S  11.46415499 -22.93258076 -22.93258076
Cd  8.71743827 -20.19965904 -20.19965904
Se  11.48365696 -17.26483899 -17.26483899
Cd  8.61811427 -14.38444305 -14.38444305
Se  11.51181388 -11.51181388 -11.51181388
Cd  8.63398797 -8.63398797 -8.63398797
Se  11.51228631 -5.75714471 -5.75714471
Cd  8.63306200 -2.87986682 -2.87986682
Se  11.50342350 -0.00000000 -0.00000000
Cd  8.63306200  2.87986682  2.87986682
Se  11.51228631  5.75714471  5.75714471
Cd  8.63398797  8.63398797  8.63398797
Se  11.51181388  11.51181388  11.51181388
Cd  8.61811427  14.38444305  14.38444305
Se  11.48365696  17.26483899  17.26483899
Cd  8.71743827  20.19965904  20.19965904
S  11.46415499  22.93258076  22.93258076
Cd  8.49641591  25.58481119  25.58481119
S  11.40411840  28.25386017  28.25386017
Cd  14.12453013 -30.98167964 -25.40245263
S  17.07027280 -28.31168579 -22.73397056
Cd  14.09051507 -25.73617824 -20.06548849
Se  17.20115522 -23.00061090 -17.20115522
Cd  14.34135729 -20.10422787 -14.34135729
Se  17.26483899 -17.26483899 -11.48365696
Cd  14.38444305 -14.38444305 -8.61811427
Se  17.27330496 -11.50591793 -5.75202355
Cd  14.38553909 -8.63733278 -2.87665428
Se  17.25376519 -5.75298731  0.00104501
Cd  14.37382279 -2.87977233  2.87977233
Se  17.25376519 -0.00104501  5.75298731
Cd  14.38553909  2.87665428  8.63733278
Se  17.27330496  5.75202355  11.50591793
Cd  14.38444305  8.61811427  14.38444305
Se  17.26483899  11.48365696  17.26483899
Cd  14.34135729  14.34135729  20.10422787
Se  17.20115522  17.20115522  23.00061090
Cd  14.09051507  20.06548849  25.73617824
S  17.07027280  22.73397056  28.31168579
Cd  14.12453013  25.40245263  30.98167964
Cd  19.77125816 -30.94350717 -19.77125816
S  22.73397056 -28.31168579 -17.07027280
Cd  20.06548849 -25.73617824 -14.09051507
S  22.93258076 -22.93258076 -11.46415499
Cd  20.19965904 -20.19965904 -8.71743827
Se  23.00628008 -17.27398526 -5.80123202
Cd  20.14655774 -14.40547570 -2.89044928
Se  22.99569761 -11.51128476  0.00390344
Cd  20.12482589 -8.63107779  2.88107624
Se  23.00457932 -5.74115763  5.74115763
Cd  20.12482589 -2.88107624  8.63107779
Se  22.99569761 -0.00390344  11.51128476
Cd  20.14655774  2.89044928  14.40547570
Se  23.00628008  5.80123202  17.27398526
Cd  20.19965904  8.71743827  20.19965904
S  22.93258076  11.46415499  22.93258076
Cd  20.06548849  14.09051507  25.73617824
S  22.73397056  17.07027280  28.31168579
Cd  19.77125816  19.77125816  30.94350717
Cd  25.40245263 -30.98167964 -14.12453013
S  28.25386017 -28.25386017 -11.40411840
Cd  25.58481119 -25.58481119 -8.49641591
S  28.47401325 -22.84622028 -5.81829624
Cd  25.87072673 -20.15902993 -2.91348504
Se  28.67621393 -17.25123296  0.02481456
Cd  25.82801892 -14.38310134  2.92882962
Se  28.74499996 -11.51428942  5.77521049
Cd  25.86146707 -8.62419919  8.62419919
Se  28.74499996 -5.77521049  11.51428942
Cd  25.82801892 -2.92882962  14.38310134
Se  28.67621393 -0.02481456  17.25123296
Cd  25.87072673  2.91348504  20.15902993
S  28.47401325  5.81829624  22.84622028
Cd  25.58481119  8.49641591  25.58481119
S  28.25386017  11.40411840  28.25386017
Cd  25.40245263  14.12453013  30.98167964
Cd  31.02892279 -25.47671886 -2.74040504
S  33.82326061 -22.70713645  0.00718432
Cd  31.31918470 -20.12747150  3.15718411
S  33.97632841 -17.13552504  5.77967024
Cd  31.39401785 -14.49304560  8.80825850
S  33.97576149 -11.46001649  11.46001649
Cd  31.39401785 -8.80825850  14.49304560
S  33.97632841 -5.77967024  17.13552504
Cd  31.31918470 -3.15718411  20.12747150
S  33.82326061 -0.00718432  22.70713645
Cd  31.02892279  2.74040504  25.47671886
S -22.63494892  11.37804018 -33.77488362
Cd -25.40245263  14.12453013 -30.98167964
S -22.73397056  17.07027280 -28.31168579
Cd -25.45442009  19.80338350 -25.45442009
S -22.81088241  22.81088241 -22.81088241
Cd -25.45442009  25.45442009 -19.80338350
S -22.73397056  28.31168579 -17.07027280
Cd -25.40245263  30.98167964 -14.12453013
S -22.63494892  33.77488362 -11.37804018
Cd -19.85232740  2.76270381 -36.51404144
S -17.12573626  5.76073519 -33.97179307
Cd -19.89144473  8.48917826 -31.15307778
S -17.20325282  11.47804448 -28.55092510
Cd -20.06548849  14.09051507 -25.73617824
Se -17.20115522  17.20115522 -23.00061090
Cd -20.08060630  20.08060630 -20.08060630
Se -17.20115522  23.00061090 -17.20115522
Cd -20.06548849  25.73617824 -14.09051507
S -17.20325282  28.55092510 -11.47804448
Cd -19.89144473  31.15307778 -8.48917826
S -17.12573626  33.97179307 -5.76073519
Cd -19.85232740  36.51404144 -2.76270381
Cd -14.28663083 -2.97284134 -36.63196034
S -11.42730533 -0.02736021 -34.18835567
Cd -14.29528577  2.76306285 -31.59886415
Se -11.49533547  5.74444575 -28.73158290
Cd -14.42289897  8.67456038 -25.92855234
Se -11.49512760  11.49512760 -23.03764953
Cd -14.34135729  14.34135729 -20.10422787
Se -11.48365696  17.26483899 -17.26483899
Cd -14.34135729  20.10422787 -14.34135729
Se -11.49512760  23.03764953 -11.49512760
Cd -14.42289897  25.92855234 -8.67456038
Se -11.49533547  28.73158290 -5.74444575
Cd -14.29528577  31.59886415 -2.76306285
S -11.42730533  34.18835567  0.02736021
Cd -14.28663083  36.63196034  2.97284134
Cd -8.64048862 -8.64048862 -36.65218041
S -5.72964920 -5.72964920 -34.22577224
Cd -8.61546865 -2.92839498 -31.67237449
Se -5.74512605 -0.00822386 -28.80433735
Cd -8.61287973  2.84708007 -25.88395481
Se -5.73921121  5.73921121 -23.01818535
Cd -8.62246064  8.62246064 -20.15468356
Se -5.75202355  11.50591793 -17.27330496
Cd -8.61811427  14.38444305 -14.38444305
Se -5.75202355  17.27330496 -11.50591793
Cd -8.62246064  20.15468356 -8.62246064
Se -5.73921121  23.01818535 -5.73921121
Cd -8.61287973  25.88395481 -2.84708007
Se -5.74512605  28.80433735  0.00822386
Cd -8.61546865  31.67237449  2.92839498
S -5.72964920  34.22577224  5.72964920
Cd -8.64048862  36.65218041  8.64048862
Cd -2.97284134 -14.28663083 -36.63196034
S -0.02736021 -11.42730533 -34.18835567
Cd -2.92839498 -8.61546865 -31.67237449
Se -0.00822386 -5.74512605 -28.80433735
Cd -2.87540706 -2.87540706 -25.90757639
Se  0.00000000  0.00000000 -23.02574425
Cd -2.86875523  2.86875523 -20.13219582
Se  0.00104502  5.75298731 -17.25376519
Cd -2.87665428  8.63733278 -14.38553909
Se  0.00448428  11.51668937 -11.51668937
Cd -2.87665428  14.38553909 -8.63733278
Se  0.00104501  17.25376519 -5.75298731
Cd -2.86875523  20.13219582 -2.86875523
Se  0.00000000  23.02574425  0.00000000
Cd -2.87540706  25.90757639  2.87540706
Se -0.00822386  28.80433735  5.74512605
Cd -2.92839498  31.67237449  8.61546865
S -0.02736021  34.18835567  11.42730533
Cd -2.97284134  36.63196034  14.28663083
Cd  2.76270381 -19.85232740 -36.51404144
S  5.76073519 -17.12573626 -33.97179307
Cd  2.76306285 -14.29528577 -31.59886415
Se  5.74444575 -11.49533547 -28.73158290
Cd  2.84708007 -8.61287973 -25.88395481
Se  5.73921121 -5.73921121 -23.01818535
Cd  2.86875523 -2.86875523 -20.13219582
Se  5.75298731  0.00104502 -17.25376519
Cd  2.87977233  2.87977233 -14.37382279
Se  5.76598863  5.76598863 -11.51296661
Cd  2.88018807  8.63927920 -8.63927920
Se  5.76598863  11.51296661 -5.76598863
Cd  2.87977233  14.37382279 -2.87977233
Se  5.75298731  17.25376519 -0.00104501
Cd  2.86875523  20.13219582  2.86875523
Se  5.73921121  23.01818535  5.73921121
Cd  2.84708007  25.88395481  8.61287973
Se  5.74444575  28.73158290  11.49533547
Cd  2.76306285  31.59886415  14.29528577
S  5.76073519  33.97179307  17.12573626
Cd  2.76270381  36.51404144  19.85232740
S  11.37804018 -22.63494892 -33.77488362
Cd  8.48917826 -19.89144473 -31.15307778
S  11.47804448 -17.20325282 -28.55092510
Cd  8.67456038 -14.42289897 -25.92855234
Se  11.49512760 -11.49512760 -23.03764953
Cd  8.62246064 -8.62246064 -20.15468356
Se  11.50591793 -5.75202355 -17.27330496
Cd  8.63733278 -2.87665428 -14.38553909
Se  11.51668937  0.00448428 -11.51668937
Cd  8.63927920  2.88018807 -8.63927920
Se  11.51296661  5.76598863 -5.76598863
Cd  8.63927920  8.63927920 -2.88018807
Se  11.51668937  11.51668937 -0.00448428
Cd  8.63733278  14.38553909  2.87665428
Se  11.50591793  17.27330496  5.75202355
Cd  8.62246064  20.15468356  8.62246064
Se  11.49512760  23.03764953  11.49512760
Cd  8.67456038  25.92855234  14.42289897
S  11.47804448  28.55092510  17.20325282
Cd  8.48917826  31.15307778  19.89144473
S  11.37804018  33.77488362  22.63494892
Cd  14.12453013 -25.40245263 -30.98167964
S  17.07027280 -22.73397056 -28.31168579
Cd  14.09051507 -20.06548849 -25.73617824
Se  17.20115522 -17.20115522 -23.00061090
Cd  14.34135729 -14.34135729 -20.10422787
Se  17.26483899 -11.48365696 -17.26483899
Cd  14.38444305 -8.61811427 -14.38444305
Se  17.27330496 -5.75202355 -11.50591793
Cd  14.38553909 -2.87665428 -8.63733278
Se  17.25376519  0.00104501 -5.75298731
Cd  14.37382279  2.87977233 -2.87977233
Se  17.25376519  5.75298731 -0.00104501
Cd  14.38553909  8.63733278  2.87665428
Se  17.27330496  11.50591793  5.75202355
Cd  14.38444305  14.38444305  8.61811427
Se  17.26483899  17.26483899  11.48365696
Cd  14.34135729  20.10422787  14.34135729
Se  17.20115522  23.00061090  17.20115522
Cd  14.09051507  25.73617824  20.06548849
S  17.07027280  28.31168579  22.73397056
Cd  14.12453013  30.98167964  25.40245263
Cd  19.80338350 -25.45442009 -25.45442009
S  22.81088241 -22.81088241 -22.81088241
Cd  20.08060630 -20.08060630 -20.08060630
Se  23.00061090 -17.20115522 -17.20115522
Cd  20.10422787 -14.34135729 -14.34135729
Se  23.03764953 -11.49512760 -11.49512760
Cd  20.15468356 -8.62246064 -8.62246064
Se  23.01818535 -5.73921121 -5.73921121
Cd  20.13219582 -2.86875523 -2.86875523
Se  23.02574425  0.00000000  0.00000000
Cd  20.13219582  2.86875523  2.86875523
Se  23.01818535  5.73921121  5.73921121
Cd  20.15468356  8.62246064  8.62246064
Se  23.03764953  11.49512760  11.49512760
Cd  20.10422787  14.34135729  14.34135729
Se  23.00061090  17.20115522  17.20115522
Cd  20.08060630  20.08060630  20.08060630
S  22.81088241  22.81088241  22.81088241
Cd  19.80338350  25.45442009  25.45442009
Cd  25.45442009 -25.45442009 -19.80338350
S  28.31168579 -22.73397056 -17.07027280
Cd  25.73617824 -20.06548849 -14.09051507
S  28.55092510 -17.20325282 -11.47804448
Cd  25.92855234 -14.42289897 -8.67456038
Se  28.73158290 -11.49533547 -5.74444575
Cd  25.88395481 -8.61287973 -2.84708007
Se  28.80433735 -5.74512605  0.00822386
Cd  25.90757639 -2.87540706  2.87540706
Se  28.80433735 -0.00822386  5.74512605
Cd  25.88395481  2.84708007  8.61287973
Se  28.73158290  5.74444575  11.49533547
Cd  25.92855234  8.67456038  14.42289897
S  28.55092510  11.47804448  17.20325282
Cd  25.73617824  14.09051507  20.06548849
S  28.31168579  17.07027280  22.73397056
Cd  25.45442009  19.80338350  25.45442009
Cd  30.98167964 -25.40245263 -14.12453013
S  33.77488362 -22.63494892 -11.37804018
Cd  31.15307778 -19.89144473 -8.48917826
S  33.97179307 -17.12573626 -5.76073519
Cd  31.59886415 -14.29528577 -2.76306285
S  34.18835567 -11.42730533  0.02736021
Cd  31.67237449 -8.61546865  2.92839498
S  34.22577224 -5.72964920  5.72964920
Cd  31.67237449 -2.92839498  8.61546865
S  34.18835567 -0.02736021  11.42730533
Cd  31.59886415  2.76306285  14.29528577
S  33.97179307  5.76073519  17.12573626
Cd  31.15307778  8.48917826  19.89144473
S  33.77488362  11.37804018  22.63494892
Cd  30.98167964  14.12453013  25.40245263
Cd  36.51404144 -19.85232740 -2.76270381
Cd  36.63196034 -14.28663083  2.97284134
Cd  36.65218041 -8.64048862  8.64048862
Cd  36.63196034 -2.97284134  14.28663083
Cd  36.51404144  2.76270381  19.85232740
S -17.01182358  17.01182358 -33.73085301
Cd -19.77125816  19.77125816 -30.94350717
S -17.07027280  22.73397056 -28.31168579
Cd -19.80338350  25.45442009 -25.45442009
S -17.07027280  28.31168579 -22.73397056
Cd -19.77125816  30.94350717 -19.77125816
S -17.01182358  33.73085301 -17.01182358
Cd -14.18384863  8.50102685 -36.58037082
S -11.45816456  11.45816456 -33.97916300
Cd -14.19259806  14.19259806 -31.12416498
S -11.47804448  17.20325282 -28.55092510
Cd -14.09051507  20.06548849 -25.73617824
S -11.46415499  22.93258076 -22.93258076
Cd -14.09051507  25.73617824 -20.06548849
S -11.47804448  28.55092510 -17.20325282
Cd -14.19259806  31.12416498 -14.19259806
S -11.45816456  33.97916300 -11.45816456
Cd -14.18384863  36.58037082 -8.50102685
Cd -8.53101680  2.79331737 -36.74609979
S -5.70209699  5.70209699 -34.22255971
Cd -8.53198056  8.53198056 -31.63136743
Se -5.74444575  11.49533547 -28.73158290
Cd -8.67456038  14.42289897 -25.92855234
Se -5.80123202  17.27398526 -23.00628008
Cd -8.71743827  20.19965904 -20.19965904
Se -5.80123202  23.00628008 -17.27398526
Cd -8.67456038  25.92855234 -14.42289897
Se -5.74444575  28.73158290 -11.49533547
Cd -8.53198056  31.63136743 -8.53198056
S -5.70209699  34.22255971 -5.70209699
Cd -8.53101680  36.74609979 -2.79331737
Cd -2.87338506 -2.87338506 -36.79145322
S  0.00000000  0.00000000 -34.27150361
Cd -2.84241245  2.84241245 -31.71243668
Se  0.00822386  5.74512605 -28.80433735
Cd -2.84708007  8.61287973 -25.88395481
Se  0.00390344  11.51128476 -22.99569761
Cd -2.89044928  14.40547570 -20.14655774
Se  0.00616107  17.27460887 -17.27460887
Cd -2.89044928  20.14655774 -14.40547570
Se  0.00390344  22.99569761 -11.51128476
Cd -2.84708007  25.88395481 -8.61287973
Se  0.00822386  28.80433735 -5.74512605
Cd -2.84241245  31.71243668 -2.84241245
S  0.00000000  34.27150361  0.00000000
Cd -2.87338506  36.79145322  2.87338506
Cd  2.79331737 -8.53101680 -36.74609979
S  5.70209699 -5.70209699 -34.22255971
Cd  2.84241245 -2.84241245 -31.71243668
Se  5.74512605  0.00822386 -28.80433735
Cd  2.87540706  2.87540706 -25.90757639
Se  5.74115763  5.74115763 -23.00457932
Cd  2.88107624  8.63107779 -20.12482589
Se  5.76802953  11.52184832 -17.27109398
Cd  2.88147308  14.39483654 -14.39483654
Se  5.76802953  17.27109398 -11.52184832
Cd  2.88107624  20.12482589 -8.63107779
Se  5.74115763  23.00457932 -5.74115763
Cd  2.87540706  25.90757639 -2.87540706
Se  5.74512605  28.80433735 -0.00822384
Cd  2.84241245  31.71243668  2.84241245
S  5.70209699  34.22255971  5.70209699
Cd  2.79331737  36.74609979  8.53101680
Cd  8.50102685 -14.18384863 -36.58037082
S  11.45816456 -11.45816456 -33.97916300
Cd  8.53198056 -8.53198056 -31.63136743
Se  11.49533547 -5.74444575 -28.73158290
Cd  8.61287973 -2.84708007 -25.88395481
Se  11.51128476  0.00390344 -22.99569761
Cd  8.63107779  2.88107624 -20.12482589
Se  11.52184832  5.76802953 -17.27109398
Cd  8.64559088  8.64559088 -14.39030120
Se  11.53462287  11.53462287 -11.53462287
Cd  8.64559088  14.39030120 -8.64559088
Se  11.52184832  17.27109398 -5.76802953
Cd  8.63107779  20.12482589 -2.88107624
Se  11.51128476  22.99569761 -0.00390344
Cd  8.61287973  25.88395481  2.84708007
Se  11.49533547  28.73158290  5.74444575
Cd  8.53198056  31.63136743  8.53198056
S  11.45816456  33.97916300  11.45816456
Cd  8.50102685  36.58037082  14.18384863
S  17.01182358 -17.01182358 -33.73085301
Cd  14.19259806 -14.19259806 -31.12416498
S  17.20325282 -11.47804448 -28.55092510
Cd  14.42289897 -8.67456038 -25.92855234
Se  17.27398526 -5.80123202 -23.00628008
Cd  14.40547570 -2.89044928 -20.14655774
Se  17.27460887  0.00616107 -17.27460887
Cd  14.39483654  2.88147308 -14.39483654
Se  17.27109398  5.76802953 -11.52184832
Cd  14.39030120  8.64559088 -8.64559088
Se  17.27109398  11.52184832 -5.76802953
Cd  14.39483654  14.39483654 -2.88147308
Se  17.27460887  17.27460887 -0.00616107
Cd  14.40547570  20.14655774  2.89044928
Se  17.27398526  23.00628008  5.80123202
Cd  14.42289897  25.92855234  8.67456038
S  17.20325282  28.55092510  11.47804448
Cd  14.19259806  31.12416498  14.19259806
S  17.01182358  33.73085301  17.01182358
Cd  19.77125816 -19.77125816 -30.94350717
S  22.73397056 -17.07027280 -28.31168579
Cd  20.06548849 -14.09051507 -25.73617824
S  22.93258076 -11.46415499 -22.93258076
Cd  20.19965904 -8.71743827 -20.19965904
Se  23.00628008 -5.80123202 -17.27398526
Cd  20.14655774 -2.89044928 -14.40547570
Se  22.99569761  0.00390344 -11.51128476
Cd  20.12482589  2.88107624 -8.63107779
Se  23.00457932  5.74115763 -5.74115763
Cd  20.12482589  8.63107779 -2.88107624
Se  22.99569761  11.51128476 -0.00390344
Cd  20.14655774  14.40547570  2.89044928
Se  23.00628008  17.27398526  5.80123202
Cd  20.19965904  20.19965904  8.71743827
S  22.93258076  22.93258076  11.46415499
Cd  20.06548849  25.73617824  14.09051507
S  22.73397056  28.31168579  17.07027280
Cd  19.77125816  30.94350717  19.77125816
Cd  25.45442009 -19.80338350 -25.45442009
S  28.31168579 -17.07027280 -22.73397056
Cd  25.73617824 -14.09051507 -20.06548849
S  28.55092510 -11.47804448 -17.20325282
Cd  25.92855234 -8.67456038 -14.42289897
Se  28.73158290 -5.74444575 -11.49533547
Cd  25.88395481 -2.84708007 -8.61287973
Se  28.80433735  0.00822386 -5.74512605
Cd  25.90757639  2.87540706 -2.87540706
Se  28.80433735  5.74512605 -0.00822384
Cd  25.88395481  8.61287973  2.84708007
Se  28.73158290  11.49533547  5.74444575
Cd  25.92855234  14.42289897  8.67456038
S  28.55092510  17.20325282  11.47804448
Cd  25.73617824  20.06548849  14.09051507
S  28.31168579  22.73397056  17.07027280
Cd  25.45442009  25.45442009  19.80338350
Cd  30.94350717 -19.77125816 -19.77125816
S  33.73085301 -17.01182358 -17.01182358
Cd  31.12416498 -14.19259806 -14.19259806
S  33.97916300 -11.45816456 -11.45816456
Cd  31.63136743 -8.53198056 -8.53198056
S  34.22255971 -5.70209699 -5.70209699
Cd  31.71243668 -2.84241245 -2.84241245
S  34.27150361  0.00000000  0.00000000
Cd  31.71243668  2.84241245  2.84241245
S  34.22255971  5.70209699  5.70209699
Cd  31.63136743  8.53198056  8.53198056
S  33.97916300  11.45816456  11.45816456
Cd  31.12416498  14.19259806  14.19259806
S  33.73085301  17.01182358  17.01182358
Cd  30.94350717  19.77125816  19.77125816
Cd  36.58037082 -14.18384863 -8.50102685
Cd  36.74609979 -8.53101680 -2.79331737
Cd  36.79145322 -2.87338506  2.87338506
Cd  36.74609979  2.79331737  8.53101680
Cd  36.58037082  8.50102685  14.18384863
S -11.37804018  22.63494892 -33.77488362
Cd -14.12453013  25.40245263 -30.98167964
S -11.40411840  28.25386017 -28.25386017
Cd -14.12453013  30.98167964 -25.40245263
S -11.37804018  33.77488362 -22.63494892
Cd -8.50102685  14.18384863 -36.58037082
S -5.76073519  17.12573626 -33.97179307
Cd -8.48917826  19.89144473 -31.15307778
S -5.81829624  22.84622028 -28.47401325
Cd -8.49641591  25.58481119 -25.58481119
S -5.81829624  28.47401325 -22.84622028
Cd -8.48917826  31.15307778 -19.89144473
S -5.76073519  33.97179307 -17.12573626
Cd -8.50102685  36.58037082 -14.18384863
Cd -2.79331737  8.53101680 -36.74609979
S  0.02736021  11.42730533 -34.18835567
Cd -2.76306285  14.29528577 -31.59886415
Se  0.02481456  17.25123296 -28.67621393
Cd -2.91348504  20.15902993 -25.87072673
Se  0.02713987  22.99267405 -22.99267405
Cd -2.91348504  25.87072673 -20.15902993
Se  0.02481456  28.67621393 -17.25123296
Cd -2.76306285  31.59886415 -14.29528577
S  0.02736021  34.18835567 -11.42730533
Cd -2.79331737  36.74609979 -8.53101680
Cd  2.87338506  2.87338506 -36.79145322
S  5.72964920  5.72964920 -34.22577224
Cd  2.92839498  8.61546865 -31.67237449
Se  5.77521049  11.51428942 -28.74499996
Cd  2.92882962  14.38310134 -25.82801892
Se  5.84590514  17.30565707 -23.02990165
Cd  2.93240120  20.12992815 -20.12992815
Se  5.84590514  23.02990165 -17.30565707
Cd  2.92882962  25.82801892 -14.38310134
Se  5.77521049  28.74499996 -11.51428942
Cd  2.92839498  31.67237449 -8.61546865
S  5.72964920  34.22577224 -5.72964920
Cd  2.87338506  36.79145322 -2.87338506
Cd  8.53101680 -2.79331737 -36.74609979
S  11.42730533  0.02736021 -34.18835567
Cd  8.61546865  2.92839498 -31.67237449
Se  11.51428942  5.77521049 -28.74499996
Cd  8.62419919  8.62419919 -25.86146707
Se  11.53161821  11.53161821 -23.04974377
Cd  8.66375115  14.38701307 -20.14466801
Se  11.53044658  17.28921645 -17.28921645
Cd  8.66375115  20.14466801 -14.38701307
Se  11.53161821  23.04974377 -11.53161821
Cd  8.62419919  25.86146707 -8.62419919
Se  11.51428942  28.74499996 -5.77521049
Cd  8.61546865  31.67237449 -2.92839498
S  11.42730533  34.18835567 -0.02736021
Cd  8.53101680  36.74609979  2.79331737
Cd  14.18384863 -8.50102685 -36.58037082
S  17.12573626 -5.76073519 -33.97179307
Cd  14.29528577 -2.76306285 -31.59886415
Se  17.25123296  0.02481456 -28.67621393
Cd  14.38310134  2.92882962 -25.82801892
Se  17.30565707  5.84590514 -23.02990165
Cd  14.38701307  8.66375115 -20.14466801
Se  17.28921645  11.53044658 -17.28921645
Cd  14.41677626  14.41677626 -14.41677626
Se  17.28921645  17.28921645 -11.53044658
Cd  14.38701307  20.14466801 -8.66375115
Se  17.30565707  23.02990165 -5.84590514
Cd  14.38310134  25.82801892 -2.92882962
Se  17.25123296  28.67621393 -0.02481456
Cd  14.29528577  31.59886415  2.76306285
S  17.12573626  33.97179307  5.76073519
Cd  14.18384863  36.58037082  8.50102685
S  22.63494892 -11.37804018 -33.77488362
Cd  19.89144473 -8.48917826 -31.15307778
S  22.84622028 -5.81829624 -28.47401325
Cd  20.15902993 -2.91348504 -25.87072673
Se  22.99267405  0.02713987 -22.99267405
Cd  20.12992815  2.93240120 -20.12992815
Se  23.02990165  5.84590514 -17.30565707
Cd  20.14466801  8.66375115 -14.38701307
Se  23.04974377  11.53161821 -11.53161821
Cd  20.14466801  14.38701307 -8.66375115
Se  23.02990165  17.30565707 -5.84590514
Cd  20.12992815  20.12992815 -2.93240120
Se  22.99267405  22.99267405 -0.02713987
Cd  20.15902993  25.87072673  2.91348504
S  22.84622028  28.47401325  5.81829624
Cd  19.89144473  31.15307778  8.48917826
S  22.63494892  33.77488362  11.37804018
Cd  25.40245263 -14.12453013 -30.98167964
S  28.25386017 -11.40411840 -28.25386017
Cd  25.58481119 -8.49641591 -25.58481119
S  28.47401325 -5.81829624 -22.84622028
Cd  25.87072673 -2.91348504 -20.15902993
Se  28.67621393  0.02481456 -17.25123296
Cd  25.82801892  2.92882962 -14.38310134
Se  28.74499996  5.77521049 -11.51428942
Cd  25.86146707  8.62419919 -8.62419919
Se  28.74499996  11.51428942 -5.77521049
Cd  25.82801892  14.38310134 -2.92882962
Se  28.67621393  17.25123296 -0.02481456
Cd  25.87072673  20.15902993  2.91348504
S  28.47401325  22.84622028  5.81829624
Cd  25.58481119  25.58481119  8.49641591
S  28.25386017  28.25386017  11.40411840
Cd  25.40245263  30.98167964  14.12453013
Cd  30.98167964 -14.12453013 -25.40245263
S  33.77488362 -11.37804018 -22.63494892
Cd  31.15307778 -8.48917826 -19.89144473
S  33.97179307 -5.76073519 -17.12573626
Cd  31.59886415 -2.76306285 -14.29528577
S  34.18835567  0.02736021 -11.42730533
Cd  31.67237449  2.92839498 -8.61546865
S  34.22577224  5.72964920 -5.72964920
Cd  31.67237449  8.61546865 -2.92839498
S  34.18835567  11.42730533 -0.02736021
Cd  31.59886415  14.29528577  2.76306285
S  33.97179307  17.12573626  5.76073519
Cd  31.15307778  19.89144473  8.48917826
S  33.77488362  22.63494892  11.37804018
Cd  30.98167964  25.40245263  14.12453013
Cd  36.58037082 -8.50102685 -14.18384863
Cd  36.74609979 -2.79331737 -8.53101680
Cd  36.79145322  2.87338506 -2.87338506
Cd  36.74609979  8.53101680  2.79331737
Cd  36.58037082  14.18384863  8.50102685
Cd -2.76270381  19.85232740 -36.51404144
S  0.00718432  22.70713645 -33.82326061
Cd -2.74040504  25.47671886 -31.02892279
S  0.02768241  28.29052086 -28.29052086
Cd -2.74040504  31.02892279 -25.47671886
S  0.00718432  33.82326061 -22.70713645
Cd -2.76270381  36.51404144 -19.85232740
Cd  2.97284134  14.28663083 -36.63196034
S  5.77967024  17.13552504 -33.97632841
Cd  3.15718411  20.12747150 -31.31918470
S  5.86138200  22.84262980 -28.44906887
Cd  3.17923721  25.74694968 -25.74694968
S  5.86138200  28.44906887 -22.84262980
Cd  3.15718411  31.31918470 -20.12747150
S  5.77967024  33.97632841 -17.13552504
Cd  2.97284134  36.63196034 -14.28663083
Cd  8.64048862  8.64048862 -36.65218041
S  11.46001649  11.46001649 -33.97576149
Cd  8.80825850  14.49304560 -31.39401785
S  11.50191172  17.23035149 -28.53939777
Cd  8.85287493  20.17868308 -25.83765652
S  11.49301111  22.94202939 -22.94202939
Cd  8.85287493  25.83765652 -20.17868308
S  11.50191172  28.53939777 -17.23035149
Cd  8.80825850  31.39401785 -14.49304560
S  11.46001649  33.97576149 -11.46001649
Cd  8.64048862  36.65218041 -8.64048862
Cd  14.28663083  2.97284134 -36.63196034
S  17.13552504  5.77967024 -33.97632841
Cd  14.49304560  8.80825850 -31.39401785
S  17.23035149  11.50191172 -28.53939777
Cd  14.38009668  14.38009668 -26.01226721
Se  17.21336285  17.21336285 -22.99002843
Cd  14.30229666  20.22252472 -20.22252472
Se  17.21336285  22.99002843 -17.21336285
Cd  14.38009668  26.01226721 -14.38009668
S  17.23035149  28.53939777 -11.50191172
Cd  14.49304560  31.39401785 -8.80825850
S  17.13552504  33.97632841 -5.77967024
Cd  14.28663083  36.63196034 -2.97284134
Cd  19.85232740 -2.76270381 -36.51404144
S  22.70713645  0.00718432 -33.82326061
Cd  20.12747150  3.15718411 -31.31918470
S  22.84262980  5.86138200 -28.44906887
Cd  20.17868308  8.85287493 -25.83765652
S  22.94202939  11.49301111 -22.94202939
Cd  20.22252472  14.30229666 -20.22252472
Se  22.99002843  17.21336285 -17.21336285
Cd  20.22252472  20.22252472 -14.30229666
S  22.94202939  22.94202939 -11.49301111
Cd  20.17868308  25.83765652 -8.85287493
S  22.84262980  28.44906887 -5.86138200
Cd  20.12747150  31.31918470 -3.15718411
S  22.70713645  33.82326061 -0.00718432
Cd  19.85232740  36.51404144  2.76270381
Cd  25.47671886 -2.74040504 -31.02892279
S  28.29052086  0.02768241 -28.29052086
Cd  25.74694968  3.17923721 -25.74694968
S  28.44906887  5.86138200 -22.84262980
Cd  25.83765652  8.85287493 -20.17868308
S  28.53939777  11.50191172 -17.23035149
Cd  26.01226721  14.38009668 -14.38009668
S  28.53939777  17.23035149 -11.50191172
Cd  25.83765652  20.17868308 -8.85287493
S  28.44906887  22.84262980 -5.86138200
Cd  25.74694968  25.74694968 -3.17923721
S  28.29052086  28.29052086 -0.02768241
Cd  25.47671886  31.02892279  2.74040504
Cd  31.02892279 -2.74040504 -25.47671886
S  33.82326061  0.00718432 -22.70713645
Cd  31.31918470  3.15718411 -20.12747150
S  33.97632841  5.77967024 -17.13552504
Cd  31.39401785  8.80825850 -14.49304560
S  33.97576149  11.46001649 -11.46001649
Cd  31.39401785  14.49304560 -8.80825850
S  33.97632841  17.13552504 -5.77967024
Cd  31.31918470  20.12747150 -3.15718411
S  33.82326061  22.70713645 -0.00718432
Cd  31.02892279  25.47671886  2.74040504
Cd  36.51404144 -2.76270381 -19.85232740
Cd  36.63196034  2.97284134 -14.28663083
Cd  36.65218041  8.64048862 -8.64048862
Cd  36.63196034  14.28663083 -2.97284134
Cd  36.51404144  19.85232740  2.76270381
S  11.43110368  22.67066474 -33.81948115
Cd  8.73096870  25.55117406 -31.11036998
S  11.46903048  28.29335545 -28.29335545
Cd  8.73096870  31.11036998 -25.55117406
S  11.43110368  33.81948115 -22.67066474
S  17.06135329  17.06135329 -33.81135533
Cd  14.37027010  19.99613555 -31.15081011
S  17.11137434  22.77667837 -28.36781065
Cd  14.39895614  25.61580269 -25.61580269
S  17.11137434  28.36781065 -22.77667837
Cd  14.37027010  31.15081011 -19.99613555
S  17.06135329  33.81135533 -17.06135329
S  22.67066474  11.43110368 -33.81948115
Cd  19.99613555  14.37027010 -31.15081011
S  22.77667837  17.11137434 -28.36781065
Cd  20.15657328  20.15657328 -25.76698077
S  22.82429946  22.82429946 -22.82429946
Cd  20.15657328  25.76698077 -20.15657328
S  22.77667837  28.36781065 -17.11137434
Cd  19.99613555  31.15081011 -14.37027010
S  22.67066474  33.81948115 -11.43110368
Cd  25.55117406  8.73096870 -31.11036998
S  28.29335545  11.46903048 -28.29335545
Cd  25.61580269  14.39895614 -25.61580269
S  28.36781065  17.11137434 -22.77667837
Cd  25.76698077  20.15657328 -20.15657328
S  28.36781065  22.77667837 -17.11137434
Cd  25.61580269  25.61580269 -14.39895614
S  28.29335545  28.29335545 -11.46903048
Cd  25.55117406  31.11036998 -8.73096870
Cd  31.11036998  8.73096870 -25.55117406
S  33.81948115  11.43110368 -22.67066474
Cd  31.15081011  14.37027010 -19.99613555
S  33.81135533  17.06135329 -17.06135329
Cd  31.15081011  19.99613555 -14.37027010
S  33.81948115  22.67066474 -11.43110368
Cd  31.11036998  25.55117406 -8.73096870
P2 -34.43368934 -23.30754964  10.63847229
P2 -34.43435075 -21.90069589  12.05840295
P2 -34.40132779 -17.68335188  16.28374050
P2 -34.40132779 -16.28374050  17.68335188
P2 -34.43435075 -12.05840295  21.90069589
P2 -34.43368934 -10.63847229  23.30754964
P2 -29.05020960 -29.05020960  10.51489082
P1 -32.46815700 -26.89963529  15.68131947
P1 -32.44308033 -21.29276159  21.29276159
P1 -32.46815700 -15.68131947  26.89963529
P2 -29.05020960 -10.51489082  29.05020960
P2 -23.30754964 -34.43368934  10.63847229
P2 -21.90069589 -34.43435075  12.05840295
P1 -26.89963529 -32.46815700  15.68131947
P1 -26.96199624 -26.96199624  21.33330566
P1 -26.96199624 -21.33330566  26.96199624
P1 -26.89963529 -15.68131947  32.46815700
P2 -23.30754964 -10.63847229  34.43368934
P2 -21.90069589 -12.05840295  34.43435075
P2 -17.68335188 -34.40132779  16.28374050
P2 -16.28374050 -34.40132779  17.68335188
P1 -21.29276159 -32.44308033  21.29276159
P1 -21.33330566 -26.96199624  26.96199624
P1 -21.29276159 -21.29276159  32.44308033
P2 -17.68335188 -16.28374050  34.40132779
P2 -16.28374050 -17.68335188  34.40132779
P2 -12.05840295 -34.43435075  21.90069589
P2 -10.63847229 -34.43368934  23.30754964
P1 -15.68131947 -32.46815700  26.89963529
P2 -10.51489082 -29.05020960  29.05020960
P1 -15.68131947 -26.89963529  32.46815700
P2 -12.05840295 -21.90069589  34.43435075
P2 -10.63847229 -23.30754964  34.43368934
P2 -34.61581169 -23.52117372 -0.87999861
P1 -37.98534430 -21.32716405  4.36490232
P1 -37.99417877 -18.28531086  1.24557297
P1 -38.03286146 -15.70917687  10.06354300
P1 -38.05292090 -12.62922114  6.96190644
P1 -38.03286146 -10.06354300  15.70917687
P1 -38.05292090 -6.96190644  12.62922114
P1 -37.98534430 -4.36490232  21.32716405
P1 -37.99417877 -1.24557297  18.28531086
P2 -34.61581169  0.87999861  23.52117372
P2 -29.09276623 -29.09276623 -0.90507336
P1 -32.49430136 -26.95134764  4.34743652
P1 -32.49430136 -4.34743652  26.95134764
P2 -29.09276623  0.90507336  29.09276623
P2 -23.52117372 -34.61581169 -0.87999861
P1 -26.95134764 -32.49430136  4.34743652
P1 -26.95134764 -4.34743652  32.49430136
P2 -23.52117372  0.87999861  34.61581169
P1 -21.32716405 -37.98534430  4.36490232
P1 -18.28531086 -37.99417877  1.24557297
P1 -21.32716405 -4.36490232  37.98534430
P1 -18.28531086 -1.24557297  37.99417877
P1 -15.70917687 -38.03286146  10.06354300
P1 -12.62922114 -38.05292090  6.96190644
P1 -15.70917687 -10.06354300  38.03286146
P1 -12.62922114 -6.96190644  38.05292090
P1 -10.06354300 -38.03286146  15.70917687
P1 -6.96190644 -38.05292090  12.62922114
P1 -10.06354300 -15.70917687  38.03286146
P1 -6.96190644 -12.62922114  38.05292090
P1 -4.36490232 -37.98534430  21.32716405
P1 -1.24557297 -37.99417877  18.28531086
P2  0.87999861 -34.61581169  23.52117372
P1 -4.34743652 -32.49430136  26.95134764
P2  0.90507336 -29.09276623  29.09276623
P1 -4.34743652 -26.95134764  32.49430136
P2  0.87999861 -23.52117372  34.61581169
P1 -4.36490232 -21.32716405  37.98534430
P1 -1.24557297 -18.28531086  37.99417877
P2 -34.50034943 -23.35380068 -12.13167235
P2 -34.50956184 -21.97963919 -10.73663883
P2 -34.75737106 -17.96683629 -6.64174245
P1 -38.04724228 -15.78074741 -1.33542234
P1 -38.08174867 -12.68798689 -4.48212202
P1 -38.12749894 -10.08544681  4.39343718
P1 -38.19245827 -6.96844868  1.25074376
P1 -38.12749894 -4.39343718  10.08544681
P1 -38.19245827 -1.25074377  6.96844868
P1 -38.04724228  1.33542234  15.78074741
P1 -38.08174867  4.48212202  12.68798689
P2 -34.75737106  6.64174245  17.96683629
P2 -34.50956184  10.73663883  21.97963919
P2 -34.50034943  12.13167235  23.35380068
P2 -29.11017061 -29.11017061 -12.31243976
P1 -32.55121990 -27.00272929 -7.07664683
P1 -32.55121990  7.07664683  27.00272929
P2 -29.11017061  12.31243976  29.11017061
P2 -23.35380068 -34.50034943 -12.13167235
P2 -21.97963919 -34.50956184 -10.73663883
P1 -27.00272929 -32.55121990 -7.07664683
P1 -27.00272929  7.07664683  32.55121990
P2 -23.35380068  12.13167235  34.50034943
P2 -21.97963919  10.73663883  34.50956184
P2 -17.96683629 -34.75737106 -6.64174245
P2 -17.96683629  6.64174245  34.75737106
P1 -15.78074741 -38.04724228 -1.33542234
P1 -12.68798689 -38.08174867 -4.48212202
P1 -15.78074741  1.33542234  38.04724228
P1 -12.68798689  4.48212202  38.08174867
P1 -10.08544681 -38.12749894  4.39343718
P1 -6.96844868 -38.19245827  1.25074376
P1 -10.08544681 -4.39343718  38.12749894
P1 -6.96844868 -1.25074377  38.19245827
P1 -4.39343718 -38.12749894  10.08544681
P1 -1.25074377 -38.19245827  6.96844868
P1 -4.39343718 -10.08544681  38.12749894
P1 -1.25074377 -6.96844868  38.19245827
P1  1.33542234 -38.04724228  15.78074741
P1  4.48212202 -38.08174867  12.68798689
P2  6.64174245 -34.75737106  17.96683629
P2  6.64174245 -17.96683629  34.75737106
P1  1.33542234 -15.78074741  38.04724228
P1  4.48212202 -12.68798689  38.08174867
P2  10.73663883 -34.50956184  21.97963919
P2  12.13167235 -34.50034943  23.35380068
P1  7.07664683 -32.55121990  27.00272929
P2  12.31243976 -29.11017061  29.11017061
P1  7.07664683 -27.00272929  32.55121990
P2  10.73663883 -21.97963919  34.50956184
P2  12.13167235 -23.35380068  34.50034943
P2 -34.49283777 -17.75276624 -17.75276624
P2 -34.49997148 -16.36784748 -16.36784748
P2 -34.75277903 -12.30821055 -12.30821055
P1 -38.09084770 -10.14722290 -7.03256330
P1 -38.09084770 -7.03256330 -10.14722290
P1 -38.21286731 -4.42251439 -1.29927233
P1 -38.21286731 -1.29927233 -4.42251439
P1 -38.21286731  1.29927232  4.42251439
P1 -38.21286731  4.42251439  1.29927232
P1 -38.09084770  7.03256330  10.14722290
P1 -38.09084770  10.14722290  7.03256330
P2 -34.75277903  12.30821055  12.30821055
P2 -34.49997148  16.36784748  16.36784748
P2 -34.49283777  17.75276624  17.75276624
P2 -29.18723363 -23.59819895 -17.94777651
P2 -29.18723363  17.94777651  23.59819895
P2 -23.59819895 -29.18723363 -17.94777651
P2 -23.59819895  17.94777651  29.18723363
P2 -17.75276624 -34.49283777 -17.75276624
P2 -16.36784748 -34.49997148 -16.36784748
P2 -17.75276624  17.75276624  34.49283777
P2 -16.36784748  16.36784748  34.49997148
P2 -12.30821055 -34.75277903 -12.30821055
P2 -12.30821055  12.30821055  34.75277903
P1 -10.14722290 -38.09084770 -7.03256330
P1 -7.03256330 -38.09084770 -10.14722290
P1 -10.14722290  7.03256330  38.09084770
P1 -7.03256330  10.14722290  38.09084770
P1 -4.42251439 -38.21286731 -1.29927233
P1 -1.29927233 -38.21286731 -4.42251439
P1 -4.42251439  1.29927232  38.21286731
P1 -1.29927233  4.42251439  38.21286731
P1  1.29927232 -38.21286731  4.42251439
P1  4.42251439 -38.21286731  1.29927232
P1  1.29927232 -4.42251439  38.21286731
P1  4.42251439 -1.29927233  38.21286731
P1  7.03256330 -38.09084770  10.14722290
P1  10.14722290 -38.09084770  7.03256330
P2  12.30821055 -34.75277903  12.30821055
P2  12.30821055 -12.30821055  34.75277903
P1  7.03256330 -10.14722290  38.09084770
P1  10.14722290 -7.03256330  38.09084770
P2  16.36784748 -34.49997148  16.36784748
P2  17.75276624 -34.49283777  17.75276624
P2  17.94777651 -29.18723363  23.59819895
P2  17.94777651 -23.59819895  29.18723363
P2  16.36784748 -16.36784748  34.49997148
P2  17.75276624 -17.75276624  34.49283777
P2 -34.50034943 -12.13167235 -23.35380068
P2 -34.50956184 -10.73663883 -21.97963919
P2 -34.75737106 -6.64174245 -17.96683629
P1 -38.08174867 -4.48212202 -12.68798689
P1 -38.04724228 -1.33542234 -15.78074741
P1 -38.19245827  1.25074376 -6.96844868
P1 -38.12749894  4.39343718 -10.08544681
P1 -38.19245827  6.96844868 -1.25074377
P1 -38.12749894  10.08544681 -4.39343718
P1 -38.08174867  12.68798689  4.48212202
P1 -38.04724228  15.78074741  1.33542234
P2 -34.75737106  17.96683629  6.64174245
P2 -34.50956184  21.97963919  10.73663883
P2 -34.50034943  23.35380068  12.13167235
P2 -29.18723363 -17.94777651 -23.59819895
P2 -29.18723363  23.59819895  17.94777651
P2 -23.64757749 -23.64757749 -23.64757749
P2 -23.64757749  23.64757749  23.64757749
P2 -17.94777651 -29.18723363 -23.59819895
P2 -17.94777651  23.59819895  29.18723363
P2 -12.13167235 -34.50034943 -23.35380068
P2 -10.73663883 -34.50956184 -21.97963919
P2 -12.13167235  23.35380068  34.50034943
P2 -10.73663883  21.97963919  34.50956184
P2 -6.64174245 -34.75737106 -17.96683629
P2 -6.64174245  17.96683629  34.75737106
P1 -4.48212202 -38.08174867 -12.68798689
P1 -1.33542234 -38.04724228 -15.78074741
P1 -4.48212202  12.68798689  38.08174867
P1 -1.33542234  15.78074741  38.04724228
P1  1.25074376 -38.19245827 -6.96844868
P1  4.39343718 -38.12749894 -10.08544681
P1  1.25074376  6.96844868  38.19245827
P1  4.39343718  10.08544681  38.12749894
P1  6.96844868 -38.19245827 -1.25074377
P1  10.08544681 -38.12749894 -4.39343718
P1  6.96844868  1.25074376  38.19245827
P1  10.08544681  4.39343718  38.12749894
P1  12.68798689 -38.08174867  4.48212202
P1  15.78074741 -38.04724228  1.33542234
P2  17.96683629 -34.75737106  6.64174245
P2  17.96683629 -6.64174245  34.75737106
P1  12.68798689 -4.48212202  38.08174867
P1  15.78074741 -1.33542234  38.04724228
P2  21.97963919 -34.50956184  10.73663883
P2  23.35380068 -34.50034943  12.13167235
P2  23.59819895 -29.18723363  17.94777651
P2  23.64757749 -23.64757749  23.64757749
P2  23.59819895 -17.94777651  29.18723363
P2  21.97963919 -10.73663883  34.50956184
P2  23.35380068 -12.13167235  34.50034943
P2 -34.61581169 -0.87999861 -23.52117372
P1 -37.99417877  1.24557297 -18.28531086
P1 -37.98534430  4.36490232 -21.32716405
P1 -38.05292090  6.96190644 -12.62922114
P1 -38.03286146  10.06354300 -15.70917687
P1 -38.05292090  12.62922114 -6.96190644
P1 -38.03286146  15.70917687 -10.06354300
P1 -37.99417877  18.28531086 -1.24557297
P1 -37.98534430  21.32716405 -4.36490232
P2 -34.61581169  23.52117372  0.87999861
P2 -29.11017061 -12.31243976 -29.11017061
P1 -32.55121990 -7.07664683 -27.00272929
P1 -32.55121990  27.00272929  7.07664683
P2 -29.11017061  29.11017061  12.31243976
P2 -23.59819895 -17.94777651 -29.18723363
P2 -23.59819895  29.18723363  17.94777651
P2 -17.94777651 -23.59819895 -29.18723363
P2 -17.94777651  29.18723363  23.59819895
P2 -12.31243976 -29.11017061 -29.11017061
P2 -12.31243976  29.11017061  29.11017061
P1 -7.07664683 -32.55121990 -27.00272929
P1 -7.07664683  27.00272929  32.55121990
P2 -0.87999861 -34.61581169 -23.52117372
P2 -0.87999861  23.52117372  34.61581169
P1  1.24557297 -37.99417877 -18.28531086
P1  4.36490232 -37.98534430 -21.32716405
P1  1.24557297  18.28531086  37.99417877
P1  4.36490232  21.32716405  37.98534430
P1  6.96190644 -38.05292090 -12.62922114
P1  10.06354300 -38.03286146 -15.70917687
P1  6.96190644  12.62922114  38.05292090
P1  10.06354300  15.70917687  38.03286146
P1  12.62922114 -38.05292090 -6.96190644
P1  15.70917687 -38.03286146 -10.06354300
P1  12.62922114  6.96190644  38.05292090
P1  15.70917687  10.06354300  38.03286146
P1  18.28531086 -37.99417877 -1.24557297
P1  21.32716405 -37.98534430 -4.36490232
P2  23.52117372 -34.61581169  0.87999861
P2  23.52117372 -0.87999861  34.61581169
P1  18.28531086  1.24557297  37.99417877
P1  21.32716405  4.36490232  37.98534430
P1  27.00272929 -32.55121990  7.07664683
P2  29.11017061 -29.11017061  12.31243976
P2  29.18723363 -23.59819895  17.94777651
P2  29.18723363 -17.94777651  23.59819895
P2  29.11017061 -12.31243976  29.11017061
P1  27.00272929 -7.07664683  32.55121990
P2 -34.43368934  10.63847229 -23.30754964
P2 -34.43435075  12.05840295 -21.90069589
P2 -34.40132779  16.28374050 -17.68335188
P2 -34.40132779  17.68335188 -16.28374050
P2 -34.43435075  21.90069589 -12.05840295
P2 -34.43368934  23.30754964 -10.63847229
P2 -29.09276623 -0.90507336 -29.09276623
P1 -32.49430136  4.34743652 -26.95134764
P1 -32.49430136  26.95134764 -4.34743652
P2 -29.09276623  29.09276623  0.90507336
P2 -23.35380068 -12.13167235 -34.50034943
P2 -21.97963919 -10.73663883 -34.50956184
P1 -27.00272929 -7.07664683 -32.55121990
P1 -27.00272929  32.55121990  7.07664683
P2 -23.35380068  34.50034943  12.13167235
P2 -21.97963919  34.50956184  10.73663883
P2 -17.75276624 -17.75276624 -34.49283777
P2 -16.36784748 -16.36784748 -34.49997148
P2 -17.75276624  34.49283777  17.75276624
P2 -16.36784748  34.49997148  16.36784748
P2 -12.13167235 -23.35380068 -34.50034943
P2 -10.73663883 -21.97963919 -34.50956184
P2 -12.13167235  34.50034943  23.35380068
P2 -10.73663883  34.50956184  21.97963919
P1 -7.07664683 -27.00272929 -32.55121990
P1 -7.07664683  32.55121990  27.00272929
P2 -0.90507336 -29.09276623 -29.09276623
P2 -0.90507336  29.09276623  29.09276623
P1  4.34743652 -32.49430136 -26.95134764
P1  4.34743652  26.95134764  32.49430136
P2  10.63847229 -34.43368934 -23.30754964
P2  12.05840295 -34.43435075 -21.90069589
P2  10.63847229  23.30754964  34.43368934
P2  12.05840295  21.90069589  34.43435075
P2  16.28374050 -34.40132779 -17.68335188
P2  17.68335188 -34.40132779 -16.28374050
P2  16.28374050  17.68335188  34.40132779
P2  17.68335188  16.28374050  34.40132779
P2  21.90069589 -34.43435075 -12.05840295
P2  23.30754964 -34.43368934 -10.63847229
P2  21.90069589  12.05840295  34.43435075
P2  23.30754964  10.63847229  34.43368934
P1  26.95134764 -32.49430136 -4.34743652
P2  29.09276623 -29.09276623  0.90507336
P2  29.09276623 -0.90507336  29.09276623
P1  26.95134764  4.34743652  32.49430136
P1  32.55121990 -27.00272929  7.07664683
P2  34.50034943 -23.35380068  12.13167235
P2  34.50956184 -21.97963919  10.73663883
P2  34.49283777 -17.75276624  17.75276624
P2  34.49997148 -16.36784748  16.36784748
P2  34.50034943 -12.13167235  23.35380068
P2  34.50956184 -10.73663883  21.97963919
P1  32.55121990 -7.07664683  27.00272929
P2 -29.05020960  10.51489082 -29.05020960
P1 -32.46815700  15.68131947 -26.89963529
P1 -32.44308033  21.29276159 -21.29276159
P1 -32.46815700  26.89963529 -15.68131947
P2 -29.05020960  29.05020960 -10.51489082
P2 -23.52117372 -0.87999861 -34.61581169
P1 -26.95134764  4.34743652 -32.49430136
P1 -26.95134764  32.49430136 -4.34743652
P2 -23.52117372  34.61581169  0.87999861
P2 -17.96683629 -6.64174245 -34.75737106
P2 -17.96683629  34.75737106  6.64174245
P2 -12.30821055 -12.30821055 -34.75277903
P2 -12.30821055  34.75277903  12.30821055
P2 -6.64174245 -17.96683629 -34.75737106
P2 -6.64174245  34.75737106  17.96683629
P2 -0.87999861 -23.52117372 -34.61581169
P2 -0.87999861  34.61581169  23.52117372
P1  4.34743652 -26.95134764 -32.49430136
P1  4.34743652  32.49430136  26.95134764
P2  10.51489082 -29.05020960 -29.05020960
P2  10.51489082  29.05020960  29.05020960
P1  15.68131947 -32.46815700 -26.89963529
P1  15.68131947  26.89963529  32.46815700
P1  21.29276159 -32.44308033 -21.29276159
P1  21.29276159  21.29276159  32.44308033
P1  26.89963529 -32.46815700 -15.68131947
P2  29.05020960 -29.05020960 -10.51489082
P2  29.05020960  10.51489082  29.05020960
P1  26.89963529  15.68131947  32.46815700
P1  32.49430136 -26.95134764 -4.34743652
P2  34.61581169 -23.52117372  0.87999861
P2  34.75737106 -17.96683629  6.64174245
P2  34.75277903 -12.30821055  12.30821055
P2  34.75737106 -6.64174245  17.96683629
P2  34.61581169 -0.87999861  23.52117372
P1  32.49430136  4.34743652  26.95134764
P2 -23.30754964  10.63847229 -34.43368934
P2 -21.90069589  12.05840295 -34.43435075
P1 -26.89963529  15.68131947 -32.46815700
P1 -26.96199624  21.33330566 -26.96199624
P1 -26.96199624  26.96199624 -21.33330566
P1 -26.89963529  32.46815700 -15.68131947
P2 -23.30754964  34.43368934 -10.63847229
P2 -21.90069589  34.43435075 -12.05840295
P1 -21.32716405  4.36490232 -37.98534430
P1 -18.28531086  1.24557297 -37.99417877
P1 -21.32716405  37.98534430 -4.36490232
P1 -18.28531086  37.99417877 -1.24557297
P1 -15.78074741 -1.33542234 -38.04724228
P1 -12.68798689 -4.48212202 -38.08174867
P1 -15.78074741  38.04724228  1.33542234
P1 -12.68798689  38.08174867  4.48212202
P1 -10.14722290 -7.03256330 -38.09084770
P1 -7.03256330 -10.14722290 -38.09084770
P1 -10.14722290  38.09084770  7.03256330
P1 -7.03256330  38.09084770  10.14722290
P1 -4.48212202 -12.68798689 -38.08174867
P1 -1.33542234 -15.78074741 -38.04724228
P1 -4.48212202  38.08174867  12.68798689
P1 -1.33542234  38.04724228  15.78074741
P1  1.24557297 -18.28531086 -37.99417877
P1  4.36490232 -21.32716405 -37.98534430
P1  1.24557297  37.99417877  18.28531086
P1  4.36490232  37.98534430  21.32716405
P2  10.63847229 -23.30754964 -34.43368934
P2  12.05840295 -21.90069589 -34.43435075
P2  10.63847229  34.43368934  23.30754964
P2  12.05840295  34.43435075  21.90069589
P1  15.68131947 -26.89963529 -32.46815700
P1  15.68131947  32.46815700  26.89963529
P1  21.33330566 -26.96199624 -26.96199624
P1  21.33330566  26.96199624  26.96199624
P1  26.96199624 -26.96199624 -21.33330566
P1  26.96199624  21.33330566  26.96199624
P1  32.46815700 -26.89963529 -15.68131947
P2  34.43368934 -23.30754964 -10.63847229
P2  34.43435075 -21.90069589 -12.05840295
P2  34.43368934  10.63847229  23.30754964
P2  34.43435075  12.05840295  21.90069589
P1  32.46815700  15.68131947  26.89963529
P1  37.98534430 -21.32716405 -4.36490232
P1  37.99417877 -18.28531086 -1.24557297
P1  38.04724228 -15.78074741  1.33542234
P1  38.08174867 -12.68798689  4.48212202
P1  38.09084770 -10.14722290  7.03256330
P1  38.09084770 -7.03256330  10.14722290
P1  38.08174867 -4.48212202  12.68798689
P1  38.04724228 -1.33542234  15.78074741
P1  37.99417877  1.24557297  18.28531086
P1  37.98534430  4.36490232  21.32716405
P2 -17.68335188  16.28374050 -34.40132779
P2 -16.28374050  17.68335188 -34.40132779
P1 -21.29276159  21.29276159 -32.44308033
P1 -21.33330566  26.96199624 -26.96199624
P1 -21.29276159  32.44308033 -21.29276159
P2 -17.68335188  34.40132779 -16.28374050
P2 -16.28374050  34.40132779 -17.68335188
P1 -15.70917687  10.06354300 -38.03286146
P1 -12.62922114  6.96190644 -38.05292090
P1 -15.70917687  38.03286146 -10.06354300
P1 -12.62922114  38.05292090 -6.96190644
P1 -10.08544681  4.39343718 -38.12749894
P1 -6.96844868  1.25074377 -38.19245827
P1 -10.08544681  38.12749894 -4.39343718
P1 -6.96844868  38.19245827 -1.25074376
P1 -4.42251439 -1.29927232 -38.21286731
P1 -1.29927232 -4.42251439 -38.21286731
P1 -4.42251439  38.21286731  1.29927233
P1 -1.29927232  38.21286731  4.42251439
P1  1.25074377 -6.96844868 -38.19245827
P1  4.39343718 -10.08544681 -38.12749894
P1  1.25074377  38.19245827  6.96844868
P1  4.39343718  38.12749894  10.08544681
P1  6.96190644 -12.62922114 -38.05292090
P1  10.06354300 -15.70917687 -38.03286146
P1  6.96190644  38.05292090  12.62922114
P1  10.06354300  38.03286146  15.70917687
P2  16.28374050 -17.68335188 -34.40132779
P2  17.68335188 -16.28374050 -34.40132779
P2  16.28374050  34.40132779  17.68335188
P2  17.68335188  34.40132779  16.28374050
P1  21.29276159 -21.29276159 -32.44308033
P1  21.29276159  32.44308033  21.29276159
P1  26.96199624 -21.33330566 -26.96199624
P1  26.96199624  26.96199624  21.33330566
P1  32.44308033 -21.29276159 -21.29276159
P2  34.40132779 -17.68335188 -16.28374050
P2  34.40132779 -16.28374050 -17.68335188
P2  34.40132779  16.28374050  17.68335188
P2  34.40132779  17.68335188  16.28374050
P1  32.44308033  21.29276159  21.29276159
P1  38.03286146 -15.70917687 -10.06354300
P1  38.05292090 -12.62922114 -6.96190644
P1  38.12749894 -10.08544681 -4.39343718
P1  38.19245827 -6.96844868 -1.25074376
P1  38.21286731 -4.42251439  1.29927233
P1  38.21286731 -1.29927232  4.42251439
P1  38.19245827  1.25074377  6.96844868
P1  38.12749894  4.39343718  10.08544681
P1  38.05292090  6.96190644  12.62922114
P1  38.03286146  10.06354300  15.70917687
P2 -12.05840295  21.90069589 -34.43435075
P2 -10.63847229  23.30754964 -34.43368934
P1 -15.68131947  26.89963529 -32.46815700
P2 -10.51489082  29.05020960 -29.05020960
P1 -15.68131947  32.46815700 -26.89963529
P2 -12.05840295  34.43435075 -21.90069589
P2 -10.63847229  34.43368934 -23.30754964
P1 -10.06354300  15.70917687 -38.03286146
P1 -6.96190644  12.62922114 -38.05292090
P1 -10.06354300  38.03286146 -15.70917687
P1 -6.96190644  38.05292090 -12.62922114
P1 -4.39343718  10.08544681 -38.12749894
P1 -1.25074376  6.96844868 -38.19245827
P1 -4.39343718  38.12749894 -10.08544681
P1 -1.25074376  38.19245827 -6.96844868
P1  1.29927233  4.42251439 -38.21286731
P1  4.42251439  1.29927233 -38.21286731
P1  1.29927233  38.21286731 -4.42251439
P1  4.42251439  38.21286731 -1.29927232
P1  6.96844868 -1.25074376 -38.19245827
P1  10.08544681 -4.39343718 -38.12749894
P1  6.96844868  38.19245827  1.25074377
P1  10.08544681  38.12749894  4.39343718
P1  12.62922114 -6.96190644 -38.05292090
P1  15.70917687 -10.06354300 -38.03286146
P1  12.62922114  38.05292090  6.96190644
P1  15.70917687  38.03286146  10.06354300
P2  21.90069589 -12.05840295 -34.43435075
P2  23.30754964 -10.63847229 -34.43368934
P2  21.90069589  34.43435075  12.05840295
P2  23.30754964  34.43368934  10.63847229
P1  26.89963529 -15.68131947 -32.46815700
P2  29.05020960 -10.51489082 -29.05020960
P2  29.05020960  29.05020960  10.51489082
P1  26.89963529  32.46815700  15.68131947
P1  32.46815700 -15.68131947 -26.89963529
P2  34.43435075 -12.05840295 -21.90069589
P2  34.43368934 -10.63847229 -23.30754964
P2  34.43435075  21.90069589  12.05840295
P2  34.43368934  23.30754964  10.63847229
P1  32.46815700  26.89963529  15.68131947
P1  38.03286146 -10.06354300 -15.70917687
P1  38.05292090 -6.96190644 -12.62922114
P1  38.12749894 -4.39343718 -10.08544681
P1  38.19245827 -1.25074376 -6.96844868
P1  38.21286731  1.29927233 -4.42251439
P1  38.21286731  4.42251439 -1.29927232
P1  38.19245827  6.96844868  1.25074377
P1  38.12749894  10.08544681  4.39343718
P1  38.05292090  12.62922114  6.96190644
P1  38.03286146  15.70917687  10.06354300
P1 -4.36490232  21.32716405 -37.98534430
P1 -1.24557297  18.28531086 -37.99417877
P2  0.87999861  23.52117372 -34.61581169
P1 -4.34743652  26.95134764 -32.49430136
P2  0.90507336  29.09276623 -29.09276623
P1 -4.34743652  32.49430136 -26.95134764
P2  0.87999861  34.61581169 -23.52117372
P1 -4.36490232  37.98534430 -21.32716405
P1 -1.24557297  37.99417877 -18.28531086
P1  1.33542234  15.78074741 -38.04724228
P1  4.48212202  12.68798689 -38.08174867
P2  6.64174245  17.96683629 -34.75737106
P2  6.64174245  34.75737106 -17.96683629
P1  1.33542234  38.04724228 -15.78074741
P1  4.48212202  38.08174867 -12.68798689
P1  7.03256330  10.14722290 -38.09084770
P1  10.14722290  7.03256330 -38.09084770
P2  12.30821055  12.30821055 -34.75277903
P2  12.30821055  34.75277903 -12.30821055
P1  7.03256330  38.09084770 -10.14722290
P1  10.14722290  38.09084770 -7.03256330
P1  12.68798689  4.48212202 -38.08174867
P1  15.78074741  1.33542234 -38.04724228
P2  17.96683629  6.64174245 -34.75737106
P2  17.96683629  34.75737106 -6.64174245
P1  12.68798689  38.08174867 -4.48212202
P1  15.78074741  38.04724228 -1.33542234
P1  18.28531086 -1.24557297 -37.99417877
P1  21.32716405 -4.36490232 -37.98534430
P2  23.52117372  0.87999861 -34.61581169
P2  23.52117372  34.61581169 -0.87999861
P1  18.28531086  37.99417877  1.24557297
P1  21.32716405  37.98534430  4.36490232
P1  26.95134764 -4.34743652 -32.49430136
P2  29.09276623  0.90507336 -29.09276623
P2  29.09276623  29.09276623 -0.90507336
P1  26.95134764  32.49430136  4.34743652
P1  32.49430136 -4.34743652 -26.95134764
P2  34.61581169  0.87999861 -23.52117372
P2  34.75737106  6.64174245 -17.96683629
P2  34.75277903  12.30821055 -12.30821055
P2  34.75737106  17.96683629 -6.64174245
P2  34.61581169  23.52117372 -0.87999861
P1  32.49430136  26.95134764  4.34743652
P1  37.98534430 -4.36490232 -21.32716405
P1  37.99417877 -1.24557297 -18.28531086
P1  38.04724228  1.33542234 -15.78074741
P1  38.08174867  4.48212202 -12.68798689
P1  38.09084770  7.03256330 -10.14722290
P1  38.09084770  10.14722290 -7.03256330
P1  38.08174867  12.68798689 -4.48212202
P1  38.04724228  15.78074741 -1.33542234
P1  37.99417877  18.28531086  1.24557297
P1  37.98534430  21.32716405  4.36490232
P2  10.73663883  21.97963919 -34.50956184
P2  12.13167235  23.35380068 -34.50034943
P1  7.07664683  27.00272929 -32.55121990
P2  12.31243976  29.11017061 -29.11017061
P1  7.07664683  32.55121990 -27.00272929
P2  10.73663883  34.50956184 -21.97963919
P2  12.13167235  34.50034943 -23.35380068
P2  16.36784748  16.36784748 -34.49997148
P2  17.75276624  17.75276624 -34.49283777
P2  17.94777651  23.59819895 -29.18723363
P2  17.94777651  29.18723363 -23.59819895
P2  16.36784748  34.49997148 -16.36784748
P2  17.75276624  34.49283777 -17.75276624
P2  21.97963919  10.73663883 -34.50956184
P2  23.35380068  12.13167235 -34.50034943
P2  23.59819895  17.94777651 -29.18723363
P2  23.64757749  23.64757749 -23.64757749
P2  23.59819895  29.18723363 -17.94777651
P2  21.97963919  34.50956184 -10.73663883
P2  23.35380068  34.50034943 -12.13167235
P1  27.00272929  7.07664683 -32.55121990
P2  29.11017061  12.31243976 -29.11017061
P2  29.18723363  17.94777651 -23.59819895
P2  29.18723363  23.59819895 -17.94777651
P2  29.11017061  29.11017061 -12.31243976
P1  27.00272929  32.55121990 -7.07664683
P1  32.55121990  7.07664683 -27.00272929
P2  34.50956184  10.73663883 -21.97963919
P2  34.50034943  12.13167235 -23.35380068
P2  34.49997148  16.36784748 -16.36784748
P2  34.49283777  17.75276624 -17.75276624
P2  34.50956184  21.97963919 -10.73663883
P2  34.50034943  23.35380068 -12.13167235
P1  32.55121990  27.00272929 -7.07664683
