-35 3.50432911216539e-06
-34.2708333333333 4.11487967032042e-06
-33.5416666666667 6.3815757659605e-06
-32.8125 1.20320191655465e-05
-32.0833333333333 2.5274011812246e-05
-31.3541666666667 5.57185864208558e-05
-30.625 0.000124201532557839
-29.8958333333333 0.000276466079920447
-29.1666666666667 0.000602933671972439
-28.4375 0.00123704683644629
-27.7083333333333 0.00222078419125343
-26.9791666666667 0.00306425021700357
-26.25 0.00284251089311563
-25.5208333333333 0.00305237421462928
-24.7916666666667 0.00493073846119871
-24.0625 0.00492125323774239
-23.3333333333333 0.00378406498226515
-22.6041666666667 0.00479032562737595
-21.875 0.00645138334111206
-21.1458333333333 0.00697179940019971
-20.4166666666667 0.00819238104131906
-19.6875 0.0117325619738738
-18.9583333333333 0.0125063030694934
-18.2291666666667 0.00921945095107068
-17.5 0.00948878535725928
-16.7708333333333 0.0119908856174084
-16.0416666666667 0.0133520685950429
-15.3125 0.0155322241455056
-14.5833333333333 0.0217222751305691
-13.8541666666667 0.0247282989756267
-13.125 0.0194575693672179
-12.3958333333333 0.0165473859298605
-11.6666666666667 0.0190224304078764
-10.9375 0.0205776976473139
-10.2083333333333 0.0205610861114849
-9.47916666666667 0.0264296852423037
-8.75000000000001 0.0352263637669704
-8.02083333333334 0.0328086262714369
-7.29166666666667 0.0234142002700458
-6.56250000000001 0.0228050390286357
-5.83333333333334 0.0260588855936442
-5.10416666666667 0.0263862843716001
-4.37500000000001 0.026405023492794
-3.64583333333334 0.0354745403698247
-2.91666666666667 0.0442472583955694
-2.18750000000001 0.0379799698435142
-1.45833333333334 0.0272912287698554
-0.729166666666673 0.0268960300691971
-6.66133814775094e-15 0.0285686795400383
0.72916666666666 0.026896030073725
1.45833333333333 0.0272912287753494
2.18749999999999 0.0379799698495529
2.91666666666666 0.0442472584078875
3.64583333333333 0.0354745403831713
4.37499999999999 0.0264050235006407
5.10416666666666 0.0263862843774507
5.83333333333333 0.0260588856013435
6.56249999999999 0.0228050390371707
7.29166666666666 0.0234142002774165
8.02083333333333 0.032808626282853
8.74999999999999 0.0352263637834538
9.47916666666666 0.0264296852570841
10.2083333333333 0.0205610861208742
10.9375 0.0205776976577535
11.6666666666667 0.0190224304205651
12.3958333333333 0.0165473859422433
13.125 0.019457569380636
13.8541666666667 0.0247282989947449
14.5833333333333 0.0217222751518579
15.3125 0.0155322241601512
16.0416666666667 0.0133520686059376
16.7708333333333 0.0119908856290902
17.5 0.0094887853687922
18.2291666666667 0.00921945096293999
18.9583333333333 0.0125063030866939
19.6875 0.0117325619949513
20.4166666666667 0.00819238105838172
21.1458333333333 0.00697179941227086
21.875 0.00645138335232677
22.6041666666667 0.00479032563628016
23.3333333333333 0.00378406498717658
24.0625 0.00492125324117137
24.7916666666667 0.00493073846768397
25.5208333333333 0.00305237421885543
26.25 0.00284251089335903
26.9791666666667 0.00306425021870304
27.7083333333333 0.00222078419498758
28.4375 0.00123704684173597
29.1666666666667 0.000602933676952132
29.8958333333333 0.00027646608488499
30.625 0.000124201536760668
31.3541666666667 5.57185902338217e-05
32.0833333333333 2.52740149987397e-05
32.8125 1.20320221608797e-05
33.5416666666667 6.38157839728841e-06
34.2708333333333 4.11488183331961e-06
