-35 3.51115186522505e-06
-34.2708333333333 4.13849642643661e-06
-33.5416666666667 6.49458683745099e-06
-32.8125 1.24345989654685e-05
-32.0833333333333 2.65232678413805e-05
-31.3541666666667 5.93189186724878e-05
-30.625 0.000133977531849494
-29.8958333333333 0.00030204891874788
-29.1666666666667 0.000667122622992714
-28.4375 0.00138577158469242
-27.7083333333333 0.00251260002392501
-26.9791666666667 0.00346942060046874
-26.25 0.00307842921823184
-25.5208333333333 0.00306822969078129
-24.7916666666667 0.00526794493538799
-24.0625 0.00549839816130909
-23.3333333333333 0.00410009010172464
-22.6041666666667 0.0050055657050126
-21.875 0.00674254776741593
-21.1458333333333 0.00713393098970135
-20.4166666666667 0.00794490026224742
-19.6875 0.0116249038731266
-18.9583333333333 0.0129666730258436
-18.2291666666667 0.00963374760776483
-17.5 0.0097172965985979
-16.7708333333333 0.0122885310179012
-16.0416666666667 0.0136008248735519
-15.3125 0.0151525608030586
-14.5833333333333 0.0209238316424351
-13.8541666666667 0.0245754866170444
-13.125 0.0198082164816135
-12.3958333333333 0.0167198930105659
-11.6666666666667 0.0192241717384162
-10.9375 0.020972567094111
-10.2083333333333 0.020708984907208
-9.47916666666667 0.0256057902641015
-8.75000000000001 0.0340744928316361
-8.02083333333334 0.0325497414520193
-7.29166666666667 0.023665301278943
-6.56250000000001 0.0229633759406654
-5.83333333333334 0.0262213437518351
-5.10416666666667 0.0266311788179474
-4.37500000000001 0.0263403149274712
-3.64583333333334 0.0344116035780312
-2.91666666666667 0.0426667696019422
-2.18750000000001 0.0371950237341274
-1.45833333333334 0.0273055329239692
-0.729166666666673 0.0270830287969115
-6.66133814775094e-15 0.0287590421169154
0.72916666666666 0.027104402861305
1.45833333333333 0.0272727445904539
2.18749999999999 0.0370965227099229
2.91666666666666 0.0426735974380876
3.64583333333333 0.0344996356773435
4.37499999999999 0.0263540910381458
5.10416666666666 0.0266194968006672
5.83333333333333 0.0262410545934186
6.56249999999999 0.0229965895417234
7.29166666666666 0.0236425397884687
8.02083333333333 0.0324893613539505
8.74999999999999 0.034104380445145
9.47916666666666 0.0256803220392584
10.2083333333333 0.0207313111646313
10.9375 0.0209939769333711
11.6666666666667 0.0192633315986571
12.3958333333333 0.0167398426081301
13.125 0.0197724925947476
13.8541666666667 0.0245687983772943
14.5833333333333 0.0209846533291951
15.3125 0.0152112168392269
16.0416666666667 0.0136322239019026
16.7708333333333 0.0123220932716249
17.5 0.00974259665726678
18.2291666666667 0.00962823199432572
18.9583333333333 0.0129559824577073
19.6875 0.0116511602577498
20.4166666666667 0.00797832141301044
21.1458333333333 0.00715328774850054
21.875 0.00676540572752545
22.6041666666667 0.0050276851634559
23.3333333333333 0.00410886413162712
24.0625 0.00549931054540433
24.7916666666667 0.00528658202333359
25.5208333333333 0.00308961808739526
26.25 0.00309274037157458
26.9791666666667 0.00348755918742269
27.7083333333333 0.00253101445256715
28.4375 0.00139823382276266
29.1666666666667 0.00067370416110489
29.8958333333333 0.000305009465342821
30.625 0.000135204126759082
31.3541666666667 5.98165856901685e-05
32.0833333333333 2.67298393673255e-05
32.8125 1.25220035421388e-05
33.5416666666667 6.53132310599839e-06
34.2708333333333 4.15194251078118e-06
