-35 3.47563141602704e-06
-34.2708333333333 4.09169387048643e-06
-33.5416666666667 6.32865773238716e-06
-32.8125 1.18612108987792e-05
-32.0833333333333 2.47456902883919e-05
-31.3541666666667 5.41955421365609e-05
-30.625 0.000120111570092765
-29.8958333333333 0.0002658287866922
-29.1666666666667 0.000575959383074967
-28.4375 0.00117278085035355
-27.7083333333333 0.00209056789190548
-26.9791666666667 0.00287958684774721
-26.25 0.00273839208384223
-25.5208333333333 0.00304026869707699
-24.7916666666667 0.00473449688391831
-24.0625 0.00461040601791534
-23.3333333333333 0.00362950244762703
-22.6041666666667 0.0046971826340643
-21.875 0.00632157710443027
-21.1458333333333 0.00691492488605844
-20.4166666666667 0.00833896100140863
-19.6875 0.0117576105550946
-18.9583333333333 0.0122172771095262
-18.2291666666667 0.00899302927767469
-17.5 0.00939478998392734
-16.7708333333333 0.0118859418964751
-16.0416666666667 0.0132932087206464
-15.3125 0.0158006085808897
-14.5833333333333 0.0221663144346644
-13.8541666666667 0.0248005664294432
-13.125 0.0192852981466806
-12.3958333333333 0.016491745064652
-11.6666666666667 0.0189902075218905
-10.9375 0.0204810832299487
-10.2083333333333 0.0205966478567722
-9.47916666666667 0.0269429507136785
-8.75000000000001 0.0358809798150081
-8.02083333333334 0.0330182761458891
-7.29166666666667 0.0233861051604038
-6.56250000000001 0.0228265475607626
-5.83333333333334 0.0260845743023243
-5.10416666666667 0.0263670832544684
-4.37500000000001 0.0265360057582627
-3.64583333333334 0.0361334581246823
-2.91666666666667 0.0451541397104721
-2.18750000000001 0.0384583444129852
-1.45833333333334 0.0273789705879167
-0.729166666666673 0.0269049866587288
-6.66133814775094e-15 0.0285684055195027
0.72916666666666 0.0268698309495427
1.45833333333333 0.0273847288060926
2.18749999999999 0.0385425986371959
2.91666666666666 0.0451122664582243
3.64583333333333 0.0359982155495325
4.37499999999999 0.0264893612801501
5.10416666666666 0.0263158538007323
5.83333333333333 0.0259695824109065
6.56249999999999 0.0226790539943297
7.29166666666666 0.0232830194134569
8.02083333333333 0.0329599728516492
8.74999999999999 0.0357122376173736
9.47916666666666 0.0267261249346454
10.2083333333333 0.0204551930257909
10.9375 0.0203270293150828
11.6666666666667 0.0188128313012898
12.3958333333333 0.0163494927124489
13.125 0.0192034466741644
13.8541666666667 0.0246707051244486
14.5833333333333 0.0219254738152852
15.3125 0.0155712730802034
16.0416666666667 0.0131227000579315
16.7708333333333 0.0117292544415424
17.5 0.00926796331190598
18.2291666666667 0.00891128775219956
18.9583333333333 0.0121356203107114
19.6875 0.0116266976328237
20.4166666666667 0.00819748921295708
21.1458333333333 0.00680501619563122
21.875 0.00622127561722698
22.6041666666667 0.00461197362337781
23.3333333333333 0.00356659152298191
24.0625 0.00454664220688574
24.7916666666667 0.00465579435419498
25.5208333333333 0.00296268703257388
26.25 0.00266568646674053
26.9791666666667 0.00280972171498926
27.7083333333333 0.00203492726494737
28.4375 0.00113791195075568
29.1666666666667 0.000557818408343353
29.8958333333333 0.000257534881263933
30.625 0.000116586093269584
31.3541666666667 5.27257390969162e-05
32.0833333333333 2.41216697538619e-05
32.8125 1.15901877325617e-05
33.5416666666667 6.21192484337257e-06
34.2708333333333 4.0480554230099e-06
