-35 3.51347015808692e-06
-34.2708333333333 4.12540835397929e-06
-33.5416666666667 6.397076138226e-06
-32.8125 1.20594897291645e-05
-32.0833333333333 2.53280908443764e-05
-31.3541666666667 5.58303520773929e-05
-30.625 0.00012443472553451
-29.8958333333333 0.000276953338348823
-29.1666666666667 0.000603930340413919
-28.4375 0.00123895002197949
-27.7083333333333 0.00222396709108261
-26.9791666666667 0.00306878689768322
-26.25 0.00284880758403063
-25.5208333333333 0.00306156583796622
-24.7916666666667 0.00494055479960531
-24.0625 0.00492734882536154
-23.3333333333333 0.00378798219781245
-22.6041666666667 0.00479409097524237
-21.875 0.00645347100456442
-21.1458333333333 0.0069750388309158
-20.4166666666667 0.00820501662908313
-19.6875 0.0117460846615535
-18.9583333333333 0.0125078216993294
-18.2291666666667 0.00921744245294535
-17.5 0.00948849431739457
-16.7708333333333 0.0119884153111514
-16.0416666666667 0.0133502507299076
-15.3125 0.0155444127638843
-14.5833333333333 0.0217432377599955
-13.8541666666667 0.0247344509915799
-13.125 0.0194506986071547
-12.3958333333333 0.0165411092596753
-11.6666666666667 0.0190107019167298
-10.9375 0.0205591218471102
-10.2083333333333 0.02055038340366
-9.47916666666667 0.0264456149171244
-8.75000000000001 0.0352472859659872
-8.02083333333334 0.0328054464892847
-7.29166666666667 0.0233997227490314
-6.56250000000001 0.0227903085622688
-5.83333333333334 0.0260388668820235
-5.10416666666667 0.0263639640448048
-4.37500000000001 0.0263941241250662
-3.64583333333334 0.0354867070222391
-2.91666666666667 0.0442652754661247
-2.18750000000001 0.0379806514815731
-1.45833333333334 0.027277757033833
-0.729166666666673 0.0268763178346244
-6.66133814775094e-15 0.0285464418064578
0.72916666666666 0.0268763178409202
1.45833333333333 0.0272777570418196
2.18749999999999 0.0379806514908428
2.91666666666666 0.0442652754836294
3.64583333333333 0.0354867070409602
4.37499999999999 0.0263941241358072
5.10416666666666 0.0263639640519824
5.83333333333333 0.0260388668907864
6.56249999999999 0.0227903085719388
7.29166666666666 0.0233997227579582
8.02083333333333 0.0328054465035172
8.74999999999999 0.0352472859864081
9.47916666666666 0.0264456149354716
10.2083333333333 0.0205503834156764
10.9375 0.0205591218597493
11.6666666666667 0.0190107019312688
12.3958333333333 0.0165411092735238
13.125 0.0194506986227774
13.8541666666667 0.0247344510145042
14.5833333333333 0.0217432377851851
15.3125 0.0155444127815947
16.0416666666667 0.0133502507436844
16.7708333333333 0.0119884153259349
17.5 0.00948849433185838
18.2291666666667 0.00921744246772404
18.9583333333333 0.0125078217204574
19.6875 0.0117460846871234
20.4166666666667 0.00820501664969825
21.1458333333333 0.0069750388451866
21.875 0.00645347101745178
22.6041666666667 0.00479409098534486
23.3333333333333 0.00378798220360279
24.0625 0.0049273488300923
24.7916666666667 0.00494055480785689
25.5208333333333 0.00306156584336188
26.25 0.00284880758498344
26.9791666666667 0.00306878690047597
27.7083333333333 0.00222396709589029
28.4375 0.00123895002814279
29.1666666666667 0.000603930346032508
29.8958333333333 0.000276953343864193
30.625 0.000124434730218152
31.3541666666667 5.58303563484846e-05
32.0833333333333 2.53280944462706e-05
32.8125 1.20594931228756e-05
33.5416666666667 6.3970791218686e-06
34.2708333333333 4.12541079252333e-06
