-35 1.01532263300136e-07
-34.2708333333333 2.67935915099824e-06
-33.5416666666667 1.16318264553581e-05
-32.8125 3.26431118003446e-05
-32.0833333333333 7.92557020846233e-05
-31.3541666666667 0.000180597887184275
-30.625 0.000396320523056342
-29.8958333333333 0.000848027103831127
-29.1666666666667 0.0017570189405077
-28.4375 0.00340371503068377
-27.7083333333333 0.005781707220655
-26.9791666666667 0.00777456250282766
-26.25 0.00818159877309656
-25.5208333333333 0.0103526658888544
-24.7916666666667 0.0141882659696309
-24.0625 0.0124905441476868
-23.3333333333333 0.0101242803116948
-22.6041666666667 0.0128462862879263
-21.875 0.0161658982258534
-21.1458333333333 0.0186456604831593
-20.4166666666667 0.025836687173286
-19.6875 0.0332063734853349
-18.9583333333333 0.0296578159192909
-18.2291666666667 0.020996066252481
-17.5 0.0207506360544382
-16.7708333333333 0.0226898736706147
-16.0416666666667 0.0238769711936849
-15.3125 0.0320583067352465
-14.5833333333333 0.0427773764425525
-13.8541666666667 0.0399561579506728
-13.125 0.0281129905420737
-12.3958333333333 0.0231594247778775
-11.6666666666667 0.0214842598058032
-10.9375 0.0180675571970381
-10.2083333333333 0.018291894490848
-9.47916666666667 0.0261923192235116
-8.75000000000001 0.0273474365106603
-8.02083333333334 0.0200673406726129
-7.29166666666667 0.0158266164205912
-6.56250000000001 0.0142987978962727
-5.83333333333334 0.010783321174842
-5.10416666666667 0.00767827574888255
-4.37500000000001 0.00830836592254045
-3.64583333333334 0.00856170232610582
-2.91666666666667 0.00416423869090944
-2.18750000000001 0.00395777695689277
-1.45833333333334 0.00607015587454146
-0.729166666666673 0.00477528203694082
-6.66133814775094e-15 0.00362155478463666
0.72916666666666 0.00490023745767005
1.45833333333333 0.00619134851933407
2.18749999999999 0.00414027334933107
2.91666666666666 0.00459894561377854
3.64583333333333 0.00905765448781369
4.37499999999999 0.00869520961600067
5.10416666666666 0.00814133762026409
5.83333333333333 0.011347804568183
6.56249999999999 0.0147825617939183
7.29166666666666 0.0161797742090348
8.02083333333333 0.0205830305443464
8.74999999999999 0.0279903541565219
9.47916666666666 0.0266767743553514
10.2083333333333 0.0186754382767221
10.9375 0.018463880901868
11.6666666666667 0.021846791857958
12.3958333333333 0.0234714679630333
13.125 0.028566576430146
13.8541666666667 0.0405025829273353
14.5833333333333 0.0429569530478485
15.3125 0.0319806021183937
16.0416666666667 0.0238553947634055
16.7708333333333 0.0226380370032241
17.5 0.0206372318675686
18.2291666666667 0.020946488999858
18.9583333333333 0.0296796190889755
19.6875 0.0329707720966408
20.4166666666667 0.0254067331446457
21.1458333333333 0.018333698339686
21.875 0.0158815819302023
22.6041666666667 0.0125397745662656
23.3333333333333 0.00985476830333035
24.0625 0.0122126456812581
24.7916666666667 0.0138026613186802
25.5208333333333 0.00993034301934792
26.25 0.00782246587573704
26.9791666666667 0.00745807989476248
27.7083333333333 0.00551755730312728
28.4375 0.00322677146886766
29.1666666666667 0.00165923366729989
29.8958333333333 0.000800788717416679
30.625 0.000375139469037127
31.3541666666667 0.000171274539127594
32.0833333333333 7.50612542816531e-05
32.8125 3.07149990410642e-05
33.5416666666667 1.07573099128247e-05
34.2708333333333 2.34023242424354e-06
