-35 1.26219320987387e-07
-34.2708333333333 2.61564988282495e-06
-33.5416666666667 1.14014618519578e-05
-32.8125 3.19505994912762e-05
-32.0833333333333 7.72286425978008e-05
-31.3541666666667 0.000174866013543857
-30.625 0.000380817249839387
-29.8958333333333 0.000808449650342916
-29.1666666666667 0.00166368764782585
-28.4375 0.00320827715850249
-27.7083333333333 0.00543984784534118
-26.9791666666667 0.00732396680664493
-26.25 0.00777751509595472
-25.5208333333333 0.0100047946415866
-24.7916666666667 0.0137074955596032
-24.0625 0.0120321749609957
-23.3333333333333 0.00989491951459485
-22.6041666666667 0.0126832939283803
-21.875 0.0159430589019242
-21.1458333333333 0.0183652379749717
-20.4166666666667 0.0256033852699324
-19.6875 0.0330730386822578
-18.9583333333333 0.0295121769263593
-18.2291666666667 0.0209257198793586
-17.5 0.0208408168412436
-16.7708333333333 0.0228327794371812
-16.0416666666667 0.0239192313605114
-15.3125 0.0320773720928072
-14.5833333333333 0.0431489186532522
-13.8541666666667 0.0404903781431812
-13.125 0.0284356611754235
-12.3958333333333 0.0234867418149212
-11.6666666666667 0.02194429583651
-10.9375 0.0184346548260698
-10.2083333333333 0.0183217602717349
-9.47916666666667 0.026169256950679
-8.75000000000001 0.0276898285812134
-8.02083333333334 0.0203150608463118
-7.29166666666667 0.0157976407185938
-6.56250000000001 0.0144545909631547
-5.83333333333334 0.0111835725474045
-5.10416666666667 0.00801152997822919
-4.37500000000001 0.00834087846387074
-3.64583333333334 0.00864762587360032
-2.91666666666667 0.0045456724538557
-2.18750000000001 0.00408641140283489
-1.45833333333334 0.00593802195523612
-0.729166666666673 0.00478015002182044
-6.66133814775094e-15 0.00370172656472361
0.72916666666666 0.00484296674965331
1.45833333333333 0.00603368969159839
2.18749999999999 0.00424723541327871
2.91666666666666 0.00479399160427253
3.64583333333333 0.00885908850615545
4.37499999999999 0.00847068803514223
5.10416666666666 0.00817373225675529
5.83333333333333 0.0114001016415011
6.56249999999999 0.0146722020471061
7.29166666666666 0.0160296494160627
8.02083333333333 0.0206895433618374
8.74999999999999 0.028132077922123
9.47916666666666 0.0264645197710625
10.2083333333333 0.0184983242934127
10.9375 0.0186165464124867
11.6666666666667 0.0221188475877579
12.3958333333333 0.0236316943635632
13.125 0.0286316698431278
13.8541666666667 0.0407724136145597
14.5833333333333 0.0433691246506459
15.3125 0.0321817379337901
16.0416666666667 0.0239802924535994
16.7708333333333 0.0228470235476202
17.5 0.0207965147433224
18.2291666666667 0.0208633511408756
18.9583333333333 0.0294465954163107
19.6875 0.0329551735267849
20.4166666666667 0.025467437719637
21.1458333333333 0.0182688924903622
21.875 0.0158472049146246
22.6041666666667 0.0125715093464656
23.3333333333333 0.00977726886455918
24.0625 0.0118761786766013
24.7916666666667 0.0135138453565942
25.5208333333333 0.00986242629695549
26.25 0.00767276879134328
26.9791666666667 0.00721599758491978
27.7083333333333 0.00535143254418535
28.4375 0.00315299563574564
29.1666666666667 0.00163363623735237
29.8958333333333 0.000793170845387696
30.625 0.000373239941389596
31.3541666666667 0.000171156784968834
32.0833333333333 7.54326778280839e-05
32.8125 3.10928771394144e-05
33.5416666666667 1.10042295851344e-05
34.2708333333333 2.45961304698029e-06
