-35 4.43312851917748e-05
-34.2708333333333 5.04254910701277e-05
-33.5416666666667 7.24679568050217e-05
-32.8125 0.000123837757367479
-32.0833333333333 0.000235449510653061
-31.3541666666667 0.000470015606552178
-30.625 0.000950972933973851
-29.8958333333333 0.00192399878257562
-29.1666666666667 0.00383252366343008
-28.4375 0.00720683166538309
-27.7083333333333 0.0119098624563049
-26.9791666666667 0.0156960683543774
-26.25 0.0170421727501391
-25.5208333333333 0.0220461048414398
-24.7916666666667 0.028885374776258
-24.0625 0.0242417448353375
-23.3333333333333 0.016679375713894
-22.6041666666667 0.0169718238990002
-21.875 0.0195020413128703
-21.1458333333333 0.0252001805575151
-20.4166666666667 0.0364085618305791
-19.6875 0.0392448781497672
-18.9583333333333 0.0305135472062902
-18.2291666666667 0.0212577627688075
-17.5 0.0168521752435254
-16.7708333333333 0.0134621545543335
-16.0416666666667 0.0150038683619821
-15.3125 0.0217486317832391
-14.5833333333333 0.0171595555314775
-13.8541666666667 0.0102025489619398
-13.125 0.0107383014781832
-12.3958333333333 0.00869469371975532
-11.6666666666667 0.00469001196650377
-10.9375 0.00536663818335593
-10.2083333333333 0.00929430211030245
-9.47916666666667 0.00608207705469859
-8.75000000000001 0.00195105420403472
-8.02083333333334 0.00983810661406084
-7.29166666666667 0.0121044403502732
-6.56250000000001 0.00761764909487195
-5.83333333333334 0.00877973124587954
-5.10416666666667 0.0137966422878411
-4.37500000000001 0.0177527687353987
-3.64583333333334 0.0228267489616
-2.91666666666667 0.0311689028832433
-2.18750000000001 0.0321315315458434
-1.45833333333334 0.0223018782104939
-0.729166666666673 0.017202987668148
-6.66133814775094e-15 0.0169173908690428
0.72916666666666 0.0172029878857199
1.45833333333333 0.0223018785345555
2.18749999999999 0.0321315319922109
2.91666666666666 0.0311689035574789
3.64583333333333 0.0228267495854968
4.37499999999999 0.0177527690146987
5.10416666666666 0.0137966423381582
5.83333333333333 0.00877973118309004
6.56249999999999 0.00761764897780359
7.29166666666666 0.0121044403024133
8.02083333333333 0.00983810665069784
8.74999999999999 0.00195105415126434
9.47916666666666 0.00608207705208424
10.2083333333333 0.0092943022831675
10.9375 0.00536663835124954
11.6666666666667 0.00469001201822856
12.3958333333333 0.00869469364290133
13.125 0.0107383012974757
13.8541666666667 0.0102025487323071
14.5833333333333 0.0171595552599884
15.3125 0.0217486314521097
16.0416666666667 0.0150038681285933
16.7708333333333 0.0134621545073716
17.5 0.0168521754093668
18.2291666666667 0.0212577631581495
18.9583333333333 0.0305135477763919
19.6875 0.0392448787637345
20.4166666666667 0.0364085624022726
21.1458333333333 0.025200180943881
21.875 0.0195020414228552
22.6041666666667 0.016971823781818
23.3333333333333 0.0166793754499943
24.0625 0.0242417444936293
24.7916666666667 0.0288853742871696
25.5208333333333 0.0220461042525967
26.25 0.0170421723491534
26.9791666666667 0.0156960681894475
27.7083333333333 0.0119098624019784
28.4375 0.0072068316764811
29.1666666666667 0.00383252370678639
29.8958333333333 0.0019239988418242
30.625 0.000950972992006973
31.3541666666667 0.000470015659355943
32.0833333333333 0.000235449552747177
32.8125 0.000123837793310287
33.5416666666667 7.24679857161183e-05
34.2708333333333 5.04255132235253e-05
