-35 5.73852796154853e-08
-34.2708333333333 2.61740435286381e-06
-33.5416666666667 1.20602380538513e-05
-32.8125 3.4662752616523e-05
-32.0833333333333 8.55896611249884e-05
-31.3541666666667 0.0001977543169728
-30.625 0.000439102519402484
-29.8958333333333 0.000951258444142815
-29.1666666666667 0.00200128636359972
-28.4375 0.00394696899641883
-27.7083333333333 0.00680747638849954
-26.9791666666667 0.00914247744927444
-26.25 0.00909455617534594
-25.5208333333333 0.011020572262757
-24.7916666666667 0.0161077120518871
-24.0625 0.0147171314134882
-23.3333333333333 0.0110565717429648
-22.6041666666667 0.0131926042599848
-21.875 0.0165455741833928
-21.1458333333333 0.0188322591644471
-20.4166666666667 0.025489542693238
-19.6875 0.0332165138158763
-18.9583333333333 0.0305502156472141
-18.2291666666667 0.0215696827767304
-17.5 0.0205827675922422
-16.7708333333333 0.0222090663539082
-16.0416666666667 0.0234580242088431
-15.3125 0.0313230499541433
-14.5833333333333 0.0409654127647201
-13.8541666666667 0.0380734082752237
-13.125 0.0272080663781438
-12.3958333333333 0.0224806584185279
-11.6666666666667 0.0204761985176959
-10.9375 0.0172788491368264
-10.2083333333333 0.0185347336218165
-9.47916666666667 0.0264729473562498
-8.75000000000001 0.0259731093395989
-8.02083333333334 0.0185811555411818
-7.29166666666667 0.0155486149648662
-6.56250000000001 0.01414053878019
-5.83333333333334 0.0102389352208203
-5.10416666666667 0.00744604217846358
-4.37500000000001 0.00927265232860755
-3.64583333333334 0.00971420566961474
-2.91666666666667 0.0040741311470936
-2.18750000000001 0.00406012378703876
-1.45833333333334 0.00673205829127647
-0.729166666666673 0.00484746712463626
-6.66133814775094e-15 0.00319595204476393
0.72916666666666 0.00479232560880926
1.45833333333333 0.00670325037882646
2.18749999999999 0.00403652551301755
2.91666666666666 0.00392355184609091
3.64583333333333 0.00952325643734164
4.37499999999999 0.00913716862683632
5.10416666666666 0.00726588751209618
5.83333333333333 0.010004160492717
6.56249999999999 0.0139442677645565
7.29166666666666 0.0154299649189425
8.02083333333333 0.0184064065382969
8.74999999999999 0.0257543800438262
9.47916666666666 0.0263361545823126
10.2083333333333 0.0184152059107848
10.9375 0.0171196256220709
11.6666666666667 0.0203219311631021
12.3958333333333 0.0223442222613617
13.125 0.0269949656032398
13.8541666666667 0.0378290150389144
14.5833333333333 0.0409276728679725
15.3125 0.0314128270505881
16.0416666666667 0.0234823232290991
16.7708333333333 0.0222183191547193
17.5 0.0206038443422649
18.2291666666667 0.0215357187843154
18.9583333333333 0.0304578837314782
19.6875 0.0332669304171915
20.4166666666667 0.0256632663128299
21.1458333333333 0.0189555119855702
21.875 0.0166538268828289
22.6041666666667 0.0133138141600394
23.3333333333333 0.0111568197256085
24.0625 0.0148027128971789
24.7916666666667 0.0162475581251273
25.5208333333333 0.0112082576653503
26.25 0.00926342779705454
26.9791666666667 0.0092918708284713
27.7083333333333 0.00693589596448166
28.4375 0.00403418613839646
29.1666666666667 0.00204899376141234
29.8958333333333 0.000973654043976515
30.625 0.000448752308181651
31.3541666666667 0.000201830371915078
32.0833333333333 8.73638555163812e-05
32.8125 3.54586279426738e-05
33.5416666666667 1.24145016754021e-05
34.2708333333333 2.75293068355592e-06
