-35 4.51074296650882e-05
-34.2708333333333 5.12398190583022e-05
-33.5416666666667 7.3388232645079e-05
-32.8125 0.000124876197595068
-32.0833333333333 0.000236427440549004
-31.3541666666667 0.000470187528753546
-30.625 0.000948043202648624
-29.8958333333333 0.00191159511397439
-29.1666666666667 0.00379485467967996
-28.4375 0.00711343282491553
-27.7083333333333 0.0117282537271187
-26.9791666666667 0.0154522149678556
-26.25 0.0168555137139114
-25.5208333333333 0.021938053440166
-24.7916666666667 0.0286851255909583
-24.0625 0.0240062124785469
-23.3333333333333 0.016622939931091
-22.6041666666667 0.017088496670547
-21.875 0.019672752955166
-21.1458333333333 0.0253275105739478
-20.4166666666667 0.0366728471702547
-19.6875 0.0397590345150305
-18.9583333333333 0.0309368692232433
-18.2291666666667 0.0214560389363882
-17.5 0.0170488199890289
-16.7708333333333 0.0136530143418782
-16.0416666666667 0.0150166965059404
-15.3125 0.0216650543372366
-14.5833333333333 0.0173273951482581
-13.8541666666667 0.0103932537835027
-13.125 0.0107113962361879
-12.3958333333333 0.00866851088456815
-11.6666666666667 0.0047031351616799
-10.9375 0.00527692987946489
-10.2083333333333 0.0090304584499897
-9.47916666666667 0.00582082846294214
-8.75000000000001 0.00177297631058899
-8.02083333333334 0.00952706228238539
-7.29166666666667 0.0118177301873992
-6.56250000000001 0.00755490388702174
-5.83333333333334 0.00882994451319858
-5.10416666666667 0.0138152615073803
-4.37500000000001 0.0177126926159737
-3.64583333333334 0.0228604661234775
-2.91666666666667 0.031268176807977
-2.18750000000001 0.0321104775498549
-1.45833333333334 0.0222740060124958
-0.729166666666673 0.0173391762018718
-6.66133814775094e-15 0.0171349006040483
0.72916666666666 0.017339176681908
1.45833333333333 0.0222740068270344
2.18749999999999 0.032110478616823
2.91666666666666 0.0312681781117099
3.64583333333333 0.022860467260462
4.37499999999999 0.017712693144474
5.10416666666666 0.0138152615972574
5.83333333333333 0.00882994437143179
6.56249999999999 0.00755490360769745
7.29166666666666 0.0118177299217069
8.02083333333333 0.00952706214141058
8.74999999999999 0.00177297612479426
9.47916666666666 0.00582082834092988
10.2083333333333 0.00903045864410751
10.9375 0.00527693025061855
11.6666666666667 0.00470313554404273
12.3958333333333 0.00866851114007472
13.125 0.0107113959093943
13.8541666666667 0.0103932526004104
14.5833333333333 0.0173273940281209
15.3125 0.021665053646481
16.0416666666667 0.0150166959188772
16.7708333333333 0.0136530141648828
17.5 0.0170488205521864
18.2291666666667 0.0214560402009343
18.9583333333333 0.0309368709097482
19.6875 0.0397590365564356
20.4166666666667 0.0366728493567698
21.1458333333333 0.0253275120655461
21.875 0.0196727535820003
22.6041666666667 0.0170884968157582
23.3333333333333 0.0166229398330012
24.0625 0.0240062123207558
24.7916666666667 0.0286851255751368
25.5208333333333 0.0219380534295748
26.25 0.016855513580136
26.9791666666667 0.0154522148438693
27.7083333333333 0.011728253694864
28.4375 0.00711343286039076
29.1666666666667 0.00379485473000468
29.8958333333333 0.00191159516561599
30.625 0.000948043245514545
31.3541666666667 0.000470187567226628
32.0833333333333 0.000236427473163595
32.8125 0.000124876227716688
33.5416666666667 7.33882591290573e-05
34.2708333333333 5.1239840382032e-05
