-35 3.38984517998088e-06
-34.2708333333333 3.95365642670079e-06
-33.5416666666667 6.03207801805917e-06
-32.8125 1.11446986154934e-05
-32.0833333333333 2.29486334177138e-05
-31.3541666666667 4.96629211117781e-05
-30.625 0.000108842904958683
-29.8958333333333 0.00023833369337603
-29.1666666666667 0.000511372498292371
-28.4375 0.00103285364974974
-27.7083333333333 0.00183237409378254
-26.9791666666667 0.00253275938832388
-26.25 0.00249344036268223
-25.5208333333333 0.00288373990727732
-24.7916666666667 0.00432540923694291
-24.0625 0.00410768470189913
-23.3333333333333 0.00334457577347058
-22.6041666666667 0.00445348755216629
-21.875 0.00600221005122427
-21.1458333333333 0.00667246390473067
-20.4166666666667 0.00830313616377673
-19.6875 0.0115562503300387
-18.9583333333333 0.0116851904806088
-18.2291666666667 0.00858547209372229
-17.5 0.00912504832363302
-16.7708333333333 0.0115638419348231
-16.0416666666667 0.013002512902969
-15.3125 0.0158633617174412
-14.5833333333333 0.0224421445711763
-13.8541666666667 0.0247103795100199
-13.125 0.0189514397325719
-12.3958333333333 0.0162970534960101
-11.6666666666667 0.0188097922232382
-10.9375 0.0202199905457288
-10.2083333333333 0.0204735811089506
-9.47916666666667 0.0273376340660418
-8.75000000000001 0.0365122703557667
-8.02083333333334 0.0331781868271936
-7.29166666666667 0.0232274264782373
-6.56250000000001 0.0227738097087266
-5.83333333333334 0.0261179359831536
-5.10416666666667 0.0263865240120018
-4.37500000000001 0.0266917424959255
-3.64583333333334 0.0368607722436897
-2.91666666666667 0.0463246470865888
-2.18750000000001 0.0391899324854146
-1.45833333333334 0.0275342162780671
-0.729166666666673 0.0269930554112059
-6.66133814775094e-15 0.0287239046460817
0.72916666666666 0.0269930554127969
1.45833333333333 0.0275342162791133
2.18749999999999 0.0391899324882226
2.91666666666666 0.0463246470947409
3.64583333333333 0.0368607722518906
4.37499999999999 0.0266917425012898
5.10416666666666 0.0263865240184012
5.83333333333333 0.0261179359922596
6.56249999999999 0.0227738097186469
7.29166666666666 0.0232274264885785
8.02083333333333 0.0331781868425203
8.74999999999999 0.0365122703728283
9.47916666666666 0.0273376340796609
10.2083333333333 0.0204735811181824
10.9375 0.0202199905548199
11.6666666666667 0.0188097922323715
12.3958333333333 0.0162970535036005
13.125 0.0189514397417692
13.8541666666667 0.0247103795248891
14.5833333333333 0.0224421445871576
15.3125 0.0158633617275321
16.0416666666667 0.0130025129117521
16.7708333333333 0.0115638419458112
17.5 0.00912504833563473
18.2291666666667 0.00858547210841968
18.9583333333333 0.0116851905035364
19.6875 0.01155625035716
20.4166666666667 0.00830313618503655
21.1458333333333 0.00667246391903233
21.875 0.00600221006289347
22.6041666666667 0.00445348756031022
23.3333333333333 0.00334457577734742
24.0625 0.00410768470403425
24.7916666666667 0.00432540924036401
25.5208333333333 0.00288373990800709
26.25 0.0024934403613147
26.9791666666667 0.00253275938951121
27.7083333333333 0.00183237409690636
28.4375 0.00103285365457274
29.1666666666667 0.000511372502956276
29.8958333333333 0.000238333698084728
30.625 0.000108842908910209
31.3541666666667 4.96629246606794e-05
32.0833333333333 2.29486363209448e-05
32.8125 1.11447013477191e-05
33.5416666666667 6.03208043996805e-06
34.2708333333333 3.95365848743608e-06
