-35 6.01424302149581e-08
-34.2708333333333 2.67314447854718e-06
-33.5416666666667 1.21130665840043e-05
-32.8125 3.45303425345871e-05
-32.0833333333333 8.46929710499155e-05
-31.3541666666667 0.000194508911287474
-30.625 0.000429522271125244
-29.8958333333333 0.000925185851099398
-29.1666666666667 0.00193369749265705
-28.4375 0.00378682564270468
-27.7083333333333 0.00649324456823187
-26.9791666666667 0.00872044778625579
-26.25 0.00884439380384774
-25.5208333333333 0.0109330591119962
-24.7916666666667 0.0156840310590938
-24.0625 0.0141525863809965
-23.3333333333333 0.0108432364808665
-22.6041666666667 0.0131624573281074
-21.875 0.0164949457017146
-21.1458333333333 0.0188309286420189
-20.4166666666667 0.0257432775430616
-19.6875 0.0334535477337586
-18.9583333333333 0.0304545894488864
-18.2291666666667 0.0214938107745035
-17.5 0.020727966605977
-16.7708333333333 0.0224285368046824
-16.0416666666667 0.023639349600281
-15.3125 0.0316837367170558
-14.5833333333333 0.0417129485149304
-13.8541666666667 0.038740339877632
-13.125 0.0275009409057551
-12.3958333333333 0.0227182372590898
-11.6666666666667 0.0207771132841373
-10.9375 0.0174365735332534
-10.2083333333333 0.0183406409052094
-9.47916666666667 0.026296086361916
-8.75000000000001 0.0262829820526741
-8.02083333333334 0.0188482141674234
-7.29166666666667 0.0154436523823762
-6.56250000000001 0.014037859093137
-5.83333333333334 0.0102848946606328
-5.10416666666667 0.00740128519919291
-4.37500000000001 0.00884671096984875
-3.64583333333334 0.00926613012984189
-2.91666666666667 0.00408242863083971
-2.18750000000001 0.00395563277018311
-1.45833333333334 0.00636111871076666
-0.729166666666673 0.00465374448505916
-6.66133814775094e-15 0.00317555632674303
0.72916666666666 0.00466194803143481
1.45833333333333 0.00636468265832575
2.18749999999999 0.00395849870895303
2.91666666666666 0.00410830090391434
3.64583333333333 0.00929219239812307
4.37499999999999 0.00885457236683395
5.10416666666666 0.00741661242248101
5.83333333333333 0.0103101127167094
6.56249999999999 0.0140600940426445
7.29166666666666 0.0154598838800769
8.02083333333333 0.0188789397826753
8.74999999999999 0.0263192984263128
9.47916666666666 0.0263078160599151
10.2083333333333 0.0183439579883273
10.9375 0.0174499669171297
11.6666666666667 0.0207910300338597
12.3958333333333 0.022729547517882
13.125 0.0275221791204752
13.8541666666667 0.0387641184829246
14.5833333333333 0.0417155118839584
15.3125 0.0316729835945393
16.0416666666667 0.0236345234849953
16.7708333333333 0.022419308923151
17.5 0.0207111171702322
18.2291666666667 0.021478790362652
18.9583333333333 0.0304384887899142
19.6875 0.0334204276025183
20.4166666666667 0.0257061650463599
21.1458333333333 0.0188075890897386
21.875 0.0164753868823689
22.6041666666667 0.0131416747268435
23.3333333333333 0.0108221433770567
24.0625 0.0141227226037928
24.7916666666667 0.0156448843124506
25.5208333333333 0.0109008356789481
26.25 0.00881919582789926
26.9791666666667 0.00869670830745285
27.7083333333333 0.00647468885837164
28.4375 0.00377540058896371
29.1666666666667 0.00192761488467343
29.8958333333333 0.000922194336528755
30.625 0.000428101882576194
31.3541666666667 0.000193844530806615
32.0833333333333 8.43844911598184e-05
32.8125 3.43880804343475e-05
33.5416666666667 1.20490302411444e-05
34.2708333333333 2.64847301150972e-06
