-35 3.49090022930738e-06
-34.2708333333333 4.022243361983e-06
-33.5416666666667 5.93993052491083e-06
-32.8125 1.05332061328691e-05
-32.0833333333333 2.08188717376104e-05
-31.3541666666667 4.33933039137977e-05
-30.625 9.18860282325167e-05
-29.8958333333333 0.000194686880330045
-29.1666666666667 0.000404528700793658
-28.4375 0.000793513762404618
-27.7083333333333 0.00137860715078696
-26.9791666666667 0.00191038411007349
-26.25 0.00203720392148262
-25.5208333333333 0.00258022539761874
-24.7916666666667 0.00360062895704886
-24.0625 0.00327953611664256
-23.3333333333333 0.00294624604187885
-22.6041666666667 0.00412434039655159
-21.875 0.00546597577204803
-21.1458333333333 0.00619615670537501
-20.4166666666667 0.00823787684208266
-19.6875 0.0112369184333809
-18.9583333333333 0.010769985927153
-18.2291666666667 0.00805722664926065
-17.5 0.0090001161053994
-16.7708333333333 0.0112796361702941
-16.0416666666667 0.0125944725450554
-15.3125 0.0161788067440623
-14.5833333333333 0.0233357930679569
-13.8541666666667 0.0247773995296442
-13.125 0.0186171335676814
-12.3958333333333 0.0166352847451889
-11.6666666666667 0.019222123579842
-10.9375 0.0200063789307062
-10.2083333333333 0.0199294164287896
-9.47916666666667 0.0277414157854478
-8.75000000000001 0.0374060168601014
-8.02083333333334 0.0329040321314903
-7.29166666666667 0.0228195204585708
-6.56250000000001 0.0234225384291826
-5.83333333333334 0.0271661497538392
-5.10416666666667 0.0269137081035875
-4.37500000000001 0.0267187014861036
-3.64583333333334 0.0378190807418987
-2.91666666666667 0.0481654383556793
-2.18750000000001 0.0398883001065194
-1.45833333333334 0.0275531851512101
-0.729166666666673 0.0277613115919131
-6.66133814775094e-15 0.0299622170475517
0.72916666666666 0.0277565753181342
1.45833333333333 0.0275520435338228
2.18749999999999 0.0398896926750271
2.91666666666666 0.0481519775764446
3.64583333333333 0.0377996778868422
4.37499999999999 0.0267086248674883
5.10416666666666 0.0268987617257449
5.83333333333333 0.0271382736388648
6.56249999999999 0.0233877149307782
7.29166666666666 0.0227842389169234
8.02083333333333 0.032856015097322
8.74999999999999 0.0373396052155844
9.47916666666666 0.0276844650971426
10.2083333333333 0.0198944884048768
10.9375 0.0199751111077752
11.6666666666667 0.0191897429731023
12.3958333333333 0.0166042953351251
13.125 0.0185781412302031
13.8541666666667 0.0247226161995588
14.5833333333333 0.0232806469701447
15.3125 0.0161381347926036
16.0416666666667 0.0125611515558293
16.7708333333333 0.0112475613429624
17.5 0.00897176413827304
18.2291666666667 0.00802944735001218
18.9583333333333 0.0107332108643068
19.6875 0.0111974986391814
20.4166666666667 0.00820667789263268
21.1458333333333 0.00617311030468122
21.875 0.00544668434247158
22.6041666666667 0.00410945847477937
23.3333333333333 0.00293437929695685
24.0625 0.00326397032029312
24.7916666666667 0.00358311639506555
25.5208333333333 0.00256760451898805
26.25 0.00202665288403569
26.9791666666667 0.00190031074942238
27.7083333333333 0.00137147466109685
28.4375 0.000789474795430943
29.1666666666667 0.000402475967460636
29.8958333333333 0.000193690091755194
30.625 9.14106200834849e-05
31.3541666666667 4.31688202187548e-05
32.0833333333333 2.07140239486104e-05
32.8125 1.04845609185797e-05
33.5416666666667 5.91793354396576e-06
34.2708333333333 4.0137239509527e-06
