-35 3.47852607923008e-06
-34.2708333333333 4.03058076935145e-06
-33.5416666666667 6.04854187942747e-06
-32.8125 1.09492052956529e-05
-32.0833333333333 2.20946515981216e-05
-31.3541666666667 4.69412039714006e-05
-30.625 0.00010115548583526
-29.8958333333333 0.00021798326234396
-29.1666666666667 0.000460597093829189
-28.4375 0.000917788841558309
-27.7083333333333 0.00161313717595918
-26.9791666666667 0.00223367571094081
-26.25 0.00228469117350915
-25.5208333333333 0.00277237220996955
-24.7916666666667 0.00402575750957082
-24.0625 0.00374160947032831
-23.3333333333333 0.003166461303932
-22.6041666666667 0.00431161197301652
-21.875 0.00576679250052716
-21.1458333333333 0.00646676380465257
-20.4166666666667 0.00831777613558169
-19.6875 0.0114949988784837
-18.9583333333333 0.0113396878694844
-18.2291666666667 0.00837460935944649
-17.5 0.00907989057902865
-16.7708333333333 0.0114369427568827
-16.0416666666667 0.0128157286417187
-15.3125 0.0160526328283794
-14.5833333333333 0.0229661373707374
-13.8541666666667 0.0248487195903729
-13.125 0.0188478134857256
-12.3958333333333 0.0164661185644289
-11.6666666666667 0.0189742466649721
-10.9375 0.0200513426553954
-10.2083333333333 0.020157534036942
-9.47916666666667 0.0275480272609191
-8.75000000000001 0.0369917004886454
-8.02083333333334 0.0330464174227333
-7.29166666666667 0.0229758402508515
-6.56250000000001 0.0229920702623359
-5.83333333333334 0.0264965896090599
-5.10416666666667 0.0265110846319804
-4.37500000000001 0.0266164048504237
-3.64583333333334 0.0372794714280532
-2.91666666666667 0.047171126433326
-2.18750000000001 0.0394625312718513
-1.45833333333334 0.0274399215096264
-0.729166666666673 0.0272118079704972
-6.66133814775094e-15 0.0291498236350049
0.72916666666666 0.0272118079628259
1.45833333333333 0.0274399214955713
2.18749999999999 0.0394625312484101
2.91666666666666 0.0471711264006685
3.64583333333333 0.0372794714005449
4.37499999999999 0.026616404839168
5.10416666666666 0.0265110846236335
5.83333333333333 0.0264965895958165
6.56249999999999 0.0229920702437688
7.29166666666666 0.0229758402201325
8.02083333333333 0.0330464173762357
8.74999999999999 0.0369917004382322
9.47916666666666 0.0275480272200635
10.2083333333333 0.0201575340053024
10.9375 0.0200513426330235
11.6666666666667 0.0189742466526947
12.3958333333333 0.016466118563694
13.125 0.0188478134956481
13.8541666666667 0.0248487196024885
14.5833333333333 0.0229661373843526
15.3125 0.0160526328473346
16.0416666666667 0.0128157286671366
16.7708333333333 0.01143694278318
17.5 0.00907989060041898
18.2291666666667 0.00837460938080586
18.9583333333333 0.0113396879115521
19.6875 0.0114949989378959
20.4166666666667 0.00831777618320487
21.1458333333333 0.00646676383870281
21.875 0.00576679253693902
22.6041666666667 0.00431161200839732
23.3333333333333 0.00316646133269177
24.0625 0.00374160950168126
24.7916666666667 0.00402575755382729
25.5208333333333 0.00277237224784663
26.25 0.00228469119403778
26.9791666666667 0.00223367572583795
27.7083333333333 0.00161313718970949
28.4375 0.000917788853321522
29.1666666666667 0.000460597102500998
29.8958333333333 0.00021798326925117
30.625 0.000101155491215938
31.3541666666667 4.69412085476548e-05
32.0833333333333 2.20946553625287e-05
32.8125 1.09492086757354e-05
33.5416666666667 6.04854474943949e-06
34.2708333333333 4.03058301525616e-06
