-35 1.34348599407846e-09
-34.2708333333333 2.35014408472567e-09
-33.5416666666667 6.46481414897621e-09
-32.8125 2.07512301198611e-08
-32.0833333333333 6.65802087076994e-08
-31.3541666666667 2.19354031963959e-07
-30.625 7.0887538794917e-07
-29.8958333333333 2.26923732746347e-06
-29.1666666666667 7.02312956653842e-06
-28.4375 2.08072655383898e-05
-27.7083333333333 5.6016309395118e-05
-26.9791666666667 0.000121074004986547
-26.25 0.000160115174207153
-25.5208333333333 0.000134148170446073
-24.7916666666667 0.000145847561259705
-24.0625 0.000149329477421301
-23.3333333333333 0.000142728833393211
-22.6041666666667 0.000292246864211762
-21.875 0.000708108285762519
-21.1458333333333 0.0012464423060874
-20.4166666666667 0.00128649582627334
-19.6875 0.00114778004060825
-18.9583333333333 0.00124559566803288
-18.2291666666667 0.000969480929203784
-17.5 0.00104795086700557
-16.7708333333333 0.00245983303324538
-16.0416666666667 0.00534590293020863
-15.3125 0.00703473932984938
-14.5833333333333 0.00553834956318657
-13.8541666666667 0.00596198344905931
-13.125 0.00633787445341129
-12.3958333333333 0.00449890237585953
-11.6666666666667 0.00653186626085938
-10.9375 0.0163619213506811
-10.2083333333333 0.0333800284947775
-9.47916666666667 0.0432319722420876
-8.75000000000001 0.0416191622290393
-8.02083333333334 0.0423377349276858
-7.29166666666667 0.0327651379258834
-6.56250000000001 0.016096229808856
-5.83333333333334 0.0119285548682593
-5.10416666666667 0.026153619853823
-4.37500000000001 0.0558608916796787
-3.64583333333334 0.0748766842841107
-2.91666666666667 0.074145236883867
-2.18750000000001 0.074306963879445
-1.45833333333334 0.0559669201617341
-0.729166666666673 0.0266049181322972
-6.66133814775094e-15 0.0149488719542537
0.72916666666666 0.0266054037414701
1.45833333333333 0.0559680683937037
2.18749999999999 0.0743085356317651
2.91666666666666 0.0741468318105363
3.64583333333333 0.0748781412314668
4.37499999999999 0.0558618571897194
5.10416666666666 0.0261540815704817
5.83333333333333 0.0119289555027216
6.56249999999999 0.0160972007879571
7.29166666666666 0.032766940016527
8.02083333333333 0.042339457756345
8.74999999999999 0.0416204543536449
9.47916666666666 0.0432339206456769
10.2083333333333 0.0333820146038954
10.9375 0.0163629989136479
11.6666666666667 0.00653229500887803
12.3958333333333 0.00449916290428694
13.125 0.00633816877309912
13.8541666666667 0.00596211432659809
14.5833333333333 0.00553838138060414
15.3125 0.00703498938443095
16.0416666666667 0.00534620119085596
16.7708333333333 0.00246000458664536
17.5 0.00104801513642574
18.2291666666667 0.000969449396739496
18.9583333333333 0.00124546861816441
19.6875 0.00114758979933939
20.4166666666667 0.00128632032407404
21.1458333333333 0.00124634186399192
21.875 0.000708070519042903
22.6041666666667 0.000292224536629802
23.3333333333333 0.000142689083364542
24.0625 0.00014927366287115
24.7916666666667 0.000145830514630777
25.5208333333333 0.000134149233955841
26.25 0.00016006693434064
26.9791666666667 0.000121018768487508
27.7083333333333 5.59884402082169e-05
28.4375 2.07967283968769e-05
29.1666666666667 7.01995791684975e-06
29.8958333333333 2.26830788825962e-06
30.625 7.08681942034329e-07
31.3541666666667 2.19320189797761e-07
32.0833333333333 6.65805235748226e-08
32.8125 2.07476533641212e-08
33.5416666666667 6.47225588939763e-09
34.2708333333333 2.35239621880689e-09
