-35 6.98327812274784e-10
-34.2708333333333 2.45784881880395e-09
-33.5416666666667 1.00905468182866e-08
-32.8125 3.46134174390064e-08
-32.0833333333333 1.10438703621929e-07
-31.3541666666667 3.48800959037379e-07
-30.625 1.08491264833591e-06
-29.8958333333333 3.34555977916027e-06
-29.1666666666667 1.00361468605642e-05
-28.4375 2.87767110460099e-05
-27.7083333333333 7.51584809986059e-05
-26.9791666666667 0.000158801613337034
-26.25 0.000209032776851975
-25.5208333333333 0.000180932096421315
-24.7916666666667 0.000210345493426609
-24.0625 0.000219119070735343
-23.3333333333333 0.00018034134465123
-22.6041666666667 0.000305323922216949
-21.875 0.000697550630748749
-21.1458333333333 0.00113337048057346
-20.4166666666667 0.000953680720614036
-19.6875 0.000781096215168037
-18.9583333333333 0.00112128796693597
-18.2291666666667 0.000927987499663773
-17.5 0.000749571172285538
-16.7708333333333 0.00159828561767441
-16.0416666666667 0.00394418082767548
-15.3125 0.00684304345336378
-14.5833333333333 0.00786881923247573
-13.8541666666667 0.00718336736028077
-13.125 0.0048416447766563
-12.3958333333333 0.00255459869162627
-11.6666666666667 0.00417128038453693
-10.9375 0.012901727782792
-10.2083333333333 0.0329888090667022
-9.47916666666667 0.0593701633855779
-8.75000000000001 0.0719949891372532
-8.02083333333334 0.0601991125280171
-7.29166666666667 0.0330248435107912
-6.56250000000001 0.0136383665977421
-5.83333333333334 0.0133603078139072
-5.10416666666667 0.0323683435643515
-4.37500000000001 0.0600031499108974
-3.64583333333334 0.0550228033046361
-2.91666666666667 0.0336625173246649
-2.18750000000001 0.0539764154586692
-1.45833333333334 0.060884091056347
-0.729166666666673 0.0345674907413503
-6.66133814775094e-15 0.0202486724074608
0.72916666666666 0.0314125360810013
1.45833333333333 0.0574695813255523
2.18749999999999 0.0593873214091186
2.91666666666666 0.0467514999888365
3.64583333333333 0.0606547663087273
4.37499999999999 0.0572107542123584
5.10416666666666 0.0293205722532828
5.83333333333333 0.0118563430195171
6.56249999999999 0.0125820109422187
7.29166666666666 0.0315157202189363
8.02083333333333 0.058864014044108
8.74999999999999 0.0716137600715388
9.47916666666666 0.0590143538530908
10.2083333333333 0.0322995183804903
10.9375 0.0124244163818192
11.6666666666667 0.00395963732257216
12.3958333333333 0.00237299733739585
13.125 0.00445776975806221
13.8541666666667 0.00664894324246344
14.5833333333333 0.00734645807259439
15.3125 0.00640763696099552
16.0416666666667 0.00369577750542558
16.7708333333333 0.00150567136738701
17.5 0.000725779289698495
18.2291666666667 0.000913134987857498
18.9583333333333 0.00105083975154508
19.6875 0.000632799179692387
20.4166666666667 0.000817595174269599
21.1458333333333 0.00107168349535734
21.875 0.000678847562134693
22.6041666666667 0.000298160043395618
23.3333333333333 0.00017551522655368
24.0625 0.00021842543503691
24.7916666666667 0.000216703467364782
25.5208333333333 0.000191438430097845
26.25 0.000217923999169713
26.9791666666667 0.000162894042320188
27.7083333333333 7.63009673668055e-05
28.4375 2.90203938313956e-05
29.1666666666667 1.00920792556831e-05
29.8958333333333 3.36831807702538e-06
30.625 1.09759478992523e-06
31.3541666666667 3.5540671048387e-07
32.0833333333333 1.13508827742614e-07
32.8125 3.59118488808706e-08
33.5416666666667 1.06189898785477e-08
34.2708333333333 2.63666313912012e-09
