-35 3.43347734212334e-09
-34.2708333333333 4.43336774620637e-09
-33.5416666666667 9.20433810324233e-09
-32.8125 2.41649398967596e-08
-32.0833333333333 6.953676715982e-08
-31.3541666666667 2.08495576386219e-07
-30.625 6.29375656730554e-07
-29.8958333333333 1.90770993785532e-06
-29.1666666666667 5.69979745620892e-06
-28.4375 1.64883200293379e-05
-27.7083333333333 4.40931460256936e-05
-26.9791666666667 9.79675009740066e-05
-26.25 0.000145234432668213
-25.5208333333333 0.000148033310931374
-24.7916666666667 0.000153559436031873
-24.0625 0.000130689219074082
-23.3333333333333 9.97403468769923e-05
-22.6041666666667 0.000188251982953533
-21.875 0.000479804881825998
-21.1458333333333 0.000927775130624884
-20.4166666666667 0.0011390843290702
-19.6875 0.00110387803970125
-18.9583333333333 0.00102167199194468
-18.2291666666667 0.000763832592453741
-17.5 0.000993341717226477
-16.7708333333333 0.00238014117097074
-16.0416666666667 0.00474378598287315
-15.3125 0.00497074272949491
-14.5833333333333 0.00219122953343231
-13.8541666666667 0.00350528232502337
-13.125 0.005590151702007
-12.3958333333333 0.00388031352489496
-11.6666666666667 0.00428743744399076
-10.9375 0.0107589015063198
-10.2083333333333 0.0251852590036378
-9.47916666666667 0.0416013277447924
-8.75000000000001 0.0484809904918314
-8.02083333333334 0.0426088968686692
-7.29166666666667 0.0254114740201607
-6.56250000000001 0.0101054712426614
-5.83333333333334 0.00684492080582994
-5.10416666666667 0.0183105923879267
-4.37500000000001 0.0498701056572713
-3.64583333333334 0.0939630622412788
-2.91666666666667 0.11715900227737
-2.18750000000001 0.0979838751204008
-1.45833333333334 0.0527109744707314
-0.729166666666673 0.0199436636072478
-6.66133814775094e-15 0.0127699039967528
0.72916666666666 0.0275639727296062
1.45833333333333 0.0545257449027336
2.18749999999999 0.0601831817116781
2.91666666666666 0.051011549240533
3.64583333333333 0.0613953954610165
4.37499999999999 0.0545170519016303
5.10416666666666 0.0273917669715282
5.83333333333333 0.0112956590008102
6.56249999999999 0.0126724190004669
7.29166666666666 0.0313314689558089
8.02083333333333 0.0571672111979767
8.74999999999999 0.0686050726624801
9.47916666666666 0.0567443123708851
10.2083333333333 0.0316219723704015
10.9375 0.0125735013112279
11.6666666666667 0.00450657425256997
12.3958333333333 0.00334644146833616
13.125 0.00495605810073086
13.8541666666667 0.00431425563716129
14.5833333333333 0.0037490636324406
15.3125 0.00522856764385291
16.0416666666667 0.00419838746351249
16.7708333333333 0.00199609893148763
17.5 0.000920461941672609
18.2291666666667 0.000936827284368329
18.9583333333333 0.00110527279750934
19.6875 0.00082414272383157
20.4166666666667 0.000966464576670359
21.1458333333333 0.00108214854104972
21.875 0.000651705461951358
22.6041666666667 0.000276172422627156
23.3333333333333 0.000142986523898183
24.0625 0.000165638301209939
24.7916666666667 0.000183939158492576
25.5208333333333 0.000176561658900099
26.25 0.000176926432295431
26.9791666666667 0.000119839753968416
27.7083333333333 5.37835417139149e-05
28.4375 2.00729713045342e-05
29.1666666666667 6.93317866471959e-06
29.8958333333333 2.31665878033068e-06
30.625 7.62335031959968e-07
31.3541666666667 2.51711276994883e-07
32.0833333333333 8.36632887181677e-08
32.8125 2.88287588232831e-08
33.5416666666667 1.07529608018876e-08
34.2708333333333 4.90396983830579e-09
