-35 4.23900814234005e-09
-34.2708333333333 5.50147569553897e-09
-33.5416666666667 1.10632746844971e-08
-32.8125 2.78853045453502e-08
-32.0833333333333 7.85470770542719e-08
-31.3541666666667 2.30810130088699e-07
-30.625 6.89344010006852e-07
-29.8958333333333 2.07188063168256e-06
-29.1666666666667 6.17856411164284e-06
-28.4375 1.7933954855146e-05
-27.7083333333333 4.86578346593155e-05
-26.9791666666667 0.00011219954783853
-26.25 0.000181308051297218
-25.5208333333333 0.00020515604509599
-24.7916666666667 0.000207643765889438
-24.0625 0.000161665118319249
-23.3333333333333 0.000107799864040933
-22.6041666666667 0.000176184393838192
-21.875 0.000419129100710166
-21.1458333333333 0.000718059466981376
-20.4166666666667 0.000692972955780293
-19.6875 0.00063404086632973
-18.9583333333333 0.000793994718154176
-18.2291666666667 0.000640778272659879
-17.5 0.000606866549476029
-16.7708333333333 0.00131553538410049
-16.0416666666667 0.00287883700198682
-15.3125 0.00405293211882459
-14.5833333333333 0.00371438919778352
-13.8541666666667 0.00389601505370379
-13.125 0.00361715069910227
-12.3958333333333 0.00235412559207053
-11.6666666666667 0.00355294605024778
-10.9375 0.0100213855948914
-10.2083333333333 0.0246118272973801
-9.47916666666667 0.0432201148886026
-8.75000000000001 0.0520707612417981
-8.02083333333334 0.0442028721399053
-7.29166666666667 0.0245145321762116
-6.56250000000001 0.00863934906140684
-5.83333333333334 0.00452492191535225
-5.10416666666667 0.013831333300053
-4.37500000000001 0.0447630616728512
-3.64583333333334 0.0968773807028573
-2.91666666666667 0.126985091296104
-2.18750000000001 0.0993313323510817
-1.45833333333334 0.0458568132529517
-0.729166666666673 0.0130659799358645
-6.66133814775094e-15 0.0041636395667315
0.72916666666666 0.0130659887110555
1.45833333333333 0.0458568481776693
2.18749999999999 0.0993314180071478
2.91666666666666 0.126985205809178
3.64583333333333 0.0968774612092658
4.37499999999999 0.0447630911785566
5.10416666666666 0.0138313398331451
5.83333333333333 0.00452492213136492
6.56249999999999 0.00863934807025461
7.29166666666666 0.0245145347214378
8.02083333333333 0.0442028828251816
8.74999999999999 0.0520707798507748
9.47916666666666 0.0432201318136904
10.2083333333333 0.0246118393784944
10.9375 0.0100213937072364
11.6666666666667 0.00355294974393101
12.3958333333333 0.00235412021995157
13.125 0.00361713280780628
13.8541666666667 0.00389599247762115
14.5833333333333 0.00371436650869168
15.3125 0.00405291008210949
16.0416666666667 0.00287882357915789
16.7708333333333 0.00131552913631337
17.5 0.000606859827363978
18.2291666666667 0.000640764454725201
18.9583333333333 0.000793978822687097
19.6875 0.000634031158667993
20.4166666666667 0.000692959751158085
21.1458333333333 0.000718043160802537
21.875 0.000419119600662286
22.6041666666667 0.000176180577399851
23.3333333333333 0.000107796692770807
24.0625 0.000161658097915943
24.7916666666667 0.000207632102093589
25.5208333333333 0.000205143834293728
26.25 0.000181299248064584
26.9791666666667 0.000112195201099368
27.7083333333333 4.86562091640743e-05
28.4375 1.79334484287985e-05
29.1666666666667 6.17842846065859e-06
29.8958333333333 2.07185093345209e-06
30.625 6.8934181203796e-07
31.3541666666667 2.30810259776338e-07
32.0833333333333 7.85478844278322e-08
32.8125 2.78852736684156e-08
33.5416666666667 1.10626760704621e-08
34.2708333333333 5.50114632339126e-09
