-35 1.31411015915087e-09
-34.2708333333333 2.19453680720103e-09
-33.5416666666667 6.21571108201014e-09
-32.8125 1.98008724427643e-08
-32.0833333333333 6.31020067018926e-08
-31.3541666666667 2.05004782518758e-07
-30.625 6.5820801649554e-07
-29.8958333333333 2.10059634473765e-06
-29.1666666666667 6.5290440716373e-06
-28.4375 1.95499848814301e-05
-27.7083333333333 5.39899976780206e-05
-26.9791666666667 0.000124382853543738
-26.25 0.000193399911095159
-25.5208333333333 0.000201625149268199
-24.7916666666667 0.000195724846380926
-24.0625 0.000163593357881876
-23.3333333333333 0.000148399872582037
-22.6041666666667 0.000305241967601193
-21.875 0.000726226839754346
-21.1458333333333 0.00120863655717624
-20.4166666666667 0.00108114682617087
-19.6875 0.000906304597194103
-18.9583333333333 0.0011972702769802
-18.2291666666667 0.00100606115983212
-17.5 0.000969405305110439
-16.7708333333333 0.00212158341777998
-16.0416666666667 0.00461092908302392
-15.3125 0.00617803940063839
-14.5833333333333 0.00505030734698636
-13.8541666666667 0.00537165881291952
-13.125 0.00548542716192375
-12.3958333333333 0.00369110570508894
-11.6666666666667 0.0052116609463955
-10.9375 0.0137637456271055
-10.2083333333333 0.0308913206432221
-9.47916666666667 0.0472069595937367
-8.75000000000001 0.0516542544086609
-8.02083333333334 0.0466126803762376
-7.29166666666667 0.0300964864590669
-6.56250000000001 0.0133579546943702
-5.83333333333334 0.0104844492890755
-5.10416666666667 0.0247889917944083
-4.37500000000001 0.0540004428001218
-3.64583333333334 0.0741699515514014
-2.91666666666667 0.0749802940384659
-2.18750000000001 0.0738300861113026
-1.45833333333334 0.0541928166962955
-0.729166666666673 0.0252803431389739
-6.66133814775094e-15 0.0140027166002847
0.72916666666666 0.0253261537072124
1.45833333333333 0.0544422372039372
2.18749999999999 0.0747336119064775
2.91666666666666 0.0766059337046497
3.64583333333333 0.0755912633936266
4.37499999999999 0.0546077466669662
5.10416666666666 0.0249126170401901
5.83333333333333 0.010458170568365
6.56249999999999 0.0133704486961134
7.29166666666666 0.0306728759517439
8.02083333333333 0.0488214937162048
8.74999999999999 0.0551203896435579
9.47916666666666 0.0497004343503594
10.2083333333333 0.0317044763469102
10.9375 0.0138730762499781
11.6666666666667 0.0051990222631007
12.3958333333333 0.00368145745729165
13.125 0.00546585324971939
13.8541666666667 0.00531053330122801
14.5833333333333 0.00497868621082519
15.3125 0.00614486619577786
16.0416666666667 0.00460830870007596
16.7708333333333 0.00212507434658509
17.5 0.000966099918631934
18.2291666666667 0.000989298987106079
18.9583333333333 0.00117759960974108
19.6875 0.000900756966936617
20.4166666666667 0.00106923439542886
21.1458333333333 0.00118291311937667
21.875 0.000707319418809305
22.6041666666667 0.000297220752352301
23.3333333333333 0.000149407359045832
24.0625 0.000171258580169217
24.7916666666667 0.000198274797059049
25.5208333333333 0.000199121845474353
26.25 0.000198269426652879
26.9791666666667 0.000132066997598128
27.7083333333333 5.83222630901137e-05
28.4375 2.13335616784271e-05
29.1666666666667 7.18488823601345e-06
29.8958333333333 2.33144030952736e-06
30.625 7.37871082494507e-07
31.3541666666667 2.32394347696711e-07
32.0833333333333 7.24401508372026e-08
32.8125 2.30016439199492e-08
33.5416666666667 7.30770184000103e-09
34.2708333333333 2.53398323782099e-09
