-35 1.01149517484534e-09
-34.2708333333333 1.85744538755792e-09
-33.5416666666667 5.31029406203241e-09
-32.8125 1.68803062410451e-08
-32.0833333333333 5.29876503666463e-08
-31.3541666666667 1.69632174451677e-07
-30.625 5.36280232788211e-07
-29.8958333333333 1.69916075955098e-06
-29.1666666666667 5.27046829180517e-06
-28.4375 1.58221937106516e-05
-27.7083333333333 4.38377235702061e-05
-26.9791666666667 0.000100181729252579
-26.25 0.000147745037232357
-25.5208333333333 0.00014197854324886
-24.7916666666667 0.00014390259176692
-24.0625 0.000130269599400737
-23.3333333333333 0.000125153725304647
-22.6041666666667 0.000274417007662368
-21.875 0.000687430907223495
-21.1458333333333 0.00125549015202572
-20.4166666666667 0.00138502301182216
-19.6875 0.00128085540943398
-18.9583333333333 0.00130632431369778
-18.2291666666667 0.000995372053952935
-17.5 0.001151094127259
-16.7708333333333 0.00273540187183272
-16.0416666666667 0.00573283874675797
-15.3125 0.00686960443846104
-14.5833333333333 0.00450638202379381
-13.8541666666667 0.00549268753720331
-13.125 0.00679251654806422
-12.3958333333333 0.00459704037545607
-11.6666666666667 0.00565656882602362
-10.9375 0.0143640454433861
-10.2083333333333 0.0317861585948448
-9.47916666666667 0.0475953467277824
-8.75000000000001 0.0518481535581552
-8.02083333333334 0.0480966440769092
-7.29166666666667 0.031996684403515
-6.56250000000001 0.0145815680762507
-5.83333333333334 0.0119179172085736
-5.10416666666667 0.0276765267656853
-4.37500000000001 0.0569213664018563
-3.64583333333334 0.0696737018574281
-2.91666666666667 0.0637461459539068
-2.18750000000001 0.0693934504194877
-1.45833333333334 0.0575200608370287
-0.729166666666673 0.0287403534945721
-6.66133814775094e-15 0.0165647531271178
0.72916666666666 0.0287400204422136
1.45833333333333 0.0575193678090807
2.18749999999999 0.0693926978910202
2.91666666666666 0.0637455228734176
3.64583333333333 0.0696730050316808
4.37499999999999 0.0569207404265999
5.10416666666666 0.0276761853158741
5.83333333333333 0.0119177673975034
6.56249999999999 0.014581457916556
7.29166666666666 0.0319966572551898
8.02083333333333 0.0480969693334835
8.74999999999999 0.0518486729126826
9.47916666666666 0.0475954909527589
10.2083333333333 0.0317859825136591
10.9375 0.0143639123743888
11.6666666666667 0.00565657090567655
12.3958333333333 0.00459715790120359
13.125 0.00679261536994774
13.8541666666667 0.00549249133441981
14.5833333333333 0.00450608393351644
15.3125 0.0068695775951732
16.0416666666667 0.00573294142103778
16.7708333333333 0.00273547300910778
17.5 0.00115113319881746
18.2291666666667 0.000995396267769259
18.9583333333333 0.00130630141791589
19.6875 0.00128077132007962
20.4166666666667 0.00138496541518029
21.1458333333333 0.0012554935343003
21.875 0.0006874452312721
22.6041666666667 0.00027442232548558
23.3333333333333 0.000125152319049729
24.0625 0.000130272894085089
24.7916666666667 0.000143929663841792
25.5208333333333 0.000142013354113307
26.25 0.000147756322356141
26.9791666666667 0.000100178852720846
27.7083333333333 4.38349178498163e-05
28.4375 1.5821060685304e-05
29.1666666666667 5.27017836807048e-06
29.8958333333333 1.69916803474396e-06
30.625 5.36335945719911e-07
31.3541666666667 1.69646411464502e-07
32.0833333333333 5.29979786784132e-08
32.8125 1.68870800707791e-08
33.5416666666667 5.31386838158213e-09
34.2708333333333 1.85987260900399e-09
