-35 8.10048644041547e-10
-34.2708333333333 1.60948871013825e-09
-33.5416666666667 4.85640082584667e-09
-32.8125 1.59699489378181e-08
-32.0833333333333 5.13143186084083e-08
-31.3541666666667 1.67880128174365e-07
-30.625 5.40320956565423e-07
-29.8958333333333 1.73815417168595e-06
-29.1666666666667 5.45518290566708e-06
-28.4375 1.65244724213284e-05
-27.7083333333333 4.60114905334554e-05
-26.9791666666667 0.000104843177715115
-26.25 0.000151315299871601
-25.5208333333333 0.000140664404254604
-24.7916666666667 0.000146591762484694
-24.0625 0.000139036998778822
-23.3333333333333 0.00013411202643207
-22.6041666666667 0.000285355256509202
-21.875 0.000697475208889153
-21.1458333333333 0.00122720810202541
-20.4166666666667 0.00125941104172687
-19.6875 0.00112872418184518
-18.9583333333333 0.00125060145612887
-18.2291666666667 0.000988603964444722
-17.5 0.00107462486296078
-16.7708333333333 0.00249676365940097
-16.0416666666667 0.00533188959375466
-15.3125 0.00675869657369449
-14.5833333333333 0.00501997238306731
-13.8541666666667 0.00567878897254274
-13.125 0.00634657727208726
-12.3958333333333 0.0043605619192912
-11.6666666666667 0.00596249025124593
-10.9375 0.0154509204017273
-10.2083333333333 0.0340930850530235
-9.47916666666667 0.0508856946408379
-8.75000000000001 0.0552339232044439
-8.02083333333334 0.0512101606844353
-7.29166666666667 0.0342050570195754
-6.56250000000001 0.0156423485203987
-5.83333333333334 0.0123852151389614
-5.10416666666667 0.0280302671750235
-4.37500000000001 0.0570281546221359
-3.64583333333334 0.0683772054230646
-2.91666666666667 0.0611279901225948
-2.18750000000001 0.0678192349919523
-1.45833333333334 0.0575822853085409
-0.729166666666673 0.0290861573259305
-6.66133814775094e-15 0.0162907652650654
0.72916666666666 0.0273764245876942
1.45833333333333 0.0559773390662449
2.18749999999999 0.0714820112330499
2.91666666666666 0.068893785811478
3.64583333333333 0.0714654364622543
4.37499999999999 0.0553095661348413
5.10416666666666 0.0263780814346799
5.83333333333333 0.0119142302753926
6.56249999999999 0.0156878611063403
7.29166666666666 0.0326341113596548
8.02083333333333 0.0441572845150519
8.74999999999999 0.0443903981546704
9.47916666666666 0.0438301381926453
10.2083333333333 0.0323463563371717
10.9375 0.0155057490590058
11.6666666666667 0.00601723115372683
12.3958333333333 0.0039342688474091
13.125 0.00569960595842885
13.8541666666667 0.0059416485918198
14.5833333333333 0.00572254025038445
15.3125 0.00652823105842445
16.0416666666667 0.00469819208464502
16.7708333333333 0.00212994580474536
17.5 0.000963068701688457
18.2291666666667 0.000994134103565521
18.9583333333333 0.00117762787423037
19.6875 0.000877424353650648
20.4166666666667 0.00104832496518655
21.1458333333333 0.00118691093675091
21.875 0.000718824044056939
22.6041666666667 0.000303347836098121
23.3333333333333 0.000142583696621263
24.0625 0.000143320479569048
24.7916666666667 0.000154984671734951
25.5208333333333 0.00015455127516108
26.25 0.000160651825087373
26.9791666666667 0.000107678032388439
27.7083333333333 4.66860674199693e-05
28.4375 1.67027066714509e-05
29.1666666666667 5.50064613296795e-06
29.8958333333333 1.74647535908407e-06
30.625 5.40412593499061e-07
31.3541666666667 1.6683828839376e-07
32.0833333333333 5.07043990752123e-08
32.8125 1.56638782418254e-08
33.5416666666667 4.74238708893196e-09
34.2708333333333 1.5677265449628e-09
