-35 8.27824271312358e-10
-34.2708333333333 2.22753285633663e-09
-33.5416666666667 7.84358811330639e-09
-32.8125 2.58142875770962e-08
-32.0833333333333 8.10269908436129e-08
-31.3541666666667 2.54370156696513e-07
-30.625 7.88691399983783e-07
-29.8958333333333 2.43715915866837e-06
-29.1666666666667 7.36974882790601e-06
-28.4375 2.14863658098402e-05
-27.7083333333333 5.76204472439017e-05
-26.9791666666667 0.00012718586718614
-26.25 0.000182969939148676
-25.5208333333333 0.000177561115207516
-24.7916666666667 0.000187313404553906
-24.0625 0.000170301121487394
-23.3333333333333 0.000141212329646235
-22.6041666666667 0.0002665114583285
-21.875 0.00064145493029946
-21.1458333333333 0.00111047183458901
-20.4166666666667 0.00108734677371756
-19.6875 0.000960640926072824
-18.9583333333333 0.00114271135932379
-18.2291666666667 0.000903524157247248
-17.5 0.000844988821549836
-16.7708333333333 0.00187529204916818
-16.0416666666667 0.00424273777392057
-15.3125 0.00622310182970848
-14.5833333333333 0.00586511763623391
-13.8541666666667 0.00582993064852557
-13.125 0.00511118087976548
-12.3958333333333 0.00316430707507979
-11.6666666666667 0.00460483759555229
-10.9375 0.0132709127164441
-10.2083333333333 0.0331622748779789
-9.47916666666667 0.0583499116186231
-8.75000000000001 0.0693708076593727
-8.02083333333334 0.058046294150259
-7.29166666666667 0.0324492954190968
-6.56250000000001 0.0129174995607906
-5.83333333333334 0.0100137469340275
-5.10416666666667 0.0244987443106954
-4.37500000000001 0.0537569008286245
-3.64583333333334 0.0738588323943139
-2.91666666666667 0.0745456312899248
-2.18750000000001 0.0736284897896437
-1.45833333333334 0.0544986262391524
-0.729166666666673 0.0260035777563722
-6.66133814775094e-15 0.0153280105746436
0.72916666666666 0.0273425264369865
1.45833333333333 0.0541933021403615
2.18749999999999 0.063834670084059
2.91666666666666 0.0572811974069901
3.64583333333333 0.0640145777331602
4.37499999999999 0.0536566288723969
5.10416666666666 0.026450562480508
5.83333333333333 0.0110121762151983
6.56249999999999 0.0124600281392602
7.29166666666666 0.0293495757527127
8.02083333333333 0.0505601247169522
8.74999999999999 0.0593055683496038
9.47916666666666 0.0507947376422123
10.2083333333333 0.0299380301709881
10.9375 0.0123433173205678
11.6666666666667 0.00426486040684112
12.3958333333333 0.00262208971671766
13.125 0.00431614650158968
13.8541666666667 0.00564639944098018
14.5833333333333 0.0059926840317955
15.3125 0.00567980061843012
16.0416666666667 0.00354603901961509
16.7708333333333 0.00150345575731427
17.5 0.000684787134055297
18.2291666666667 0.000771238065748708
18.9583333333333 0.000943046589066681
19.6875 0.00071583400101872
20.4166666666667 0.000844503236002276
21.1458333333333 0.000938386165539255
21.875 0.000562122891394787
22.6041666666667 0.000238643103024287
23.3333333333333 0.000129582677028425
24.0625 0.000155984142979476
24.7916666666667 0.000165743337711822
25.5208333333333 0.000154187361855488
26.25 0.000164478724553707
26.9791666666667 0.000117218258897823
27.7083333333333 5.36362688453015e-05
28.4375 2.00863376502702e-05
29.1666666666667 6.90055763063422e-06
29.8958333333333 2.28158503403407e-06
30.625 7.36867759794878e-07
31.3541666666667 2.36913145962331e-07
32.0833333333333 7.51097208138855e-08
32.8125 2.38031908286496e-08
33.5416666666667 7.15628678485597e-09
34.2708333333333 2.01610005883026e-09
