-35 9.54657554392644e-10
-34.2708333333333 1.75845573341662e-09
-33.5416666666667 5.10168457196302e-09
-32.8125 1.62262368409432e-08
-32.0833333333333 5.11066079722716e-08
-31.3541666666667 1.63642058253741e-07
-30.625 5.17652139138778e-07
-29.8958333333333 1.63570540395805e-06
-29.1666666666667 5.05242912590409e-06
-28.4375 1.50570884811133e-05
-27.7083333333333 4.11777685425576e-05
-26.9791666666667 9.16322103367607e-05
-26.25 0.000128328006803071
-25.5208333333333 0.000118685141236789
-24.7916666666667 0.000130366457652002
-24.0625 0.000124999450966031
-23.3333333333333 0.000108712429310189
-22.6041666666667 0.000212037133812225
-21.875 0.000514365337709932
-21.1458333333333 0.000904173581191196
-20.4166666666667 0.000923287257495253
-19.6875 0.000829999992599915
-18.9583333333333 0.000929859937483962
-18.2291666666667 0.000730470170389615
-17.5 0.000765333136631535
-16.7708333333333 0.00177868088366988
-16.0416666666667 0.00394440478773972
-15.3125 0.00551710165978574
-14.5833333333333 0.00487650076621187
-13.8541666666667 0.00502262036742836
-13.125 0.00482299316047654
-12.3958333333333 0.00351894682196838
-11.6666666666667 0.00578968853233688
-10.9375 0.0152252398826857
-10.2083333333333 0.0330102449443867
-9.47916666666667 0.0483016484901737
-8.75000000000001 0.0516927375971889
-8.02083333333334 0.0484551510156574
-7.29166666666667 0.0330714578437168
-6.56250000000001 0.0151056010703452
-5.83333333333334 0.0107646398330804
-5.10416666666667 0.0238340503701675
-4.37500000000001 0.0524766622669964
-3.64583333333334 0.074547813272589
-2.91666666666667 0.0776324534302566
-2.18750000000001 0.074981542266987
-1.45833333333334 0.0533870879541861
-0.729166666666673 0.0245794574704655
-6.66133814775094e-15 0.013597956030897
0.72916666666666 0.0245792179656841
1.45833333333333 0.0533867038500557
2.18749999999999 0.0749815142744115
2.91666666666666 0.0776328446965272
3.64583333333333 0.0745478532133357
4.37499999999999 0.0524762980424774
5.10416666666666 0.0238337873282438
5.83333333333333 0.0107646488884323
6.56249999999999 0.0151059596648876
7.29166666666666 0.0330722863973122
8.02083333333333 0.0484563175850693
8.74999999999999 0.0516939211446043
9.47916666666666 0.0483026902113534
10.2083333333333 0.0330109320545364
10.9375 0.0152255523393855
11.6666666666667 0.00578978642703666
12.3958333333333 0.0035189460490983
13.125 0.00482300622733506
13.8541666666667 0.00502278368635354
14.5833333333333 0.00487670910978528
15.3125 0.00551716787237853
16.0416666666667 0.0039443878234237
16.7708333333333 0.00177866895679816
17.5 0.000765344149789855
18.2291666666667 0.000730496955745627
18.9583333333333 0.000929851056098467
19.6875 0.000829923396091406
20.4166666666667 0.000923231679458768
21.1458333333333 0.000904181159013829
21.875 0.000514385161342285
22.6041666666667 0.000212048528794355
23.3333333333333 0.000108721984760907
24.0625 0.000125015495232383
24.7916666666667 0.00013039009107791
25.5208333333333 0.00011871015401667
26.25 0.000128347897686007
26.9791666666667 9.16438474773074e-05
27.7083333333333 4.11826167275243e-05
28.4375 1.50586477719e-05
29.1666666666667 5.05300477674708e-06
29.8958333333333 1.63585099769657e-06
30.625 5.1767491448221e-07
31.3541666666667 1.63660276756723e-07
32.0833333333333 5.11138245611212e-08
32.8125 1.62311108299463e-08
33.5416666666667 5.10711276846992e-09
34.2708333333333 1.75955113348865e-09
