-35 3.23513614068532e-09
-34.2708333333333 4.92589465654436e-09
-33.5416666666667 1.1688002473272e-08
-32.8125 3.31081783883075e-08
-32.0833333333333 9.92376289255728e-08
-31.3541666666667 3.06242054208562e-07
-30.625 9.45942996020901e-07
-29.8958333333333 2.92488123705088e-06
-29.1666666666667 8.87769707836261e-06
-28.4375 2.59658531382301e-05
-27.7083333333333 6.97019943550637e-05
-26.9791666666667 0.000152755815414181
-26.25 0.000213692875233194
-25.5208333333333 0.00020076583732714
-24.7916666666667 0.00022055154377705
-24.0625 0.000206807295487874
-23.3333333333333 0.00016029188569428
-22.6041666666667 0.000277917918249632
-21.875 0.000650656596718295
-21.1458333333333 0.00108087842364295
-20.4166666666667 0.000961174303688592
-19.6875 0.000812645825238463
-18.9583333333333 0.00109986913504599
-18.2291666666667 0.000962432624968871
-17.5 0.00102100289561883
-16.7708333333333 0.00227015101790989
-16.0416666666667 0.00481532972911631
-15.3125 0.00622755142160945
-14.5833333333333 0.00491696125894688
-13.8541666666667 0.0055139119920991
-13.125 0.00579088406172138
-12.3958333333333 0.00353464488549144
-11.6666666666667 0.00428529691927978
-10.9375 0.0123130586460645
-10.2083333333333 0.0322888297499751
-9.47916666666667 0.060585147916228
-8.75000000000001 0.0759028458038286
-8.02083333333334 0.0635884253811322
-7.29166666666667 0.0339890119383237
-6.56250000000001 0.0128281975284618
-5.83333333333334 0.0100045419340789
-5.10416666666667 0.0248399927822118
-4.37500000000001 0.0530822012960304
-3.64583333333334 0.0686886506137513
-2.91666666666667 0.066278322145955
-2.18750000000001 0.0692546510877497
-1.45833333333334 0.0545679098184026
-0.729166666666673 0.0263349515822355
-6.66133814775094e-15 0.0137742598014771
0.72916666666666 0.0229413986652233
1.45833333333333 0.0496780633980561
2.18749999999999 0.0700451799859364
2.91666666666666 0.0727453406641387
3.64583333333333 0.06990494410414
4.37499999999999 0.049067913419929
5.10416666666666 0.0218969336973945
5.83333333333333 0.00889507862806244
6.56249999999999 0.0117925910929823
7.29166666666666 0.0294085375621862
8.02083333333333 0.0510218375769937
8.74999999999999 0.0593873373285764
9.47916666666666 0.0500948253117957
10.2083333333333 0.0292129092935764
10.9375 0.0120380762835051
11.6666666666667 0.00435947400375385
12.3958333333333 0.00317987069692412
13.125 0.00485911521325011
13.8541666666667 0.0046563890736768
14.5833333333333 0.00423674987479341
15.3125 0.00529548323892715
16.0416666666667 0.00404499159163814
16.7708333333333 0.00188711950978443
17.5 0.000836191019502251
18.2291666666667 0.000801031922744089
18.9583333333333 0.000968401515973819
19.6875 0.000785571960991184
20.4166666666667 0.000894403834021752
21.1458333333333 0.000938408470099578
21.875 0.000551366317517309
22.6041666666667 0.000232381985809119
23.3333333333333 0.000127396405136412
24.0625 0.000156645214959186
24.7916666666667 0.000166186805766206
25.5208333333333 0.000152968697807293
26.25 0.000162709461507478
26.9791666666667 0.000115685458508015
27.7083333333333 5.28957200634787e-05
28.4375 1.98584365457766e-05
29.1666666666667 6.85934796782057e-06
29.8958333333333 2.28549632927634e-06
30.625 7.48151231079559e-07
31.3541666666667 2.45411860640248e-07
32.0833333333333 8.07185974701922e-08
32.8125 2.74128096040334e-08
33.5416666666667 9.93477922679088e-09
34.2708333333333 4.41891581345064e-09
