-35 1.3203262387703e-09
-34.2708333333333 2.21667398138521e-09
-33.5416666666667 6.0445419338209e-09
-32.8125 1.94386229906237e-08
-32.0833333333333 6.2646662668463e-08
-31.3541666666667 2.07456696813476e-07
-30.625 6.74250692626748e-07
-29.8958333333333 2.17194127171312e-06
-29.1666666666667 6.76818118150853e-06
-28.4375 2.02204640863935e-05
-27.7083333333333 5.51033520270534e-05
-26.9791666666667 0.000121868687065656
-26.25 0.000170618161022146
-25.5208333333333 0.000156681527460827
-24.7916666666667 0.00016349957992641
-24.0625 0.000154651745473618
-23.3333333333333 0.000146463085231743
-22.6041666666667 0.000305396374889338
-21.875 0.000747387404675449
-21.1458333333333 0.00133227813264618
-20.4166666666667 0.00140795267837179
-19.6875 0.00126878868411097
-18.9583333333333 0.0013407260528303
-18.2291666666667 0.00103142986521589
-17.5 0.00112527486281915
-16.7708333333333 0.00263405415358017
-16.0416666666667 0.00562594345974701
-15.3125 0.00705707746178543
-14.5833333333333 0.00503039460245095
-13.8541666666667 0.0057175163906144
-13.125 0.00664392098876902
-12.3958333333333 0.00465893540817109
-11.6666666666667 0.00624846708607436
-10.9375 0.0155997523359786
-10.2083333333333 0.0326860662106384
-9.47916666666667 0.0446195613204671
-8.75000000000001 0.0450864737733719
-8.02083333333334 0.044232665841823
-7.29166666666667 0.0323814829330928
-6.56250000000001 0.0153271385811358
-5.83333333333334 0.0111623886783473
-5.10416666666667 0.0250052933921441
-4.37500000000001 0.0548339041198828
-3.64583333333334 0.0767114595033411
-2.91666666666667 0.0788026485209067
-2.18750000000001 0.0768628608360705
-1.45833333333334 0.0555397212646281
-0.729166666666673 0.0257458153473585
-6.66133814775094e-15 0.0143287315220143
0.72916666666666 0.025858726576295
1.45833333333333 0.0549400031030146
2.18749999999999 0.0738409198736308
2.91666666666666 0.0745531646644842
3.64583333333333 0.0749425947098359
4.37499999999999 0.0554378458899481
5.10416666666666 0.0258641159058729
5.83333333333333 0.011711504156855
6.56249999999999 0.0155918064666736
7.29166666666666 0.0318879128309878
8.02083333333333 0.0419327157673673
8.74999999999999 0.0419503519029844
9.47916666666666 0.0431645147404311
10.2083333333333 0.0328452568839711
10.9375 0.0159845421703409
11.6666666666667 0.00630130769836613
12.3958333333333 0.00411678129298712
13.125 0.00574361908051271
13.8541666666667 0.00567938881092543
14.5833333333333 0.00540900345024529
15.3125 0.00651781056818623
16.0416666666667 0.00482273674978856
16.7708333333333 0.00220127545131615
17.5 0.00094675417093943
18.2291666666667 0.000894049273588639
18.9583333333333 0.00112569629047334
19.6875 0.00099148842657781
20.4166666666667 0.00112456965177332
21.1458333333333 0.00112615327417281
21.875 0.000649132632068515
22.6041666666667 0.000269507489587015
23.3333333333333 0.000132547306033455
24.0625 0.000141197433436427
24.7916666666667 0.000142122904077544
25.5208333333333 0.000133913764742375
26.25 0.000155388535241783
26.9791666666667 0.000115171603635685
27.7083333333333 5.29778838521001e-05
28.4375 1.9674958565806e-05
29.1666666666667 6.65641100425236e-06
29.8958333333333 2.15894886547568e-06
30.625 6.78434297238426e-07
31.3541666666667 2.11417349182347e-07
32.0833333333333 6.48087946471963e-08
32.8125 2.03799947464856e-08
33.5416666666667 6.44789558660391e-09
34.2708333333333 2.34967005473456e-09
