-35 3.79829645259421e-10
-34.2708333333333 2.1633143381357e-09
-33.5416666666667 9.65290745284245e-09
-32.8125 3.31501460748448e-08
-32.0833333333333 1.0432632389214e-07
-31.3541666666667 3.23218041583272e-07
-30.625 9.86945108141888e-07
-29.8958333333333 3.00057493705338e-06
-29.1666666666667 8.93398397654215e-06
-28.4375 2.56017362623546e-05
-27.7083333333333 6.72503301917157e-05
-26.9791666666667 0.000143970632847605
-26.25 0.00019473146425322
-25.5208333333333 0.000174836729632566
-24.7916666666667 0.000197135631585499
-24.0625 0.000194285438650487
-23.3333333333333 0.000152558859699262
-22.6041666666667 0.000259177761083626
-21.875 0.000601724610240876
-21.1458333333333 0.000998053539276844
-20.4166666666667 0.000889103020486325
-19.6875 0.000759955630990544
-18.9583333333333 0.00101738422935405
-18.2291666666667 0.000801222909934038
-17.5 0.000606340674346525
-16.7708333333333 0.00132345679472904
-16.0416666666667 0.0035489782470178
-15.3125 0.0069613719679012
-14.5833333333333 0.00890610928587548
-13.8541666666667 0.00778074656310414
-13.125 0.00445906910405377
-12.3958333333333 0.0021017869720242
-11.6666666666667 0.00384772712671689
-10.9375 0.0127436920929347
-10.2083333333333 0.0341569327759482
-9.47916666666667 0.0644294463169071
-8.75000000000001 0.0797136905400095
-8.02083333333334 0.0651157709177671
-7.29166666666667 0.034131476831134
-6.56250000000001 0.013428008582874
-5.83333333333334 0.0124610154878608
-5.10416666666667 0.0300372993476868
-4.37500000000001 0.056090844040997
-3.64583333333334 0.0524787374600076
-2.91666666666667 0.0333306968223031
-2.18750000000001 0.0515858292652045
-1.45833333333334 0.0571201971733209
-0.729166666666673 0.0326712321068642
-6.66133814775094e-15 0.0203823424947029
0.72916666666666 0.0326713923806628
1.45833333333333 0.0571205652687633
2.18749999999999 0.0515862371544546
2.91666666666666 0.0333310188352684
3.64583333333333 0.052479185978216
4.37499999999999 0.0560913243517438
5.10416666666666 0.0300375730182188
5.83333333333333 0.0124611009395639
6.56249999999999 0.0134280319957895
7.29166666666666 0.034131581139077
8.02083333333333 0.0651160017002368
8.74999999999999 0.0797139373075709
9.47916666666666 0.0644296546817794
10.2083333333333 0.0341570680479208
10.9375 0.0127437626988074
11.6666666666667 0.00384778134379342
12.3958333333333 0.00210188727592208
13.125 0.0044591757995507
13.8541666666667 0.00778066337881996
14.5833333333333 0.00890596093003428
15.3125 0.00696141947990269
16.0416666666667 0.0035490963345612
16.7708333333333 0.0013235250529745
17.5 0.000606393924138834
18.2291666666667 0.000801308833285128
18.9583333333333 0.00101744534235488
19.6875 0.000759930507222442
20.4166666666667 0.000889120735515921
21.1458333333333 0.000998143118776511
21.875 0.000601786927592031
22.6041666666667 0.000259206352785653
23.3333333333333 0.000152590900930649
24.0625 0.000194344445164619
24.7916666666667 0.000197194749352129
25.5208333333333 0.00017488767602044
26.25 0.000194794049697729
26.9791666666667 0.000144016914685476
27.7083333333333 6.72705790832167e-05
28.4375 2.56085571346484e-05
29.1666666666667 8.93605982019447e-06
29.8958333333333 3.00116566190672e-06
30.625 9.87095923119569e-07
31.3541666666667 3.23237834593389e-07
32.0833333333333 1.04310262917981e-07
32.8125 3.31350392767231e-08
33.5416666666667 9.6457857427764e-09
34.2708333333333 2.15952110207317e-09
