-35 3.07301445969095e-09
-34.2708333333333 3.2711428869789e-09
-33.5416666666667 6.22433689408608e-09
-32.8125 1.56709663986555e-08
-32.0833333333333 4.518585878659e-08
-31.3541666666667 1.36364245825599e-07
-30.625 4.20783245616429e-07
-29.8958333333333 1.30748042144574e-06
-29.1666666666667 4.04457292342776e-06
-28.4375 1.22359266485352e-05
-27.7083333333333 3.49215115420976e-05
-26.9791666666667 8.61320612700929e-05
-26.25 0.000153288045634027
-25.5208333333333 0.000184727677339997
-24.7916666666667 0.000171113899068258
-24.0625 0.000122824430562689
-23.3333333333333 0.000110308790470991
-22.6041666666667 0.000245508642731248
-21.875 0.000611391405862613
-21.1458333333333 0.00104268779508922
-20.4166666666667 0.000937083791294704
-19.6875 0.000845286010772324
-18.9583333333333 0.00114701482783627
-18.2291666666667 0.000973911838157144
-17.5 0.00113316472039038
-16.7708333333333 0.00262763296364563
-16.0416666666667 0.00538753056073614
-15.3125 0.00634697070168289
-14.5833333333333 0.00408770143661586
-13.8541666666667 0.00502337594040235
-13.125 0.00635619632724857
-12.3958333333333 0.00452991302664337
-11.6666666666667 0.00594561466769667
-10.9375 0.0145572448304603
-10.2083333333333 0.0299626778957061
-9.47916666666667 0.0398152215482792
-8.75000000000001 0.0391420203257638
-8.02083333333334 0.0388352655216297
-7.29166666666667 0.0291520888350354
-6.56250000000001 0.01396872713289
-5.83333333333334 0.010321124774876
-5.10416666666667 0.0233954858934384
-4.37500000000001 0.0519958083203329
-3.64583333333334 0.074729161369432
-2.91666666666667 0.0779206615321806
-2.18750000000001 0.073589732148915
-1.45833333333334 0.0510325021680958
-0.729166666666673 0.0224582101321074
-6.66133814775094e-15 0.0112582494786467
0.72916666666666 0.0215226768028943
1.45833333333333 0.0531018029738581
2.18749999999999 0.0874576995589685
2.91666666666666 0.0989041717377411
3.64583333333333 0.0850305015897143
4.37499999999999 0.0508737799704977
5.10416666666666 0.0203504374669692
5.83333333333333 0.0081113830730215
6.56249999999999 0.0124888911276073
7.29166666666666 0.0313442555981131
8.02083333333333 0.0519815976896955
8.74999999999999 0.0584905651046935
9.47916666666666 0.0500669149057027
10.2083333333333 0.0304287626879067
10.9375 0.01300515124191
11.6666666666667 0.00503619943493699
12.3958333333333 0.00426905498401182
13.125 0.00635002647553631
13.8541666666667 0.00483356100409838
14.5833333333333 0.00370946699311679
15.3125 0.00610610633890187
16.0416666666667 0.00528048597608264
16.7708333333333 0.00258019488760864
17.5 0.00118134610482712
18.2291666666667 0.00115418043610215
18.9583333333333 0.00137529106888266
19.6875 0.00107595822713094
20.4166666666667 0.00122777747077452
21.1458333333333 0.00131334927438889
21.875 0.00077498849975555
22.6041666666667 0.000324783536669732
23.3333333333333 0.000174727601469841
24.0625 0.000220082199769662
24.7916666666667 0.000259733713845586
25.5208333333333 0.000255460688820672
26.25 0.000243675488400135
26.9791666666667 0.000158338858531277
27.7083333333333 6.96901544024607e-05
28.4375 2.56983884956308e-05
29.1666666666667 8.78332885920241e-06
29.8958333333333 2.90582682139354e-06
30.625 9.47791583007351e-07
31.3541666666667 3.0983872487953e-07
32.0833333333333 1.01850206594043e-07
32.8125 3.43952347505825e-08
33.5416666666667 1.2376031596745e-08
34.2708333333333 5.15197070392414e-09
