-35 1.32413231246871e-09
-34.2708333333333 2.53611888685601e-09
-33.5416666666667 7.31056337028015e-09
-32.8125 2.29707905715217e-08
-32.0833333333333 7.23262644454846e-08
-31.3541666666667 2.32105662802461e-07
-30.625 7.37099065852584e-07
-29.8958333333333 2.32885894482455e-06
-29.1666666666667 7.17781940626056e-06
-28.4375 2.13147226170934e-05
-27.7083333333333 5.82746888181804e-05
-26.9791666666667 0.000131966469534982
-26.25 0.000198137651105065
-25.5208333333333 0.00019901380602452
-24.7916666666667 0.000198145103900781
-24.0625 0.000171119580115071
-23.3333333333333 0.00014932538937801
-22.6041666666667 0.000297150538602904
-21.875 0.000707168787429759
-21.1458333333333 0.00118261421575053
-20.4166666666667 0.00106889230588997
-19.6875 0.000900449099271919
-18.9583333333333 0.00117728888430931
-18.2291666666667 0.000989070277793236
-17.5 0.000965910480846852
-16.7708333333333 0.00212472597400051
-16.0416666666667 0.00460768217430592
-15.3125 0.00614445257349056
-14.5833333333333 0.00497903068086637
-13.8541666666667 0.00531054421906359
-13.125 0.00546512141423502
-12.3958333333333 0.00368087432925749
-11.6666666666667 0.00519870152619914
-10.9375 0.0138725981189863
-10.2083333333333 0.0317033473662253
-9.47916666666667 0.0496982694941185
-8.75000000000001 0.0551176618024052
-8.02083333333334 0.0488191865031289
-7.29166666666667 0.030671658727571
-6.56250000000001 0.0133700427080223
-5.83333333333334 0.0104579151023646
-5.10416666666667 0.0249119719992024
-4.37500000000001 0.0546066301963281
-3.64583333333334 0.0755908429975494
-2.91666666666667 0.0766063067496436
-2.18750000000001 0.0747329375643794
-1.45833333333334 0.0544408057550606
-0.729166666666673 0.0253253023218148
-6.66133814775094e-15 0.0140027184323035
0.72916666666666 0.0252812051205249
1.45833333333333 0.0541942994879594
2.18749999999999 0.0738311605051591
2.91666666666666 0.0749809119426146
3.64583333333333 0.0741712648572823
4.37499999999999 0.0540017747673704
5.10416666666666 0.0247895637896054
5.83333333333333 0.0104846971468029
6.56249999999999 0.0133585108198596
7.29166666666666 0.0300977808412707
8.02083333333333 0.0466144436781174
8.74999999999999 0.0516561046053617
9.47916666666666 0.0472088698447391
10.2083333333333 0.0308927152517499
10.9375 0.0137643641984142
11.6666666666667 0.00521180457582128
12.3958333333333 0.00369108435183652
13.125 0.00548558458504236
13.8541666666667 0.00537237439126579
14.5833333333333 0.00505122421731097
15.3125 0.00617849618679604
16.0416666666667 0.00461099914454045
16.7708333333333 0.00212157361297094
17.5 0.00096944636792733
18.2291666666667 0.00100621654217127
18.9583333333333 0.00119748042227862
19.6875 0.000906438671132146
20.4166666666667 0.00108130189885243
21.1458333333333 0.0012088250271786
21.875 0.000726339978101189
22.6041666666667 0.00030529035376844
23.3333333333333 0.000148431221428593
24.0625 0.00016365239821852
24.7916666666667 0.000195826605075177
25.5208333333333 0.000201731889837705
26.25 0.000193473652307803
26.9791666666667 0.00012441690027592
27.7083333333333 5.40015733343178e-05
28.4375 1.95528461831488e-05
29.1666666666667 6.52942394354217e-06
29.8958333333333 2.10051832253516e-06
30.625 6.58045646776134e-07
31.3541666666667 2.04882712692345e-07
32.0833333333333 6.30290205762382e-08
32.8125 1.9769764962276e-08
33.5416666666667 6.20601697787808e-09
34.2708333333333 2.19979840505289e-09
