-35 1.78065990040069e-09
-34.2708333333333 2.79001879297763e-09
-33.5416666666667 6.97697003434184e-09
-32.8125 2.09959691664626e-08
-32.0833333333333 6.54022703772147e-08
-31.3541666666667 2.10386496743359e-07
-30.625 6.71363801966207e-07
-29.8958333333333 2.1337909997882e-06
-29.1666666666667 6.60960909165928e-06
-28.4375 1.97331071649238e-05
-27.7083333333333 5.4312895193555e-05
-26.9791666666667 0.000124528617126224
-26.25 0.000192215441490816
-25.5208333333333 0.000199378103595722
-24.7916666666667 0.000194269385890261
-24.0625 0.000162205300134158
-23.3333333333333 0.000145079573473886
-22.6041666666667 0.000299365553524246
-21.875 0.000725485071990411
-21.1458333333333 0.0012531452040822
-20.4166666666667 0.00122732725468234
-19.6875 0.00107460279046943
-18.9583333333333 0.00125871661841738
-18.2291666666667 0.00101075957941786
-17.5 0.00103397752177416
-16.7708333333333 0.00233373874436588
-16.0416666666667 0.0049851945511026
-15.3125 0.00633142358792735
-14.5833333333333 0.00466072207071434
-13.8541666666667 0.0052319554655076
-13.125 0.00592355138386667
-12.3958333333333 0.00417221697139209
-11.6666666666667 0.00578238222073421
-10.9375 0.0146262027903079
-10.2083333333333 0.0310861972065977
-9.47916666666667 0.0436118667344522
-8.75000000000001 0.0448716331788952
-8.02083333333334 0.042831919621856
-7.29166666666667 0.0302841270892873
-6.56250000000001 0.0140070968119149
-5.83333333333334 0.0102238676585122
-5.10416666666667 0.0236022717059461
-4.37500000000001 0.0536679502921631
-3.64583333333334 0.0797863172887462
-2.91666666666667 0.0855341573773657
-2.18750000000001 0.0796231754144477
-1.45833333333334 0.0537265770463394
-0.729166666666673 0.0235792950549175
-6.66133814775094e-15 0.012484062256685
0.72916666666666 0.0235794740392669
1.45833333333333 0.0537269969568002
2.18749999999999 0.0796238113654456
2.91666666666666 0.0855348429037612
3.64583333333333 0.0797868993136322
4.37499999999999 0.0536683160444557
5.10416666666666 0.0236024430511695
5.83333333333333 0.0102239832430519
6.56249999999999 0.0140073043771996
7.29166666666666 0.0302845264527975
8.02083333333333 0.0428323115580693
8.74999999999999 0.0448718839224205
9.47916666666666 0.0436121872201689
10.2083333333333 0.0310865270023843
10.9375 0.0146263931692016
11.6666666666667 0.00578251208726809
12.3958333333333 0.00417243844194274
13.125 0.00592384968641498
13.8541666666667 0.0052320394578232
14.5833333333333 0.00466073957725034
15.3125 0.00633169189991736
16.0416666666667 0.00498547745897646
16.7708333333333 0.00233388009720674
17.5 0.0010340437998404
18.2291666666667 0.00101082439996098
18.9583333333333 0.00125878265272749
19.6875 0.00107464560607715
20.4166666666667 0.00122738431412099
21.1458333333333 0.00125321762953604
21.875 0.000725528862407224
22.6041666666667 0.000299383513719078
23.3333333333333 0.00014509076239031
24.0625 0.000162216981273872
24.7916666666667 0.000194270800844956
25.5208333333333 0.000199375646902001
26.25 0.000192226643801798
26.9791666666667 0.000124542844372813
27.7083333333333 5.43207380567795e-05
28.4375 1.97361651391318e-05
29.1666666666667 6.61068782399962e-06
29.8958333333333 2.13419727532031e-06
30.625 6.7155253056477e-07
31.3541666666667 2.10456044379699e-07
32.0833333333333 6.54300076508661e-08
32.8125 2.10062677591233e-08
33.5416666666667 6.980889767923e-09
34.2708333333333 2.79120042093502e-09
