-35 2.38668129200155e-09
-34.2708333333333 3.10839125495728e-09
-33.5416666666667 6.33789314694825e-09
-32.8125 1.61296389997825e-08
-32.0833333333333 4.59295598211771e-08
-31.3541666666667 1.36405942214045e-07
-30.625 4.13056598015513e-07
-29.8958333333333 1.26230208909956e-06
-29.1666666666667 3.84681281391119e-06
-28.4375 1.14890773043061e-05
-27.7083333333333 3.23716435009185e-05
-26.9791666666667 7.84465366004849e-05
-26.25 0.000136175948155803
-25.5208333333333 0.000164746549827543
-24.7916666666667 0.000161493758991206
-24.0625 0.000114147309320805
-23.3333333333333 7.01663120077934e-05
-22.6041666666667 0.000117476316150925
-21.875 0.000297885541447607
-21.1458333333333 0.000567438468827839
-20.4166666666667 0.000678521221600876
-19.6875 0.000669382345694155
-18.9583333333333 0.000647502082999905
-18.2291666666667 0.00042728228431708
-17.5 0.000372470414281514
-16.7708333333333 0.000902476945142566
-16.0416666666667 0.00230268886102448
-15.3125 0.00417589853519558
-14.5833333333333 0.0050470923866412
-13.8541666666667 0.00455555408586715
-13.125 0.0028764659655499
-12.3958333333333 0.00142015860401054
-11.6666666666667 0.00249601233572069
-10.9375 0.00848370214102879
-10.2083333333333 0.023969394204156
-9.47916666666667 0.0481920891848273
-8.75000000000001 0.0617315962093885
-8.02083333333334 0.0491801039676545
-7.29166666666667 0.0234996137037111
-6.56250000000001 0.00674940509120718
-5.83333333333334 0.00308222006089316
-5.10416666666667 0.0121769468430911
-4.37500000000001 0.0427241948545682
-3.64583333333334 0.0959848126535934
-2.91666666666667 0.127165180751323
-2.18750000000001 0.0979353728389578
-1.45833333333334 0.0434900362376211
-0.729166666666673 0.0114899713238004
-6.66133814775094e-15 0.00306035156827902
0.72916666666666 0.0114900066925335
1.45833333333333 0.0434901359111191
2.18749999999999 0.0979355618072502
2.91666666666666 0.127165409234405
3.64583333333333 0.0959849891427692
4.37499999999999 0.0427242831100191
5.10416666666666 0.0121769779171733
5.83333333333333 0.00308222754502541
6.56249999999999 0.00674940322487308
7.29166666666666 0.0234996098423866
8.02083333333333 0.0491801064127994
8.74999999999999 0.0617316029858099
9.47916666666666 0.0481920910406716
10.2083333333333 0.0239693915341915
10.9375 0.00848370000376748
11.6666666666667 0.00249601246360444
12.3958333333333 0.00142015995532522
13.125 0.00287646218815548
13.8541666666667 0.00455553448829859
14.5833333333333 0.00504706792543732
15.3125 0.00417588870309294
16.0416666666667 0.00230268928330851
16.7708333333333 0.000902479066113224
17.5 0.000372472410138124
18.2291666666667 0.000427283471711644
18.9583333333333 0.000647499165499123
19.6875 0.000669374444468837
20.4166666666667 0.000678515636084042
21.1458333333333 0.000567437793163439
21.875 0.00029788623355353
22.6041666666667 0.000117476946931458
23.3333333333333 7.01671379036128e-05
24.0625 0.000114147712183051
24.7916666666667 0.000161492242468005
25.5208333333333 0.000164744783028118
26.25 0.000136176173094564
26.9791666666667 7.84474612580994e-05
27.7083333333333 3.23721950764206e-05
28.4375 1.14893053821363e-05
29.1666666666667 3.84688819581234e-06
29.8958333333333 1.26233340876609e-06
30.625 4.13065648454387e-07
31.3541666666667 1.36409886949293e-07
32.0833333333333 4.59311408080717e-08
32.8125 1.61299387198042e-08
33.5416666666667 6.33797694955957e-09
34.2708333333333 3.10843375959665e-09
