0 -0.234929070944945 9.23227e-05
1 -0.234921073172505 6.06415e-05
2 -0.234890246932542 3.86398e-05
3 -0.234841569477386 0.000103187
4 -0.234841569462161 7.08931e-05
5 -0.234831806210182 4.12842e-05
6 -0.234817948884634 0.00010691
7 -0.23469755920306 8.8011e-05
8 -0.234622687785395 0.000129544
9 -0.234622687774265 4.05179e-05
10 -0.234584119742145 0.000123684
11 -0.234577672669622 0.000352059
12 -0.234566659199949 0.000268639
13 -0.2345319740445 0.00015405
14 -0.234479089487216 0.000194194
15 -0.23444391874088 1.5091e-05
16 -0.234443918701145 0.000316294
17 -0.234401627671826 4.40777e-05
18 -0.234320396027918 2.81445e-05
19 -0.234186512142779 3.06244e-05
20 -0.234091429670408 1.53282e-05
21 -0.234091429667569 2.20054e-05
22 -0.233991630537782 1.00343e-05
23 -0.233924365291138 1.18701e-05
24 -0.233906614178128 2.04964e-05
25 -0.233906614177242 1.16507e-05
26 -0.233876608366577 2.54298e-05
27 -0.233723967974789 1.39595e-05
28 -0.233642507465108 1.04772e-05
29 -0.233642507459594 9.02871e-06
30 -0.233473986709321 1.40904e-05
31 -0.233373996679227 7.36938e-06
32 -0.233289248854962 6.51755e-05
33 -0.233259545733298 4.23065e-05
34 -0.233259545724755 1.61086e-05
35 -0.232906792689283 7.66867e-06
36 -0.232906792682967 2.23652e-05
37 -0.232774594001731 3.09647e-05
38 -0.232609313591986 2.46365e-05
39 -0.232486694100152 1.67244e-05
40 -0.232486694097714 4.57853e-05
41 -0.232377980393592 8.72948e-06
42 -0.23215247516161 5.81837e-06
43 -0.232095395279236 3.45081e-06
44 -0.232095395278019 3.00032e-06
45 -0.231924188525679 2.63239e-06
46 -0.231282652891499 1.44502e-06
47 -0.231281424972881 1.99715e-06
48 -0.231281424969046 4.20938e-06
49 -0.231249356593738 3.26653e-06
50 -0.154302445980337 1.7209e-08
51 -0.149761075363149 9.98599e-09
52 -0.149761072667015 1.86109e-08
53 -0.145607040796654 1.61759e-08
54 -0.143055379979994 6.55739e-09
55 -0.143013722516088 7.87273e-09
56 -0.139380648196648 3.7723e-09
57 -0.139380645344996 1.32528e-08
58 -0.136853074340568 5.66481e-09
59 -0.134726929300507 7.88104e-09
60 -0.13472692924195 1.25743e-08
61 -0.133807482946822 4.63453e-09
62 -0.1334813689103 1.26387e-08
63 -0.133481368895193 1.90493e-08
64 -0.131662320755404 7.63719e-09
65 -0.131483164210167 1.29282e-08
66 -0.130342215622449 2.39373e-08
67 -0.128339523880279 2.12478e-08
68 -0.128302022142365 1.26211e-08
69 -0.12671193929399 1.63281e-08
70 -0.126711936132552 6.56127e-08
71 -0.125504626141612 2.9158e-08
72 -0.125504626104832 2.18443e-08
73 -0.125302289813223 1.50131e-08
74 -0.125274214297964 2.34016e-08
75 -0.122595399544409 7.29147e-08
76 -0.122595399421338 4.24582e-08
77 -0.121670466347582 1.02151e-07
78 -0.121670466346427 1.86919e-07
79 -0.121133389579472 5.50025e-07
80 -0.120403446030971 1.48537e-07
81 -0.119282865931003 2.36029e-07
82 -0.119167752732227 3.23302e-07
83 -0.1185915312948 3.41815e-07
84 -0.118227575462524 6.52289e-07
85 -0.115408593367026 5.62649e-07
86 -0.11540859330105 6.28997e-07
87 -0.115118367368009 8.46148e-07
88 -0.115118367307213 1.36204e-06
89 -0.113813774154697 1.94446e-06
90 -0.113792843676538 4.62789e-06
91 -0.112913557160424 5.70502e-06
92 -0.112913553919858 1.98396e-05
93 -0.112894613561017 3.62704e-06
94 -0.112765882389528 7.14333e-06
95 -0.112384500947381 0.000194045
96 -0.111744295262018 1.21925e-05
97 -0.11174429526079 3.0739e-05
98 -0.110352108018272 7.00439e-05
99 -0.109810048121258 6.63647e-05
