-29 2.39894116812323e-05
-28.275 2.76484213132154e-05
-27.55 4.10226529222995e-05
-26.825 7.2920544512884e-05
-26.1 0.000142894621818143
-25.375 0.000291628179255649
-24.65 0.00060192874579111
-23.925 0.00122971212405755
-23.2 0.00238980058729414
-22.475 0.00413090260542068
-21.75 0.00567176306543887
-21.025 0.00583552127473238
-20.3 0.00709275183262422
-19.575 0.010211125912576
-18.85 0.0093888539930788
-18.125 0.00725739003575477
-17.4 0.00907879280928489
-16.675 0.0119953022114764
-15.95 0.0152599769843607
-15.225 0.0222278371536903
-14.5 0.0278272852347968
-13.775 0.0246542251129779
-13.05 0.0189141072314459
-12.325 0.0194294465340704
-11.6 0.0206279532618025
-10.875 0.019560081509428
-10.15 0.0224003655775925
-9.42500000000001 0.0330643199710278
-8.70000000000001 0.0358581413249131
-7.97500000000001 0.026327606062149
-7.25000000000001 0.0222020739049536
-6.52500000000001 0.0264641528016293
-5.80000000000001 0.0291206866686278
-5.07500000000001 0.027406106090529
-4.35000000000001 0.0280344213518268
-3.62500000000001 0.0398386342344354
-2.90000000000001 0.0468024378987509
-2.17500000000001 0.0367173617480862
-1.45000000000001 0.0270023039966716
-0.725000000000009 0.0288563408515123
-9.32587340685131e-15 0.0311747479941654
0.724999999999991 0.0288563405124642
1.44999999999999 0.0270023038379705
2.17499999999999 0.036717361822909
2.89999999999999 0.0468024372483999
3.62499999999999 0.0398386330175017
4.34999999999999 0.0280344206008515
5.07499999999999 0.0274061055256939
5.79999999999999 0.0291206857579744
6.52499999999999 0.0264641516618982
7.24999999999999 0.0222020729837457
7.97499999999999 0.0263276052392804
8.69999999999999 0.0358581394781553
9.42499999999999 0.0330643177673474
10.15 0.0224003641985434
10.875 0.0195600804685448
11.6 0.0206279518395391
12.325 0.0194294448538632
13.05 0.018914105428971
13.775 0.0246542223633304
14.5 0.0278272815681099
15.225 0.0222278340314645
15.95 0.0152599749854139
16.675 0.0119953006064819
17.4 0.00907879160084454
18.125 0.0072573894251096
18.85 0.00938885319306601
19.575 0.0102111245997799
20.3 0.00709275112730819
21.025 0.00583552105927304
21.75 0.0056717624458982
22.475 0.0041309017319621
23.2 0.00238979974877248
23.925 0.00122971133666489
24.65 0.000601928064365257
25.375 0.000291627569754512
26.1 0.000142894118004678
26.825 7.29200965547222e-05
27.55 4.10222683498598e-05
28.275 2.76481149500473e-05
