-29 7.08659021323279e-07
-28.275 1.22108785670845e-05
-27.55 5.34253967470973e-05
-26.825 0.000148426077772209
-26.1 0.000350976876381116
-25.375 0.00076669675491791
-24.65 0.00160185300273021
-23.925 0.00322479764949159
-23.2 0.0061054036766544
-22.475 0.010239547390171
-21.75 0.0138119372295553
-21.025 0.0149710027842874
-20.3 0.0192882756307625
-19.575 0.0260517018018774
-18.85 0.0226224166054155
-18.125 0.0167006197470115
-17.4 0.0193444323855534
-16.675 0.0243624024872016
-15.95 0.0326610158016044
-15.225 0.0483861008782176
-14.5 0.05539257823491
-13.775 0.044792753272936
-13.05 0.0322769074330315
-12.325 0.02837485087616
-11.6 0.0242805819584094
-10.875 0.0205050867137761
-10.15 0.0265991722812008
-9.42500000000001 0.0351909466562953
-8.70000000000001 0.0299476922291029
-7.97500000000001 0.0214777731866636
-7.25000000000001 0.0201562986780594
-6.52500000000001 0.018383338732222
-5.80000000000001 0.0135516831978679
-5.07500000000001 0.00998383170987805
-4.35000000000001 0.0111569671887899
-3.62500000000001 0.0105117212769806
-2.90000000000001 0.00535445873570199
-2.17500000000001 0.00569496190137716
-1.45000000000001 0.00755985082768373
-0.725000000000009 0.00563781886221034
-9.32587340685131e-15 0.0042077702747094
0.724999999999991 0.00563801034520222
1.44999999999999 0.00756224934259199
2.17499999999999 0.00569942232664106
2.89999999999999 0.00535513943839194
3.62499999999999 0.0105104247521151
4.34999999999999 0.0111581437832053
5.07499999999999 0.00998320609679754
5.79999999999999 0.0135493292489051
6.52499999999999 0.0183815264505298
7.24999999999999 0.0201564454677687
7.97499999999999 0.0214776066480108
8.69999999999999 0.0299489573408815
9.42499999999999 0.0351991623584314
10.15 0.0266099814450866
10.875 0.0205087827617167
11.6 0.0242809900748295
12.325 0.0283739403388083
13.05 0.0322710997673142
13.775 0.0447825463951615
14.5 0.0553907026467801
15.225 0.0483927331593156
15.95 0.0326659836047329
16.675 0.0243636490645451
17.4 0.0193455512265178
18.125 0.0166990257308322
18.85 0.0226184427871027
19.575 0.0260549467236891
20.3 0.0192935546841171
21.025 0.0149733819766148
21.75 0.0138141932582359
22.475 0.0102422071749408
23.2 0.00610736850527484
23.925 0.00322594280544727
24.65 0.00160244051891632
25.375 0.000766983663291257
26.1 0.000351113223681161
26.825 0.000148489260844383
27.55 5.34532272166301e-05
28.275 1.22212611948274e-05
