-29 2.47496055353873e-05
-28.275 2.83506433719695e-05
-27.55 4.14322987993128e-05
-26.825 7.22763613247106e-05
-26.1 0.000139004043740121
-25.375 0.000278821542361729
-24.65 0.000566032487766747
-23.925 0.0011374048631148
-23.2 0.00217501902627628
-22.475 0.00370950366628576
-21.75 0.00506911410736434
-21.025 0.00535090325179178
-20.3 0.00673421609131207
-19.575 0.00942785397015653
-18.85 0.00848297808198772
-18.125 0.00688450226193181
-17.4 0.00895571952208728
-16.675 0.0118832324174849
-15.95 0.0154351890810936
-15.225 0.0228668418057989
-14.5 0.0282173939272967
-13.775 0.0245886245786117
-13.05 0.0191118867176259
-12.325 0.019820468506247
-11.6 0.0207417817627453
-10.875 0.0192690142201604
-10.15 0.0222454896327163
-9.42500000000001 0.0334296137190314
-8.70000000000001 0.0359111681807909
-7.97500000000001 0.0259042120168975
-7.25000000000001 0.0222440864587154
-6.52500000000001 0.027032695675426
-5.80000000000001 0.0296793518209627
-5.07500000000001 0.0275380742414446
-4.35000000000001 0.0279372910114564
-3.62500000000001 0.0402950433355894
-2.90000000000001 0.0475269759189081
-2.17500000000001 0.0367813169349588
-1.45000000000001 0.0269074493401393
-0.725000000000009 0.0292382021333039
-9.32587340685131e-15 0.0318126260110814
0.724999999999991 0.0292420711860131
1.44999999999999 0.0269046879389426
2.17499999999999 0.0367638435579566
2.89999999999999 0.0475215858410213
3.62499999999999 0.040304762816439
4.34999999999999 0.0279370705961593
5.07499999999999 0.0275324318358572
5.79999999999999 0.0296827327587825
6.52499999999999 0.0270451054467507
7.24999999999999 0.0222586510937574
7.97499999999999 0.0259119462727597
8.69999999999999 0.0359263935046327
9.42499999999999 0.0334547832689442
10.15 0.0222616418050427
10.875 0.0192731773266368
11.6 0.0207446302798881
12.325 0.0198217143297403
13.05 0.0191086374026653
13.775 0.0245843855333793
14.5 0.0282209667373865
15.225 0.0228732696318538
15.95 0.0154397386788493
16.675 0.0118890775042936
17.4 0.00896288531788325
18.125 0.00688924424223076
18.85 0.00848692484793681
19.575 0.00943813913323313
20.3 0.0067431709433489
21.025 0.00535531485291243
21.75 0.00507415925104915
22.475 0.0037148726702499
23.2 0.00217883456354855
23.925 0.00113959042281195
24.65 0.000567140228653888
25.375 0.000279353368016114
26.1 0.000139252892861537
26.825 7.2391490429436e-05
27.55 4.1483718448324e-05
28.275 2.83702625273385e-05
