-29 2.88967156992615e-07
-28.275 1.26597664840698e-05
-27.55 5.65462555038388e-05
-26.825 0.000160015579135099
-26.1 0.000386733490806791
-25.375 0.000865247537122039
-24.65 0.00185617048777502
-23.925 0.00384905585709626
-23.2 0.00751011604900078
-22.475 0.0128895356846671
-21.75 0.0173613839752963
-21.025 0.0175954564904498
-20.3 0.021202300665543
-19.575 0.0303532761243513
-18.85 0.0275533313603275
-18.125 0.0186110789962818
-17.4 0.0190751839039996
-16.675 0.0232517431478088
-15.95 0.0308677926264271
-15.225 0.0445079678470168
-14.5 0.0501236224475466
-13.775 0.0408217289495561
-13.05 0.0297415357887537
-12.325 0.0256791321024188
-11.6 0.0219493461109294
-10.875 0.0206827660801165
-10.15 0.0291528379839751
-9.42500000000001 0.034530250441947
-8.70000000000001 0.0266143351443287
-7.97500000000001 0.0206475850260883
-7.25000000000001 0.0205552156338957
-6.52500000000001 0.0171153249357204
-5.80000000000001 0.0113838178981117
-5.07500000000001 0.00969495284779446
-4.35000000000001 0.0142261470652908
-3.62500000000001 0.0123459248703159
-2.90000000000001 0.00440108455016888
-2.17500000000001 0.00677466525253083
-1.45000000000001 0.00963314215429391
-0.725000000000009 0.00580547600424151
-9.32587340685131e-15 0.00338195291940769
0.724999999999991 0.00595291132728757
1.44999999999999 0.00962642637130898
2.17499999999999 0.00641052184536809
2.89999999999999 0.00441205447667809
3.62499999999999 0.0124982827838705
4.34999999999999 0.0137978221945983
5.07499999999999 0.00941661890376986
5.79999999999999 0.0113948326644479
6.52499999999999 0.0171540307313332
7.24999999999999 0.0204106481584447
7.97499999999999 0.0205344726680626
8.69999999999999 0.0267867348245447
9.42499999999999 0.0343539466320187
10.15 0.0283778840030784
10.875 0.0203613688817849
11.6 0.0219644675826543
12.325 0.0256942923619952
13.05 0.0299224376130835
13.775 0.041267369406837
14.5 0.0500313449986081
15.225 0.0438855884974309
15.95 0.0303381664419455
16.675 0.0230185511871215
17.4 0.0189113725828784
18.125 0.0187971783160473
18.85 0.0279742955799478
19.575 0.0300167172793411
20.3 0.020898749826856
21.025 0.0176674919011589
21.75 0.0172727215194761
22.475 0.0126519130023165
23.2 0.00731995801547341
23.925 0.00373718108224221
24.65 0.00179815669969348
25.375 0.000836137575827518
26.1 0.000372518287983457
26.825 0.000153332875048683
27.55 5.35822112947837e-05
28.275 1.15344960434429e-05
