-29 2.18221417906037e-05
-28.275 2.56655644888177e-05
-27.55 4.00847644908549e-05
-26.825 7.58575483950195e-05
-26.1 0.000158116500300768
-25.375 0.000341509693762821
-24.65 0.00074358900137284
-23.925 0.00159972869205823
-23.2 0.00326450576927423
-22.475 0.00586365646329564
-21.75 0.00808509509625544
-21.025 0.0073193018249103
-20.3 0.0074056294304805
-19.575 0.0124204072277444
-18.85 0.012947391570636
-18.125 0.0091143312078736
-17.4 0.00993589149497316
-16.675 0.0125878693445184
-15.95 0.0142064668320091
-15.225 0.018840006514023
-14.5 0.025578924044194
-13.775 0.0249303479541246
-13.05 0.0190408919531844
-12.325 0.019413335342975
-11.6 0.0216185406534177
-10.875 0.0210708834543461
-10.15 0.0216385272585669
-9.42500000000001 0.0293118045263315
-8.70000000000001 0.0336054690029432
-7.97500000000001 0.0270657509147116
-7.25000000000001 0.0229425470841005
-6.52500000000001 0.0266192566928579
-5.80000000000001 0.0296026454018211
-5.07500000000001 0.0284386481408106
-4.35000000000001 0.0278478454263578
-3.62500000000001 0.0360244731914694
-2.90000000000001 0.0417806011034587
-2.17500000000001 0.0349533875081255
-1.45000000000001 0.027665984819463
-0.725000000000009 0.029647618206228
-9.32587340685131e-15 0.0317433759884553
0.724999999999991 0.029647617993622
1.44999999999999 0.027665984563975
2.17499999999999 0.0349533872135863
2.89999999999999 0.0417806006017157
3.62499999999999 0.0360244725717929
4.34999999999999 0.0278478449982462
5.07499999999999 0.028438647691702
5.79999999999999 0.029602644745029
6.52499999999999 0.0266192559062051
7.24999999999999 0.0229425463493544
7.97499999999999 0.0270657501367064
8.69999999999999 0.0336054678592427
9.42499999999999 0.0293118033539477
10.15 0.0216385264598951
10.875 0.0210708827377014
11.6 0.0216185397412756
12.325 0.019413334281375
13.05 0.0190408907356526
13.775 0.0249303462042255
14.5 0.025578922038969
15.225 0.0188400048124637
15.95 0.0142064655977754
16.675 0.0125878683025121
17.4 0.0099358907000476
18.125 0.00911433076874167
18.85 0.0129473910345607
19.575 0.0124204065371618
20.3 0.00740562908720768
21.025 0.00731930177402471
21.75 0.00808509479637534
22.475 0.00586365589293823
23.2 0.00326450517656348
23.925 0.00159972808809925
24.65 0.000743588470833019
25.375 0.000341509204122056
26.1 0.00015811609747798
26.825 7.58571866206775e-05
27.55 4.0084455250056e-05
28.275 2.56653100036175e-05
