-29 2.85466614120898e-08
-28.275 3.74534483845973e-08
-27.55 7.36053480343647e-08
-26.825 1.81441260264902e-07
-26.1 4.90771134867052e-07
-25.375 1.37189280176556e-06
-24.65 3.87594756315172e-06
-23.925 1.08780335120889e-05
-23.2 2.9605980204402e-05
-22.475 7.4285118881127e-05
-21.75 0.000153719746284398
-21.025 0.00021019695298531
-20.3 0.000203804566232469
-19.575 0.000235542732110143
-18.85 0.0002291905847317
-18.125 0.000182580290520271
-17.4 0.000324861039977445
-16.675 0.000792146727200308
-15.95 0.00151399107388716
-15.225 0.00196155805690638
-14.5 0.00194776416616036
-13.775 0.00153377159151639
-13.05 0.000894971776703974
-12.325 0.00128999660546755
-11.6 0.00427962090223258
-10.875 0.0132063572319349
-10.15 0.0323305593041279
-9.42500000000001 0.0537997750543101
-8.70000000000001 0.0558614189875866
-7.97500000000001 0.0351555754893828
-7.25000000000001 0.0131880244844821
-6.52500000000001 0.00333226894316142
-5.80000000000001 0.00381548506726168
-5.07500000000001 0.0163570479323189
-4.35000000000001 0.0516542523358746
-3.62500000000001 0.10699095980082
-2.90000000000001 0.132763345226519
-2.17500000000001 0.0972410958726319
-1.45000000000001 0.0420311666332554
-0.725000000000009 0.0113733206765942
-9.32587340685131e-15 0.00299449110567413
0.724999999999991 0.00943309353971773
1.44999999999999 0.0368828168641844
2.17499999999999 0.090633598389474
2.89999999999999 0.131936870630744
3.62499999999999 0.112844827805383
4.34999999999999 0.0570960814182644
5.07499999999999 0.0185982932222251
5.79999999999999 0.00431833908778839
6.52499999999999 0.00299025071165497
7.24999999999999 0.0119229191844533
7.97499999999999 0.0333354860742995
8.69999999999999 0.0560010696219772
9.42499999999999 0.0571259553571484
10.15 0.0360788444862145
10.875 0.0151808111928273
11.6 0.00498612139251163
12.325 0.00150176888127241
13.05 0.000931732893384942
13.775 0.00151059032507797
14.5 0.00193662629992716
15.225 0.00199622524996181
15.95 0.00156575045529956
16.675 0.00082342460673175
17.4 0.000337623704095299
18.125 0.000188348074915742
18.85 0.000229649504379082
19.575 0.000234154223162414
20.3 0.000214075948369488
21.025 0.000224220473017053
21.75 0.000159267344135849
22.475 7.53225972809377e-05
23.2 2.96998833428118e-05
23.925 1.08428551520407e-05
24.65 3.84055925747197e-06
25.375 1.3487884266153e-06
26.1 4.78933451441968e-07
26.825 1.76196661058416e-07
27.55 7.15485522847408e-08
28.275 3.67531995437382e-08
