-29 3.80309157210149e-09
-28.275 5.29778881735803e-09
-27.55 1.15942509485329e-08
-26.825 3.19451887373233e-08
-26.1 9.54692859745142e-08
-25.375 2.94889519973441e-07
-24.65 9.1990229364093e-07
-23.925 2.86006126929561e-06
-23.2 8.74062478502095e-06
-22.475 2.53370909165121e-05
-21.75 6.4190473731622e-05
-21.025 0.000120253486275029
-20.3 0.000154010652923135
-19.575 0.000145153749341552
-18.85 0.000103256260787983
-18.125 9.71074605887786e-05
-17.4 0.000223237413424708
-16.675 0.00056054708826365
-15.95 0.00105641606842541
-15.225 0.00132361308978448
-14.5 0.00130437907768775
-13.775 0.00110658208551581
-13.05 0.000844781493710352
-12.325 0.00153708496153995
-11.6 0.00477444020639135
-10.875 0.0139546768681314
-10.15 0.0325027056105576
-9.42500000000001 0.0515025173400144
-8.70000000000001 0.0519966429889472
-7.97500000000001 0.0328150767626433
-7.25000000000001 0.0128894184862602
-6.52500000000001 0.00394123508300567
-5.80000000000001 0.00492841343956763
-5.07500000000001 0.0185122156333909
-4.35000000000001 0.055794015673067
-3.62500000000001 0.111669949328502
-2.90000000000001 0.13438931233331
-2.17500000000001 0.096182605627742
-1.45000000000001 0.0413165148105549
-0.725000000000009 0.0117336265145087
-9.32587340685131e-15 0.00413886074848014
0.724999999999991 0.0117338666328158
1.44999999999999 0.0413172680253747
2.17499999999999 0.0961842153168399
2.89999999999999 0.134391474515811
3.62499999999999 0.111671746502881
4.34999999999999 0.0557949412763142
5.07499999999999 0.0185125400423137
5.79999999999999 0.00492850914656565
6.52499999999999 0.00394127171241014
7.24999999999999 0.0128894284309168
7.97499999999999 0.0328149285843307
8.69999999999999 0.0519962085593087
9.42499999999999 0.051502090595015
10.15 0.0325025664525069
10.875 0.0139547000949555
11.6 0.00477447657988978
12.325 0.00153710820023056
13.05 0.000844801547959831
13.775 0.00110659669329328
14.5 0.00130436489423015
15.225 0.00132359349141512
15.95 0.00105641991763731
16.675 0.000560559429454229
17.4 0.000223243858380021
18.125 9.71070989751441e-05
18.85 0.000103255426576566
19.575 0.000145162273320637
20.3 0.000154022192624505
21.025 0.000120255714557123
21.75 6.41873269206947e-05
22.475 2.53346095658327e-05
23.2 8.7395352217356e-06
23.925 2.8596747702786e-06
24.65 9.19794594547878e-07
25.375 2.94865031078755e-07
26.1 9.54686280917593e-08
26.825 3.19531541339893e-08
27.55 1.15979990638627e-08
28.275 5.29933392908937e-09
