-29 3.98050788146569e-08
-28.275 5.22817932040768e-08
-27.55 1.04175731303103e-07
-26.825 2.61267957645486e-07
-26.1 7.18387362849784e-07
-25.375 2.03963621495124e-06
-24.65 5.83683338722882e-06
-23.925 1.6520039099238e-05
-23.2 4.51490700479212e-05
-22.475 0.00011311193176831
-21.75 0.000229393772745631
-21.025 0.000285442663235149
-20.3 0.000225463097036223
-19.575 0.000285313131395288
-18.85 0.000342574295445594
-18.125 0.00032034917158322
-17.4 0.0005672429591147
-16.675 0.00124058064983219
-15.95 0.00194301980469589
-15.225 0.00179128475799786
-14.5 0.00168160363089587
-13.775 0.00195300689922938
-13.05 0.00149675554517772
-12.325 0.00188497287140482
-11.6 0.00541046069856762
-10.875 0.0155046624595629
-10.15 0.0350041848028738
-9.42500000000001 0.0539688300429553
-8.70000000000001 0.0541241098768427
-7.97500000000001 0.0346521124712781
-7.25000000000001 0.0138299334419475
-6.52500000000001 0.00408009631286
-5.80000000000001 0.00479276196312366
-5.07500000000001 0.0182946404654463
-4.35000000000001 0.0546342906177479
-3.62500000000001 0.107723685897834
-2.90000000000001 0.128635712863493
-2.17500000000001 0.0920980954121435
-1.45000000000001 0.0396056445279837
-0.725000000000009 0.0110319106293935
-9.32587340685131e-15 0.00364160297986301
0.724999999999991 0.0110325504605988
1.44999999999999 0.0396078984740279
2.17499999999999 0.0921037749687487
2.89999999999999 0.128644459225284
3.62499999999999 0.107731527618206
4.34999999999999 0.054638372493237
5.07499999999999 0.0182960528631774
5.79999999999999 0.00479317275897075
6.52499999999999 0.00408016504150398
7.24999999999999 0.0138298042819257
7.97499999999999 0.0346516485145745
8.69999999999999 0.0541228857653371
9.42499999999999 0.0539668786684323
10.15 0.035002543778203
10.875 0.0155038715503656
11.6 0.00541017126994548
12.325 0.00188489455006409
13.05 0.00149682202378126
13.775 0.00195313793719587
14.5 0.00168160976678924
15.225 0.00179126538795852
15.95 0.00194312632659534
16.675 0.00124068586752944
17.4 0.00056728626642592
18.125 0.000320331380262046
18.85 0.000342521275931214
19.575 0.000285304130139208
20.3 0.000225485840421288
21.025 0.000285424427301794
21.75 0.000229353084129052
22.475 0.000113084407959464
23.2 4.5137222049285e-05
23.925 1.65152525682959e-05
24.65 5.83503674266884e-06
25.375 2.03900119916045e-06
26.1 7.18121306060538e-07
26.825 2.61198930449514e-07
27.55 1.04166448992778e-07
28.275 5.22811788250408e-08
