-29 4.26116121899252e-09
-28.275 1.27179837434538e-08
-27.55 5.10192842757934e-08
-26.825 1.72000184620208e-07
-26.1 5.54282525216893e-07
-25.375 1.73137328381124e-06
-24.65 5.34119934084185e-06
-23.925 1.5997408755226e-05
-23.2 4.60295088518349e-05
-22.475 0.000121295643499431
-21.75 0.000261984921372442
-21.025 0.00035946306997639
-20.3 0.000313355396416219
-19.575 0.000350497103237332
-18.85 0.000396496361353904
-18.125 0.000415836545189405
-17.4 0.000811259736642671
-16.675 0.00178587275336998
-15.95 0.00270807423443333
-15.225 0.00217035357337759
-14.5 0.00184315695701676
-13.775 0.00255687521630495
-13.05 0.00212642447337674
-12.325 0.00250380285542887
-11.6 0.00739593198746076
-10.875 0.022854969412837
-10.15 0.0559761233810724
-9.42500000000001 0.0925665376743063
-8.70000000000001 0.0956267089363638
-7.97500000000001 0.0605668471029048
-7.25000000000001 0.0241144045852913
-6.52500000000001 0.00832667143485991
-5.80000000000001 0.00923596854165992
-5.07500000000001 0.0232692301856005
-4.35000000000001 0.0444119565605423
-3.62500000000001 0.0521028959151558
-2.90000000000001 0.0514147115834797
-2.17500000000001 0.0550954109749352
-1.45000000000001 0.0415674305289012
-0.725000000000009 0.020295997023123
-9.32587340685131e-15 0.0120751444516862
0.724999999999991 0.0202960496678112
1.44999999999999 0.0415675575916907
2.17499999999999 0.0550955943691154
2.89999999999999 0.051414894245074
3.62499999999999 0.0521031210184032
4.34999999999999 0.0444121966939736
5.07499999999999 0.0232693796461706
5.79999999999999 0.00923602009712694
6.52499999999999 0.00832666540773978
7.24999999999999 0.0241144054821992
7.97499999999999 0.0605670073471329
8.69999999999999 0.0956271033155054
9.42499999999999 0.0925668922956186
10.15 0.0559762001705955
10.875 0.0228549173928294
11.6 0.00739588957445327
12.325 0.00250379133487467
13.05 0.00212644477444473
13.775 0.0025569060189479
14.5 0.00184316604923546
15.225 0.00217036781241968
15.95 0.00270810757164681
16.675 0.00178589592497243
17.4 0.000811268313251301
18.125 0.000415843566399126
18.85 0.000396514406680636
19.575 0.000350520065862533
20.3 0.000313372645632531
21.025 0.00035947850930756
21.75 0.000261996533048379
22.475 0.000121301337102032
23.2 4.60316736800466e-05
23.925 1.59981833989503e-05
24.65 5.34144632991389e-06
25.375 1.73142834163172e-06
26.1 5.54289372771951e-07
26.825 1.71996664475633e-07
27.55 5.10188407785128e-08
28.275 1.27191535670413e-08
