0 -0.254378177452996 0.000582951
1 -0.25428913200855 0.000696527
2 -0.254289126632501 0.000874202
3 -0.254256072750778 0.00241572
4 -0.254220390953024 0.000472895
5 -0.254220389159274 0.000383024
6 -0.254220385559788 0.00183494
7 -0.253803808284193 0.000182419
8 -0.253803806708172 0.000466238
9 -0.253548357474609 0.000237501
10 -0.253541718129261 0.000444871
11 -0.25354171706768 0.000161299
12 -0.253541716882347 0.000325385
13 -0.253464721509631 0.000538511
14 -0.253464720395046 0.000292233
15 -0.253464720012394 0.000246052
16 -0.253350708720232 0.00043137
17 -0.253350707925177 0.000201181
18 -0.253350707767947 0.000276101
19 -0.252907026951501 0.00182455
20 -0.252907024799362 0.000161612
21 -0.252907024705405 7.30722e-05
22 -0.25242497066118 0.00053961
23 -0.252424970376741 0.000212064
24 -0.252235103709149 0.00024352
25 -0.252235103521591 0.000114968
26 -0.252235103287132 0.00073063
27 -0.252106825815446 0.000152856
28 -0.2521068257568 4.69348e-05
29 -0.252106825610266 0.000326269
30 -0.25204131354146 0.000195256
31 -0.252041313524468 0.000161861
32 -0.251757948309373 0.000450865
33 -0.251757948177942 3.65185e-05
34 -0.251757948170024 8.01883e-05
35 -0.251190750316306 0.000237856
36 -0.251190750249384 3.21203e-05
37 -0.251190750241071 4.83641e-05
38 -0.250885581684853 3.72637e-05
39 -0.250706391302255 2.29047e-05
40 -0.25070639130085 3.31061e-05
41 -0.250706391296947 3.40561e-05
42 -0.250570649240592 2.50942e-05
43 -0.250570649239019 2.34238e-05
44 -0.250073067039193 9.4462e-06
45 -0.250073067037993 1.2764e-05
46 -0.250073067021746 0.000143213
47 -0.249894583314532 1.32956e-05
48 -0.249894583309794 3.38639e-05
49 -0.249894583308435 3.19009e-05
50 -0.164231875156097 1.61847e-08
51 -0.155304725099962 4.35586e-09
52 -0.155304725097675 1.50388e-08
53 -0.155304724804906 1.93963e-08
54 -0.146560897092811 9.5829e-09
55 -0.14656089709092 5.11168e-09
56 -0.146560897088744 9.87817e-09
57 -0.144321366577403 1.82501e-08
58 -0.144321366577396 1.40858e-08
59 -0.141749041707414 4.46647e-09
60 -0.137675450480943 2.30373e-08
61 -0.136472540823617 7.68694e-09
62 -0.136472538199968 7.84746e-09
63 -0.136472538199612 1.01007e-08
64 -0.135072247282975 1.44054e-08
65 -0.13507224728273 7.25894e-09
66 -0.135072243673677 1.02021e-08
67 -0.129528964116827 7.81978e-09
68 -0.12952896411214 1.05983e-08
69 -0.129528964107921 1.32734e-08
70 -0.127715212604626 4.45431e-09
71 -0.127715212604471 3.28778e-08
72 -0.127715212604393 1.15621e-08
73 -0.126514785048579 2.14912e-08
74 -0.126514785048564 8.46556e-09
75 -0.124632888946894 9.45763e-09
76 -0.124632888946166 8.62417e-09
77 -0.124632888930615 6.90687e-09
78 -0.12445981031099 2.96345e-09
79 -0.120910318171158 1.19857e-08
80 -0.120910318164685 1.69343e-08
81 -0.120910318162989 8.69927e-09
82 -0.118694876028971 3.3742e-08
83 -0.118694870833807 1.50999e-08
84 -0.118694870833694 3.04216e-08
85 -0.116632683133018 2.2969e-08
86 -0.116632683132911 1.19857e-08
87 -0.115765621584079 2.6189e-08
88 -0.115765621583971 2.95741e-08
89 -0.1157073445916 1.84128e-08
90 -0.115707339722376 1.90921e-08
91 -0.115707339721404 2.06577e-08
92 -0.115433722176812 7.3629e-08
93 -0.114012610263002 1.99475e-08
94 -0.114012610262647 3.68756e-08
95 -0.114012603720156 2.22521e-08
96 -0.112315390767209 2.87298e-08
97 -0.11014898278547 1.84306e-07
98 -0.109062847118432 4.37455e-08
99 -0.1090628355424 2.07122e-07
