-35 8.39511669153354e-06
-34.2708333333333 9.76010017000606e-06
-33.5416666666667 1.48055277859304e-05
-32.8125 2.7057468834867e-05
-32.0833333333333 5.50474727946083e-05
-31.3541666666667 0.00011706282308866
-30.625 0.000252043991213869
-29.8958333333333 0.000540276057769024
-29.1666666666667 0.0011297525772232
-28.4375 0.00218990722108556
-27.7083333333333 0.00363360460148738
-26.9791666666667 0.00449957667913451
-26.25 0.00438721353106514
-25.5208333333333 0.00600951141041378
-24.7916666666667 0.00811329388201744
-24.0625 0.0064958267822928
-23.3333333333333 0.00584471184243361
-22.6041666666667 0.00773198542768919
-21.875 0.00932105699920133
-21.1458333333333 0.0107875235015589
-20.4166666666667 0.0152452577045518
-19.6875 0.0183054077783601
-18.9583333333333 0.0144830372252345
-18.2291666666667 0.0114265936832067
-17.5 0.0130534403068298
-16.7708333333333 0.0149504446863341
-16.0416666666667 0.0182246880945172
-15.3125 0.0264423898129556
-14.5833333333333 0.0307643553317272
-13.8541666666667 0.0253285438306135
-13.125 0.0194782088976107
-12.3958333333333 0.0195808953685675
-11.6666666666667 0.0193658109553724
-10.9375 0.0173432815592139
-10.2083333333333 0.0199850734025128
-9.47916666666667 0.0290066477765711
-8.75000000000001 0.0299354765794061
-8.02083333333334 0.0216256868396138
-7.29166666666667 0.0189256449269123
-6.56250000000001 0.0220474943127506
-5.83333333333334 0.0232049115704709
-5.10416666666667 0.0210632408456578
-4.37500000000001 0.0211295018130926
-3.64583333333334 0.0297187061042548
-2.91666666666667 0.0343361945597378
-2.18750000000001 0.0267431088591441
-1.45833333333334 0.0201245723153327
-0.729166666666673 0.0217889153837978
-6.66133814775094e-15 0.023495334719414
0.72916666666666 0.0217714832328272
1.45833333333333 0.0201168653557286
2.18749999999999 0.0267616531778673
2.91666666666666 0.0343227538817954
3.64583333333333 0.0296712614854715
4.37499999999999 0.0211091067052144
5.10416666666666 0.0210609609677691
5.83333333333333 0.0231828677998842
6.56249999999999 0.022002861817187
7.29166666666666 0.0188797109196546
8.02083333333333 0.02160249054745
8.74999999999999 0.0298894044172407
9.47916666666666 0.0289223108640039
10.2083333333333 0.0199216265685689
10.9375 0.0173127378691771
11.6666666666667 0.0193271048210147
12.3958333333333 0.0195305472583443
13.125 0.0194348641708604
13.8541666666667 0.0252854612591118
14.5833333333333 0.0306757364496365
15.3125 0.0263376000281466
16.0416666666667 0.0181531326646241
16.7708333333333 0.0148972283967845
17.5 0.0129981995531116
18.2291666666667 0.0113800639076029
18.9583333333333 0.0144396838383571
19.6875 0.0182259527617234
20.4166666666667 0.0151603133681057
21.1458333333333 0.0107330763639118
21.875 0.00928077672500279
22.6041666666667 0.0076935571390958
23.3333333333333 0.00581495361497921
24.0625 0.00646628571578403
24.7916666666667 0.00806440257703085
25.5208333333333 0.00596619202896287
26.25 0.00436035053151208
26.9791666666667 0.00447251402686283
27.7083333333333 0.00360840986541174
28.4375 0.00217354676178986
29.1666666666667 0.00112101012266554
29.8958333333333 0.000536042939881251
30.625 0.000250068677409142
31.3541666666667 0.000116157374546899
32.0833333333333 5.46362574420511e-05
32.8125 2.68734666003297e-05
33.5416666666667 1.47250708153661e-05
34.2708333333333 9.72982388944917e-06
