-35 8.89130835509486e-06
-34.2708333333333 1.02677538966933e-05
-33.5416666666667 1.53448333533477e-05
-32.8125 2.75197372292661e-05
-32.0833333333333 5.49131895880869e-05
-31.3541666666667 0.00011467248031746
-30.625 0.000242743455474126
-29.8958333333333 0.000511780036012474
-29.1666666666667 0.00105255355970622
-28.4375 0.00200884291207214
-27.7083333333333 0.00329649388391061
-26.9791666666667 0.00410935024610077
-26.25 0.0042526775435367
-25.5208333333333 0.00592496007633188
-24.7916666666667 0.00760915618752347
-24.0625 0.00604479100678942
-23.3333333333333 0.00576500256287953
-22.6041666666667 0.00774951788414359
-21.875 0.00933756855607455
-21.1458333333333 0.0111279697606018
-20.4166666666667 0.0159100294044532
-19.6875 0.0185771392563614
-18.9583333333333 0.0143782999813837
-18.2291666666667 0.0115493765433029
-17.5 0.0133067774569316
-16.7708333333333 0.0151739533148411
-16.0416666666667 0.0188049063126281
-15.3125 0.0277260443600596
-14.5833333333333 0.0319071200040295
-13.8541666666667 0.0257831869120052
-13.125 0.0198199070142789
-12.3958333333333 0.0198991256575738
-11.6666666666667 0.0193597556846833
-10.9375 0.0170014004304065
-10.2083333333333 0.019836108065995
-9.47916666666667 0.0293323642534991
-8.75000000000001 0.0300083712314073
-8.02083333333334 0.0212384283626557
-7.29166666666667 0.018638410563299
-6.56250000000001 0.0218840337376157
-5.83333333333334 0.0229254020610391
-5.10416666666667 0.0205520216969615
-4.37500000000001 0.0205774261192865
-3.64583333333334 0.0294903523357443
-2.91666666666667 0.0342373663987281
-2.18750000000001 0.0262797297113175
-1.45833333333334 0.0194969697365602
-0.729166666666673 0.0212484403875359
-6.66133814775094e-15 0.0230225353415143
0.72916666666666 0.0212484403835218
1.45833333333333 0.0194969697179815
2.18749999999999 0.0262797296676546
2.91666666666666 0.0342373663521037
3.64583333333333 0.0294903523046343
4.37499999999999 0.0205774261010575
5.10416666666666 0.0205520216941583
5.83333333333333 0.0229254020795353
6.56249999999999 0.0218840337746327
7.29166666666666 0.0186384105964993
8.02083333333333 0.0212384283677961
8.74999999999999 0.0300083712346429
9.47916666666666 0.0293323642859044
10.2083333333333 0.0198361080823013
10.9375 0.0170014004064277
11.6666666666667 0.0193597556466719
12.3958333333333 0.0198991256245895
13.125 0.0198199069833808
13.8541666666667 0.0257831868678172
14.5833333333333 0.0319071199654635
15.3125 0.0277260443402636
16.0416666666667 0.0188049062935297
16.7708333333333 0.0151739532876127
17.5 0.0133067774351454
18.2291666666667 0.0115493765273391
18.9583333333333 0.0143782999509621
19.6875 0.018577139214417
20.4166666666667 0.0159100293732796
21.1458333333333 0.011127969744341
21.875 0.0093375685417904
22.6041666666667 0.00774951787648221
23.3333333333333 0.00576500256032923
24.0625 0.00604479099696042
24.7916666666667 0.00760915616839132
25.5208333333333 0.00592496006125255
26.25 0.00425267753409685
26.9791666666667 0.00410935023555994
27.7083333333333 0.00329649388011429
28.4375 0.0020088429109964
29.1666666666667 0.00105255355878601
29.8958333333333 0.000511780036524308
30.625 0.000242743456966835
31.3541666666667 0.000114672482863772
32.0833333333333 5.49131910262968e-05
32.8125 2.75197373859383e-05
33.5416666666667 1.53448322719516e-05
34.2708333333333 1.02677531202665e-05
