-35 1.72565423437427e-07
-34.2708333333333 3.97648762658657e-06
-33.5416666666667 1.77138183268267e-05
-32.8125 4.99291275558906e-05
-32.0833333333333 0.000121008166565406
-31.3541666666667 0.000273126737314449
-30.625 0.000592340254770603
-29.8958333333333 0.00124769667027434
-29.1666666666667 0.00253554889043709
-28.4375 0.00475663428098921
-27.7083333333333 0.00765592653510223
-26.9791666666667 0.00946121749364767
-26.25 0.0101394210189812
-25.5208333333333 0.0142553433153257
-24.7916666666667 0.0176868543348796
-24.0625 0.0136169901776748
-23.3333333333333 0.0124200968519518
-22.6041666666667 0.0158797551933263
-21.875 0.0188059378618923
-21.1458333333333 0.0237177936749727
-20.4166666666667 0.0339022043467928
-19.6875 0.0370570140446985
-18.9583333333333 0.0273641724994615
-18.2291666666667 0.0212387956785124
-17.5 0.0222776025295243
-16.7708333333333 0.0235368992222823
-16.0416666666667 0.0298789110210295
-15.3125 0.0429984698821254
-14.5833333333333 0.0446321422157099
-13.8541666666667 0.0334806705529068
-13.125 0.0252558910375431
-12.3958333333333 0.0222014009996975
-11.6666666666667 0.0175036660230228
-10.9375 0.013767402088577
-10.2083333333333 0.0179289589198721
-9.47916666666667 0.0225667092258705
-8.75000000000001 0.0177690395022981
-8.02083333333334 0.0131772898597566
-7.29166666666667 0.0132708688632751
-6.56250000000001 0.0117259039371345
-5.83333333333334 0.00813451663301143
-5.10416666666667 0.00569410361220801
-4.37500000000001 0.00637615206367066
-3.64583333333334 0.0058842160335202
-2.91666666666667 0.00277016750456776
-2.18750000000001 0.00325324150194678
-1.45833333333334 0.00445392160582293
-0.729166666666673 0.00321290007408342
-6.66133814775094e-15 0.00232730774689982
0.72916666666666 0.00321290001341351
1.45833333333333 0.00445392146511622
2.18749999999999 0.00325324141012128
2.91666666666666 0.00277016755586194
3.64583333333333 0.0058842160615089
4.37499999999999 0.00637615206547927
5.10416666666666 0.0056941037106752
5.83333333333333 0.00813451679239657
6.56249999999999 0.0117259040943307
7.29166666666666 0.0132708690483707
8.02083333333333 0.013177290062369
8.74999999999999 0.0177690398627254
9.47916666666666 0.0225667097352333
10.2083333333333 0.01792895923083
10.9375 0.0137674022099967
11.6666666666667 0.0175036662547223
12.3958333333333 0.0222014014356807
13.125 0.0252558914951412
13.8541666666667 0.0334806708388269
14.5833333333333 0.0446321425064448
15.3125 0.0429984703870928
16.0416666666667 0.0298789114670458
16.7708333333333 0.0235368994941226
17.5 0.022277602791916
18.2291666666667 0.0212387959068191
18.9583333333333 0.0273641726260638
19.6875 0.0370570143711221
20.4166666666667 0.0339022047878633
21.1458333333333 0.0237177939173903
21.875 0.0188059379320553
22.6041666666667 0.0158797552618737
23.3333333333333 0.0124200969037304
24.0625 0.0136169901495183
24.7916666666667 0.0176868542330302
25.5208333333333 0.0142553432425335
26.25 0.0101394209373084
26.9791666666667 0.00946121739674465
27.7083333333333 0.00765592651054954
28.4375 0.00475663429643114
29.1666666666667 0.002535548924344
29.8958333333333 0.00124769669971135
30.625 0.00059234027657763
31.3541666666667 0.000273126751740116
32.0833333333333 0.000121008176271663
32.8125 4.9929136376198e-05
33.5416666666667 1.77138255843016e-05
34.2708333333333 3.97649265008953e-06
