-35 8.15511606026705e-06
-34.2708333333333 9.39493151404993e-06
-33.5416666666667 1.39573304692585e-05
-32.8125 2.48634010017715e-05
-32.0833333333333 4.9304241857913e-05
-31.3541666666667 0.000102429905390739
-30.625 0.000215902861719298
-29.8958333333333 0.000453188788952556
-29.1666666666667 0.00092714389090239
-28.4375 0.00176036739549408
-27.7083333333333 0.00288522667080161
-26.9791666666667 0.00364891760420586
-26.25 0.00393595485186937
-25.5208333333333 0.00539712969136355
-24.7916666666667 0.00662102469598708
-24.0625 0.00528397699101168
-23.3333333333333 0.0053863641715593
-22.6041666666667 0.00741744483936486
-21.875 0.00904006032743714
-21.1458333333333 0.0110135525651779
-20.4166666666667 0.0156763814585686
-19.6875 0.017876635774426
-18.9583333333333 0.0136652279173612
-18.2291666666667 0.0111572520559412
-17.5 0.0130705153467305
-16.7708333333333 0.0150394952979249
-16.0416666666667 0.0188425027507261
-15.3125 0.0279883655508756
-14.5833333333333 0.0321641762054599
-13.8541666666667 0.02580306555121
-13.125 0.0196840701305891
-12.3958333333333 0.019825577586419
-11.6666666666667 0.0194259611623834
-10.9375 0.0171729691423859
-10.2083333333333 0.0201161211715798
-9.47916666666667 0.0299712200668937
-8.75000000000001 0.0308456715286113
-8.02083333333334 0.0217275637296605
-7.29166666666667 0.018748306078742
-6.56250000000001 0.0219751560276449
-5.83333333333334 0.0231076175054367
-5.10416666666667 0.0208094328810783
-4.37500000000001 0.0209988436181824
-3.64583333333334 0.0303552249185124
-2.91666666666667 0.0353989310407632
-2.18750000000001 0.02711496077082
-1.45833333333334 0.0198613894300863
-0.729166666666673 0.0214760778032873
-6.66133814775094e-15 0.0232505852024425
0.72916666666666 0.0214760778047352
1.45833333333333 0.0198613894396368
2.18749999999999 0.027114960778189
2.91666666666666 0.0353989310570015
3.64583333333333 0.0303552249281418
4.37499999999999 0.0209988435767115
5.10416666666666 0.0208094327666313
5.83333333333333 0.0231076173403557
6.56249999999999 0.0219751558607981
7.29166666666666 0.0187483059522673
8.02083333333333 0.021727563673775
8.74999999999999 0.0308456715124374
9.47916666666666 0.0299712200490521
10.2083333333333 0.0201161211502517
10.9375 0.017172969092592
11.6666666666667 0.0194259610696305
12.3958333333333 0.0198255774748719
13.125 0.0196840699795084
13.8541666666667 0.0258030652888192
14.5833333333333 0.0321641758727214
15.3125 0.0279883652577467
16.0416666666667 0.0188425025544358
16.7708333333333 0.0150394951668652
17.5 0.0130705152599727
18.2291666666667 0.0111572519791521
18.9583333333333 0.0136652277634313
19.6875 0.0178766355129463
20.4166666666667 0.0156763811879644
21.1458333333333 0.0110135523654518
21.875 0.00904006016496029
22.6041666666667 0.00741744470730167
23.3333333333333 0.00538636407941137
24.0625 0.00528397693349446
24.7916666666667 0.00662102461889709
25.5208333333333 0.00539712960683402
26.25 0.00393595480571842
26.9791666666667 0.00364891757490388
27.7083333333333 0.00288522664027546
28.4375 0.00176036736381078
29.1666666666667 0.000927143863513442
29.8958333333333 0.0004531887677606
30.625 0.000215902846779332
31.3541666666667 0.000102429894062332
32.0833333333333 4.9304231703213e-05
32.8125 2.48633907758998e-05
33.5416666666667 1.39573207633643e-05
34.2708333333333 9.39492462498558e-06
