-35 2.27803903731005e-07
-34.2708333333333 3.84489130636367e-06
-33.5416666666667 1.70232172241215e-05
-32.8125 4.79174080064883e-05
-32.0833333333333 0.000115990830967481
-31.3541666666667 0.000261501999819987
-30.625 0.000566513614162519
-29.8958333333333 0.00119172535216748
-29.1666666666667 0.00241755906392661
-28.4375 0.00452759262881899
-27.7083333333333 0.00728794489693106
-26.9791666666667 0.00905941589998601
-26.25 0.00983296495252273
-25.5208333333333 0.0137563712511549
-24.7916666666667 0.0168610955693957
-24.0625 0.0130181803714739
-23.3333333333333 0.0121673635495819
-22.6041666666667 0.015744741715062
-21.875 0.0187189428206672
-21.1458333333333 0.0236596887063699
-20.4166666666667 0.0338542661971403
-19.6875 0.0369733553998288
-18.9583333333333 0.0272784640500137
-18.2291666666667 0.0212282988866164
-17.5 0.0224245032755342
-16.7708333333333 0.0237437347153961
-16.0416666666667 0.0299925521145814
-15.3125 0.0434055011621
-14.5833333333333 0.0455101110243324
-13.8541666666667 0.0342337206387718
-13.125 0.0256553409507698
-12.3958333333333 0.022640646833853
-11.6666666666667 0.0180036767237079
-10.9375 0.0140233262095185
-10.2083333333333 0.0178900606774346
-9.47916666666667 0.0229312103164908
-8.75000000000001 0.0184991373528163
-8.02083333333334 0.013579760449213
-7.29166666666667 0.0134664707151346
-6.56250000000001 0.0120572866356033
-5.83333333333334 0.00853230219427788
-5.10416666666667 0.00592144503100589
-4.37500000000001 0.00633238230424822
-3.64583333333334 0.0059327244373454
-2.91666666666667 0.00301462151031757
-2.18750000000001 0.00333841460458359
-1.45833333333334 0.00447205704523153
-0.729166666666673 0.0033596761985857
-6.66133814775094e-15 0.00251440257666153
0.72916666666666 0.00329411792860989
1.45833333333333 0.00439636883609554
2.18749999999999 0.00325483722313449
2.91666666666666 0.00282681083924816
3.64583333333333 0.00571590930863955
4.37499999999999 0.00620447461920296
5.10416666666666 0.00577760591487066
5.83333333333333 0.00830687649278812
6.56249999999999 0.0117960070032784
7.29166666666666 0.0132357817188767
8.02083333333333 0.0133232086352734
8.74999999999999 0.0180988081374961
9.47916666666666 0.0225369485983518
10.2083333333333 0.0176645267459538
10.9375 0.0138258324694211
11.6666666666667 0.017742070508665
12.3958333333333 0.0223530733828752
13.125 0.0253457473201326
13.8541666666667 0.0337874891010668
14.5833333333333 0.0449772902011417
15.3125 0.0429974964136544
16.0416666666667 0.0297448291468919
16.7708333333333 0.0235508449037379
17.5 0.0222860264671679
18.2291666666667 0.0211278652676638
18.9583333333333 0.0271160084962523
19.6875 0.0367909198910745
20.4166666666667 0.0337699478727764
21.1458333333333 0.0236239735103237
21.875 0.0186724618867965
22.6041666666667 0.015728264680531
23.3333333333333 0.0121801639282643
24.0625 0.0130325650936399
24.7916666666667 0.0169114761437799
25.5208333333333 0.0138321329872725
26.25 0.00987990846617687
26.9791666666667 0.00909711296733781
27.7083333333333 0.00733174319022688
28.4375 0.00456122688584453
29.1666666666667 0.00243772255759957
29.8958333333333 0.00120249056901385
30.625 0.000572014494018785
31.3541666666667 0.000264264385317586
32.0833333333333 0.00011736817544472
32.8125 4.85904351084406e-05
33.5416666666667 1.73403408998941e-05
34.2708333333333 3.97051206931318e-06
