-35 7.5658188779929e-06
-34.2708333333333 8.82822123010999e-06
-33.5416666666667 1.36898356609624e-05
-32.8125 2.57997020881077e-05
-32.0833333333333 5.42029902025267e-05
-31.3541666666667 0.000118838628863063
-30.625 0.000263205193182204
-29.8958333333333 0.000579992089920145
-29.1666666666667 0.00124730624422361
-28.4375 0.0024856630703966
-27.7083333333333 0.00421683238439074
-26.9791666666667 0.00518456619790929
-26.25 0.00445734215256116
-25.5208333333333 0.00578190083539323
-24.7916666666667 0.00881846626612363
-24.0625 0.00738852820490962
-23.3333333333333 0.0060347649071892
-22.6041666666667 0.00766631175439682
-21.875 0.00917984891981831
-21.1458333333333 0.00986151088397703
-20.4166666666667 0.0135426336215767
-19.6875 0.0174641492227775
-18.9583333333333 0.0146368273334259
-18.2291666666667 0.0113151998473492
-17.5 0.0127475381567699
-16.7708333333333 0.0146256047944535
-16.0416666666667 0.0169714159322404
-15.3125 0.0236504550683252
-14.5833333333333 0.0283589610619252
-13.8541666666667 0.024465931642278
-13.125 0.0190145902127274
-12.3958333333333 0.0193125135349912
-11.6666666666667 0.0197172397593899
-10.9375 0.0180218018892494
-10.2083333333333 0.0196408166588041
-9.47916666666667 0.0272548798289955
-8.75000000000001 0.0288054957684005
-8.02083333333334 0.0218960993245019
-7.29166666666667 0.0195187997769911
-6.56250000000001 0.02272310952843
-5.83333333333334 0.0241851126078312
-5.10416666666667 0.0222646902202717
-4.37500000000001 0.0218027599060137
-3.64583333333334 0.0290454578501354
-2.91666666666667 0.0332242201576339
-2.18750000000001 0.0268120855003606
-1.45833333333334 0.0212095034172701
-0.729166666666673 0.0231931077372067
-6.66133814775094e-15 0.0249429834320464
0.72916666666666 0.023196189751724
1.45833333333333 0.0212788082759138
2.18749999999999 0.0269869843781367
2.91666666666666 0.0333575579799889
3.64583333333333 0.0290914491942966
4.37499999999999 0.0218735429577207
5.10416666666666 0.0224279281417012
5.83333333333333 0.0243756326714756
6.56249999999999 0.0229032427336024
7.29166666666666 0.0197079990388659
8.02083333333333 0.0221943996617143
8.74999999999999 0.0291391760990949
9.47916666666666 0.0275099437482265
10.2083333333333 0.0198368747522996
10.9375 0.0182909264736777
11.6666666666667 0.0200346629639851
12.3958333333333 0.0196258313382976
13.125 0.0193466510436259
13.8541666666667 0.0249155163977296
14.5833333333333 0.0288492938517749
15.3125 0.0240745726273256
16.0416666666667 0.0173072639587353
16.7708333333333 0.0149317541158545
17.5 0.0130101428376333
18.2291666666667 0.0115436391600536
18.9583333333333 0.0149297989599961
19.6875 0.0178249234439087
20.4166666666667 0.0138589928917719
21.1458333333333 0.0101135600448689
21.875 0.00940991969524793
22.6041666666667 0.00785799272136649
23.3333333333333 0.0061693034492054
24.0625 0.00752293310678454
24.7916666666667 0.00902571500827706
25.5208333333333 0.00595415096435502
26.25 0.00457729317325128
26.9791666666667 0.00531907771489308
27.7083333333333 0.0043417833811625
28.4375 0.00256632851245504
29.1666666666667 0.00128931243286593
29.8958333333333 0.000599285589362837
30.625 0.000271574478580926
31.3541666666667 0.000122404335218402
32.0833333333333 5.57317228359232e-05
32.8125 2.64571080272238e-05
33.5416666666667 1.39691271961266e-05
34.2708333333333 8.93131980133368e-06
