-35 8.2441213222717e-06
-34.2708333333333 9.55527341253023e-06
-33.5416666666667 1.44193369706855e-05
-32.8125 2.61989068591657e-05
-32.0833333333333 5.30034452766684e-05
-31.3541666666667 0.000112167535755362
-30.625 0.000240460713792242
-29.8958333333333 0.000513303196905267
-29.1666666666667 0.00106873057912002
-28.4375 0.00206353515011745
-27.7083333333333 0.00341797710045958
-26.9791666666667 0.00425876706105314
-26.25 0.00424635623269516
-25.5208333333333 0.00580562307534689
-24.7916666666667 0.00768441441831627
-24.0625 0.00615218074406166
-23.3333333333333 0.00567423962578316
-22.6041666666667 0.00759269543122172
-21.875 0.00920456099995057
-21.1458333333333 0.0107693468006135
-20.4166666666667 0.0152259151943967
-19.6875 0.0181146418782477
-18.9583333333333 0.0142605659187916
-18.2291666666667 0.0112894579808598
-17.5 0.0129645460246103
-16.7708333333333 0.0148993436532479
-16.0416666666667 0.018263481072069
-15.3125 0.0266407116111139
-14.5833333333333 0.0309969267688769
-13.8541666666667 0.025438684181965
-13.125 0.0194780741327182
-12.3958333333333 0.0195673789109657
-11.6666666666667 0.0193622052360429
-10.9375 0.01733536106708
-10.2083333333333 0.0200051062940498
-9.47916666666667 0.0292092516490442
-8.75000000000001 0.0302283086200084
-8.02083333333334 0.021755769490213
-7.29166666666667 0.0188952719921849
-6.56250000000001 0.0220188550440829
-5.83333333333334 0.0232099235132082
-5.10416666666667 0.021079145668407
-4.37500000000001 0.0211859953287691
-3.64583333333334 0.0299614378490578
-2.91666666666667 0.0347323397968479
-2.18750000000001 0.026995822384844
-1.45833333333334 0.0201630702387331
-0.729166666666673 0.0217761702691448
-6.66133814775094e-15 0.0234977337210605
0.72916666666666 0.0217761702575133
1.45833333333333 0.0201630702242946
2.18749999999999 0.0269958223702415
2.91666666666666 0.0347323397739715
3.64583333333333 0.0299614378191517
4.37499999999999 0.0211859953081572
5.10416666666666 0.0210791456547161
5.83333333333333 0.0232099234973093
6.56249999999999 0.0220188550256711
7.29166666666666 0.0188952719762695
8.02083333333333 0.0217557694742834
8.74999999999999 0.0302283085859229
9.47916666666666 0.0292092516077639
10.2083333333333 0.0200051062666468
10.9375 0.0173353610521932
11.6666666666667 0.0193622052153603
12.3958333333333 0.019567378881355
13.125 0.0194780740958678
13.8541666666667 0.025438684124484
14.5833333333333 0.0309969266912288
15.3125 0.0266407115415094
16.0416666666667 0.0182634810314439
16.7708333333333 0.0148993436234143
17.5 0.0129645459947088
18.2291666666667 0.0112894579489903
18.9583333333333 0.014260565870025
19.6875 0.0181146418088889
20.4166666666667 0.0152259151280317
21.1458333333333 0.0107693467626181
21.875 0.00920456097586459
22.6041666666667 0.00759269541428674
23.3333333333333 0.00567423961209815
24.0625 0.00615218072207781
24.7916666666667 0.00768441439153493
25.5208333333333 0.00580562305666209
26.25 0.00424635622022358
26.9791666666667 0.00425876704171364
27.7083333333333 0.00341797708442437
28.4375 0.00206353513600155
29.1666666666667 0.00106873056744639
29.8958333333333 0.000513303187068758
30.625 0.000240460705804967
31.3541666666667 0.000112167528801269
32.0833333333333 5.30034380472083e-05
32.8125 2.61988988279975e-05
33.5416666666667 1.44193288648734e-05
34.2708333333333 9.55526712584793e-06
