-35 5.27521508035229e-05
-34.2708333333333 6.00458508770693e-05
-33.5416666666667 8.66177618640619e-05
-32.8125 0.000148242650803866
-32.0833333333333 0.00028195501188184
-31.3541666666667 0.000559923572478195
-30.625 0.00112608924641735
-29.8958333333333 0.00225864906111544
-29.1666666666667 0.00444274421363399
-28.4375 0.00814103276440695
-27.7083333333333 0.0128544086933458
-26.9791666666667 0.0159728867133318
-26.25 0.0179722094207059
-25.5208333333333 0.0243752194698424
-24.7916666666667 0.0285674839469635
-24.0625 0.0205501008362957
-23.3333333333333 0.0148722034462159
-22.6041666666667 0.0155333099069795
-21.875 0.018766795019821
-21.1458333333333 0.0278300581681003
-20.4166666666667 0.0353131043560735
-19.6875 0.0311670628974794
-18.9583333333333 0.0215337803480175
-18.2291666666667 0.0155909358619905
-17.5 0.0117518221925501
-16.7708333333333 0.0113304056627441
-16.0416666666667 0.0174704203584403
-15.3125 0.0163174457604065
-14.5833333333333 0.00786450291082791
-13.8541666666667 0.00836066856377847
-13.125 0.00860772495375912
-12.3958333333333 0.00455251228192378
-11.6666666666667 0.00417971300766587
-10.9375 0.00878966030974586
-10.2083333333333 0.00956657492217039
-9.47916666666667 0.00352148242247525
-8.75000000000001 0.00815959421487071
-8.02083333333334 0.0155329990877334
-7.29166666666667 0.0108160998079027
-6.56250000000001 0.00894322733866347
-5.83333333333334 0.0137218612851162
-5.10416666666667 0.019258855468156
-4.37500000000001 0.0221090112814897
-3.64583333333334 0.0281557974645656
-2.91666666666667 0.0369220146575149
-2.18750000000001 0.0350742647620261
-1.45833333333334 0.0245430646945293
-0.729166666666673 0.021651382292934
-6.66133814775094e-15 0.0222414299738994
0.72916666666666 0.0215610984975658
1.45833333333333 0.0242825572513854
2.18749999999999 0.0347551801201635
2.91666666666666 0.0367720333838448
3.64583333333333 0.0280923110137055
4.37499999999999 0.0220376879539385
5.10416666666666 0.0191819631287835
5.83333333333333 0.0136398519525778
6.56249999999999 0.00883664444570692
7.29166666666666 0.0106421789257544
8.02083333333333 0.0153836301966325
8.74999999999999 0.00811128572298467
9.47916666666666 0.00340683743064026
10.2083333333333 0.00950388234415736
10.9375 0.00881511813087316
11.6666666666667 0.00420385948514675
12.3958333333333 0.00457546975475968
13.125 0.00865668362979896
13.8541666666667 0.00851041138818651
14.5833333333333 0.00807345529801654
15.3125 0.0165097694437575
16.0416666666667 0.0177016822782661
16.7708333333333 0.0114987575702187
17.5 0.0118498207724467
18.2291666666667 0.0156439064592746
18.9583333333333 0.0215975576374463
19.6875 0.0312480242645353
20.4166666666667 0.0353166885527052
21.1458333333333 0.0277819844885701
21.875 0.0187417147272417
22.6041666666667 0.0155119855532201
23.3333333333333 0.014865645811531
24.0625 0.0205938655734179
24.7916666666667 0.0285096289761059
25.5208333333333 0.0241896755021851
26.25 0.0178111886661217
26.9791666666667 0.0158591551764301
27.7083333333333 0.0127386826187606
28.4375 0.00805007430846257
29.1666666666667 0.0043897389364405
29.8958333333333 0.00223324345691631
30.625 0.00111507601654957
31.3541666666667 0.000555235742150949
32.0833333333333 0.00027986222602002
32.8125 0.000147274452462183
33.5416666666667 8.61731127437748e-05
34.2708333333333 5.98720046395818e-05
