-35 1.82092052535239e-07
-34.2708333333333 3.99923204535014e-06
-33.5416666666667 1.80833117184694e-05
-32.8125 5.20745618552213e-05
-32.0833333333333 0.000129529285179641
-31.3541666666667 0.000300729344395667
-30.625 0.000671456019980205
-29.8958333333333 0.0014589637284436
-29.1666666666667 0.0030665555057519
-28.4375 0.00595242818553158
-27.7083333333333 0.00983729628317503
-26.9791666666667 0.0120346597757521
-26.25 0.0113426589152554
-25.5208333333333 0.0152364602206345
-24.7916666666667 0.0211865972721378
-24.0625 0.0168658986295446
-23.3333333333333 0.0132948444548788
-22.6041666666667 0.0158175110417571
-21.875 0.0185459794691837
-21.1458333333333 0.0224069796168284
-20.4166666666667 0.0313337164158894
-19.6875 0.0354717673573861
-18.9583333333333 0.0272828280802148
-18.2291666666667 0.0206838502215568
-17.5 0.0210060366403872
-16.7708333333333 0.0223283180466717
-16.0416666666667 0.0285756499397025
-15.3125 0.0395235692049212
-14.5833333333333 0.0396963082714344
-13.8541666666667 0.0302697218124381
-13.125 0.0236675282733344
-12.3958333333333 0.0206052948203093
-11.6666666666667 0.0162351173055639
-10.9375 0.0142628265782513
-10.2083333333333 0.0200166810006156
-9.47916666666667 0.0224928293231017
-8.75000000000001 0.0159744202599185
-8.02083333333334 0.0132554987325506
-7.29166666666667 0.014376047469765
-6.56250000000001 0.0118955301362646
-5.83333333333334 0.00767114835294933
-5.10416666666667 0.00620231306466205
-4.37500000000001 0.00887949705839819
-3.64583333333334 0.00775404394368934
-2.91666666666667 0.00280472186087746
-2.18750000000001 0.00446654630322493
-1.45833333333334 0.00641277785937231
-0.729166666666673 0.00406591958462737
-6.66133814775094e-15 0.00252574443068684
0.72916666666666 0.00404489348317745
1.45833333333333 0.0063872810576532
2.18749999999999 0.00439982422688449
2.91666666666666 0.00272109712812613
3.64583333333333 0.00763569008142832
4.37499999999999 0.008690750824639
5.10416666666666 0.00604597049177806
5.83333333333333 0.00753080918898495
6.56249999999999 0.0117515632463264
7.29166666666666 0.0142307820389424
8.02083333333333 0.0131022960496531
8.74999999999999 0.0158466961165422
9.47916666666666 0.0223516427209405
10.2083333333333 0.0197840800272556
10.9375 0.0140796657948124
11.6666666666667 0.0161183484056621
12.3958333333333 0.020508389516614
13.125 0.0235625296824773
13.8541666666667 0.0301532130530282
14.5833333333333 0.0396119913056067
15.3125 0.0394810462626468
16.0416666666667 0.0285150533255236
16.7708333333333 0.0222844178354126
17.5 0.0209782599498452
18.2291666666667 0.020652252781662
18.9583333333333 0.027237354130096
19.6875 0.0354865309345077
20.4166666666667 0.0314385188072734
21.1458333333333 0.022504038213166
21.875 0.018598473819119
22.6041666666667 0.015852894310978
23.3333333333333 0.0132900236709372
24.0625 0.0168096552544856
24.7916666666667 0.0212264204067686
25.5208333333333 0.0153651569900801
26.25 0.0114288639161758
26.9791666666667 0.0120920675648742
27.7083333333333 0.00990629816988644
28.4375 0.00600775258347177
29.1666666666667 0.00309805771260601
29.8958333333333 0.00147334069735922
30.625 0.000677250765877229
31.3541666666667 0.000302974685149408
32.0833333333333 0.000130439914767597
32.8125 5.24626098685053e-05
33.5416666666667 1.82505901471469e-05
34.2708333333333 4.06179048481278e-06
