-35 9.54246240645946e-10
-34.2708333333333 1.25315830865044e-09
-33.5416666666667 2.47382888164435e-09
-32.8125 6.16361856982565e-09
-32.0833333333333 1.68879317081677e-08
-31.3541666666667 4.82247805766242e-08
-30.625 1.39432782942241e-07
-29.8958333333333 4.03920008363617e-07
-29.1666666666667 1.15548530898037e-06
-28.4375 3.16464572409506e-06
-27.7083333333333 7.86638112820349e-06
-26.9791666666667 1.52470711970399e-05
-26.25 1.94972439221771e-05
-25.5208333333333 2.07408368646075e-05
-24.7916666666667 2.1533312661246e-05
-24.0625 1.57277416981263e-05
-23.3333333333333 1.57479079658292e-05
-22.6041666666667 3.67509594784065e-05
-21.875 8.51701795891998e-05
-21.1458333333333 0.000139938932133978
-20.4166666666667 0.000158169707249217
-19.6875 0.000147981534660803
-18.9583333333333 0.000106481385871888
-18.2291666666667 7.87581330898473e-05
-17.5 0.000183649891112928
-16.7708333333333 0.000562543593305157
-16.0416666666667 0.00137751984805417
-15.3125 0.00224530307526282
-14.5833333333333 0.00219333295714031
-13.8541666666667 0.00122957583119423
-13.125 0.000475781887657903
-12.3958333333333 0.000985540196546961
-11.6666666666667 0.0040250316782291
-10.9375 0.0134043284888474
-10.2083333333333 0.034411445577505
-9.47916666666667 0.0578833128429797
-8.75000000000001 0.0580960058459489
-8.02083333333334 0.033931812852044
-7.29166666666667 0.0113919155476845
-6.56250000000001 0.00234150508223845
-5.83333333333334 0.00344572770859972
-5.10416666666667 0.0167766042753573
-4.37500000000001 0.0538510141876698
-3.64583333333334 0.110463425657792
-2.91666666666667 0.133179857500965
-2.18750000000001 0.0934269820174621
-1.45833333333334 0.0382658531483735
-0.729166666666673 0.00953169314080705
-6.66133814775094e-15 0.00231989892676132
0.72916666666666 0.00953169787076154
1.45833333333333 0.0382658708261592
2.18749999999999 0.0934270275194433
2.91666666666666 0.133179927584244
3.64583333333333 0.110463485349688
4.37499999999999 0.0538510420686555
5.10416666666666 0.0167766123994883
5.83333333333333 0.00344572867009043
6.56249999999999 0.00234150176091039
7.29166666666666 0.0113919029621719
8.02083333333333 0.0339317805695258
8.74999999999999 0.0580959558125
9.47916666666666 0.0578832682212397
10.2083333333333 0.0344114219538643
10.9375 0.0134043199460452
11.6666666666667 0.00402502925416274
12.3958333333333 0.00098553951801706
13.125 0.000475781049929907
13.8541666666667 0.00122957421477795
14.5833333333333 0.00219333112985123
15.3125 0.0022453012621185
16.0416666666667 0.00137751823230021
16.7708333333333 0.000562542678185944
17.5 0.000183649570548939
18.2291666666667 7.87581646563106e-05
18.9583333333333 0.000106481304650046
19.6875 0.000147980682102407
20.4166666666667 0.00015816861087289
21.1458333333333 0.000139938546441636
21.875 8.51702305571517e-05
22.6041666666667 3.67510344135256e-05
23.3333333333333 1.57480054580665e-05
24.0625 1.57279211283695e-05
24.7916666666667 2.15334488323623e-05
25.5208333333333 2.07408524176558e-05
26.25 1.94973520538694e-05
26.9791666666667 1.52472540352531e-05
27.7083333333333 7.86649853930867e-06
28.4375 3.16469652383344e-06
29.1666666666667 1.1555054826549e-06
29.8958333333333 4.03927600603731e-07
30.625 1.39435606967261e-07
31.3541666666667 4.82254684979643e-08
32.0833333333333 1.68879519842554e-08
32.8125 6.16372185337669e-09
33.5416666666667 2.47381758636736e-09
34.2708333333333 1.25314074561498e-09
