-35 4.27028540063265e-09
-34.2708333333333 5.53874358715806e-09
-33.5416666666667 1.06781925587679e-08
-32.8125 2.59467142358543e-08
-32.0833333333333 6.98709509335756e-08
-31.3541666666667 1.95616519112575e-07
-30.625 5.52314812797918e-07
-29.8958333333333 1.55222267937592e-06
-29.1666666666667 4.26129845489747e-06
-28.4375 1.09880854886355e-05
-27.7083333333333 2.49131924054264e-05
-26.9791666666667 4.11319626211301e-05
-26.25 3.68981166816938e-05
-25.5208333333333 2.99400345849706e-05
-24.7916666666667 4.75934096383745e-05
-24.0625 4.87276227861393e-05
-23.3333333333333 5.09869654604565e-05
-22.6041666666667 0.000102253200300758
-21.875 0.000199815261546495
-21.1458333333333 0.000236216494338503
-20.4166666666667 0.000171473405507967
-19.6875 0.000218642194435191
-18.9583333333333 0.000267726914433798
-18.2291666666667 0.000242611625653297
-17.5 0.000434904977792104
-16.7708333333333 0.000985532268338297
-16.0416666666667 0.00161079821467268
-15.3125 0.00157072991331401
-14.5833333333333 0.00147004613708446
-13.8541666666667 0.00161121001618987
-13.125 0.0012300248728355
-12.3958333333333 0.00169452326738119
-11.6666666666667 0.00493595938048778
-10.9375 0.0139827434099415
-10.2083333333333 0.0313865949469305
-9.47916666666667 0.0484083613983761
-8.75000000000001 0.0487495842640987
-8.02083333333334 0.0313421274735312
-7.29166666666667 0.0124267777806612
-6.56250000000001 0.00362110237303116
-5.83333333333334 0.00465785913670221
-5.10416666666667 0.0184190004480504
-4.37500000000001 0.0562602646133547
-3.64583333333334 0.113318072046971
-2.91666666666667 0.136251923372697
-2.18750000000001 0.0965451730585901
-1.45833333333334 0.0405350740631877
-0.729166666666673 0.0108530871298423
-6.66133814775094e-15 0.00331963423297314
0.72916666666666 0.0108535746981647
1.45833333333333 0.0405360980908153
2.18749999999999 0.0965456090572356
2.91666666666666 0.136250457620512
3.64583333333333 0.113316177494256
4.37499999999999 0.0562595063942228
5.10416666666666 0.0184189199542969
5.83333333333333 0.0046581391212666
6.56249999999999 0.00362230646712371
7.29166666666666 0.0124300415908668
8.02083333333333 0.0313476417824341
8.74999999999999 0.0487558218225587
9.47916666666666 0.0484151015929102
10.2083333333333 0.0313926616600637
10.9375 0.0139862481343217
11.6666666666667 0.00493740401987661
12.3958333333333 0.00169500135798397
13.125 0.0012301322848559
13.8541666666667 0.00161138337549133
14.5833333333333 0.00147059321776167
15.3125 0.00157131680928319
16.0416666666667 0.00161103791761894
16.7708333333333 0.000985571538726135
17.5 0.00043488302217422
18.2291666666667 0.000242471299870772
18.9583333333333 0.000267464760513288
19.6875 0.000218537212777728
20.4166666666667 0.000171471262832091
21.1458333333333 0.000236034041070874
21.875 0.000199593941773006
22.6041666666667 0.000102128399559161
23.3333333333333 5.09153123743866e-05
24.0625 4.86574207612903e-05
24.7916666666667 4.75549315566023e-05
25.5208333333333 2.99471416614173e-05
26.25 3.68735874749751e-05
26.9791666666667 4.10778241272275e-05
27.7083333333333 2.48764724087864e-05
28.4375 1.09710938241349e-05
29.1666666666667 4.2548226868345e-06
29.8958333333333 1.54981022385026e-06
30.625 5.51323622604228e-07
31.3541666666667 1.95169940783927e-07
32.0833333333333 6.96380705125212e-08
32.8125 2.58173677314662e-08
33.5416666666667 1.05827214816571e-08
34.2708333333333 5.49626432401357e-09
