-35 2.59054174854575e-10
-34.2708333333333 7.50421467747727e-10
-33.5416666666667 2.8683606565299e-09
-32.8125 9.62543146595443e-09
-32.0833333333333 3.0786631895084e-08
-31.3541666666667 9.63612921392728e-08
-30.625 2.98530266973482e-07
-29.8958333333333 9.08211242770548e-07
-29.1666666666667 2.69665491617773e-06
-28.4375 7.53687916656947e-06
-27.7083333333333 1.86151633345604e-05
-26.9791666666667 3.31854632522112e-05
-26.25 3.28531380932623e-05
-25.5208333333333 2.91052601627312e-05
-24.7916666666667 3.87509299266589e-05
-24.0625 3.61568646883908e-05
-23.3333333333333 4.5642059599398e-05
-22.6041666666667 0.000112478716392531
-21.875 0.0002635276156188
-21.1458333333333 0.000433174155851927
-20.4166666666667 0.000473401103377524
-19.6875 0.000429946063427327
-18.9583333333333 0.000349597906005616
-18.2291666666667 0.000397291426464201
-17.5 0.000922036530556775
-16.7708333333333 0.00209382808150352
-16.0416666666667 0.00306880340188564
-15.3125 0.00213745593873741
-14.5833333333333 0.00183276284434771
-13.8541666666667 0.00301859310691569
-13.125 0.00247822769719105
-12.3958333333333 0.00257383274711533
-11.6666666666667 0.00722522541947291
-10.9375 0.0219476221831781
-10.2083333333333 0.0524899079232182
-9.47916666666667 0.084246475768929
-8.75000000000001 0.085292379102694
-8.02083333333334 0.0540450501408904
-7.29166666666667 0.0218867769531356
-6.56250000000001 0.00773528867056854
-5.83333333333334 0.00884648402501401
-5.10416666666667 0.0232024514597701
-4.37500000000001 0.0473582826618113
-3.64583333333334 0.0617560575378426
-2.91666666666667 0.0633870589527802
-2.18750000000001 0.0606981124570715
-1.45833333333334 0.0409711440079312
-0.729166666666673 0.018539264807028
-6.66133814775094e-15 0.0105179375032199
0.72916666666666 0.0185391269952418
1.45833333333333 0.0409707824338876
2.18749999999999 0.0606974224169521
2.91666666666666 0.0633860895026543
3.64583333333333 0.061755196542167
4.37499999999999 0.0473578414557949
5.10416666666666 0.0232023258091357
5.83333333333333 0.00884647309449616
6.56249999999999 0.00773527656350328
7.29166666666666 0.0218866659511652
8.02083333333333 0.0540446944434101
8.74999999999999 0.0852917989436976
9.47916666666666 0.0842459535368713
10.2083333333333 0.0524896582347983
10.9375 0.0219475551785071
11.6666666666667 0.00722521795888219
12.3958333333333 0.00257378053901371
13.125 0.00247806810403989
13.8541666666667 0.00301846226646692
14.5833333333333 0.00183284973320944
15.3125 0.00213749714872444
16.0416666666667 0.00306865187815834
16.7708333333333 0.0020936881680376
17.5 0.000921973567732945
18.2291666666667 0.000397269221174363
18.9583333333333 0.00034958510460365
19.6875 0.000429920898781084
20.4166666666667 0.000473368174659716
21.1458333333333 0.000433150644334684
21.875 0.000263515961474278
22.6041666666667 0.000112472489500185
23.3333333333333 4.5636840893016e-05
24.0625 3.61514003071057e-05
24.7916666666667 3.8748622532147e-05
25.5208333333333 2.91082753515031e-05
26.25 3.28537389203977e-05
26.9791666666667 3.31821310937194e-05
27.7083333333333 1.86125674805418e-05
28.4375 7.53557519314091e-06
29.1666666666667 2.69602037948981e-06
29.8958333333333 9.07908847791235e-07
30.625 2.98403482272324e-07
31.3541666666667 9.6292907144847e-08
32.0833333333333 3.07502617043405e-08
32.8125 9.61363653629521e-09
33.5416666666667 2.8629367377885e-09
34.2708333333333 7.47489882666141e-10
