-35 1.92699300367205e-10
-34.2708333333333 4.19913022199391e-10
-33.5416666666667 1.43864435526651e-09
-32.8125 4.71374118760218e-09
-32.0833333333333 1.52292891344584e-08
-31.3541666666667 4.87645633567759e-08
-30.625 1.5561587443048e-07
-29.8958333333333 4.89753149480599e-07
-29.1666666666667 1.51386601977505e-06
-28.4375 4.47568294851233e-06
-27.7083333333333 1.20720166525181e-05
-26.9791666666667 2.56505821698969e-05
-26.25 3.59732507030981e-05
-25.5208333333333 3.72362749195298e-05
-24.7916666666667 3.42177939692986e-05
-24.0625 2.91340179671731e-05
-23.3333333333333 4.73054170788437e-05
-22.6041666666667 0.000117838906373454
-21.875 0.000246644281607848
-21.1458333333333 0.000323017050066778
-20.4166666666667 0.000266982199116786
-19.6875 0.000293897902450771
-18.9583333333333 0.00032512323102077
-18.2291666666667 0.000318932556468545
-17.5 0.000621579321365079
-16.7708333333333 0.00140814227827293
-16.0416666666667 0.00217045942789721
-15.3125 0.00172561169203581
-14.5833333333333 0.00147378071109952
-13.8541666666667 0.00207237263160989
-13.125 0.00167708618115851
-12.3958333333333 0.00194401388052677
-11.6666666666667 0.00582450386616478
-10.9375 0.0182280834957709
-10.2083333333333 0.0451884787098675
-9.47916666666667 0.0749528712470249
-8.75000000000001 0.0767295123292241
-8.02083333333334 0.0479807094755816
-7.29166666666667 0.0189026313591252
-6.56250000000001 0.00650272108905673
-5.83333333333334 0.0076684829888355
-5.10416666666667 0.0215503767669009
-4.37500000000001 0.049276884498838
-3.64583333333334 0.0762564515755157
-2.91666666666667 0.0849214820815993
-2.18750000000001 0.0722597069079307
-1.45833333333334 0.0421639796458907
-0.729166666666673 0.01739777296251
-6.66133814775094e-15 0.00939839461037997
0.72916666666666 0.0173974591357199
1.45833333333333 0.0421632679600893
2.18749999999999 0.0722587272079535
2.91666666666666 0.084920515133449
3.64583333333333 0.0762555127805979
4.37499999999999 0.0492761630652536
5.10416666666666 0.0215500347679684
5.83333333333333 0.00766833077470819
6.56249999999999 0.00650251939006408
7.29166666666666 0.0189022531517908
8.02083333333333 0.0479804640112269
8.74999999999999 0.076729829108885
9.47916666666666 0.0749530999285856
10.2083333333333 0.0451881445734095
10.9375 0.0182276844059786
11.6666666666667 0.00582429359258618
12.3958333333333 0.00194393513027115
13.125 0.00167705731954709
13.8541666666667 0.00207233502404827
14.5833333333333 0.00147370815290439
15.3125 0.00172554109684482
16.0416666666667 0.00217042514344118
16.7708333333333 0.00140813166218366
17.5 0.000621575116772132
18.2291666666667 0.000318931224625382
18.9583333333333 0.000325125005420633
19.6875 0.000293903082378755
20.4166666666667 0.000266988813185071
21.1458333333333 0.000323021071712184
21.875 0.000246646254642113
22.6041666666667 0.000117839700710814
23.3333333333333 4.73048011403958e-05
24.0625 2.91316214313466e-05
24.7916666666667 3.42162270609504e-05
25.5208333333333 3.72381686974424e-05
26.25 3.59738896642e-05
26.9791666666667 2.56483134153844e-05
27.7083333333333 1.20702851253351e-05
28.4375 4.47498351784494e-06
29.1666666666667 1.51363992946363e-06
29.8958333333333 4.89679569317089e-07
30.625 1.55590091474885e-07
31.3541666666667 4.87555050453359e-08
32.0833333333333 1.52247285144897e-08
32.8125 4.71210033748359e-09
33.5416666666667 1.43815433366239e-09
34.2708333333333 4.1991450078543e-10
