-35 2.07067213340825e-10
-34.2708333333333 5.40507112495121e-10
-33.5416666666667 2.05609620548641e-09
-32.8125 6.91172285733081e-09
-32.0833333333333 2.19047303297758e-08
-31.3541666666667 6.82068239112233e-08
-30.625 2.10141479729883e-07
-29.8958333333333 6.40086600030341e-07
-29.1666666666667 1.91542067349967e-06
-28.4375 5.45927427376228e-06
-27.7083333333333 1.40256788853288e-05
-26.9791666666667 2.75572404442286e-05
-26.25 3.3896845438922e-05
-25.5208333333333 3.27594207496092e-05
-24.7916666666667 3.3856312081545e-05
-24.0625 3.08119516504831e-05
-23.3333333333333 4.84235768202592e-05
-22.6041666666667 0.000125123124930675
-21.875 0.000286535877014241
-21.1458333333333 0.000451063614695199
-20.4166666666667 0.000474127823939819
-19.6875 0.000447386095140508
-18.9583333333333 0.000381428784999256
-18.2291666666667 0.0003990979121371
-17.5 0.00087559659862606
-16.7708333333333 0.00197815225600687
-16.0416666666667 0.00287564187520708
-15.3125 0.00191808895141391
-14.5833333333333 0.00159952190464858
-13.8541666666667 0.00278427043728484
-13.125 0.00226446862369917
-12.3958333333333 0.00219754405324263
-11.6666666666667 0.00641288808131076
-10.9375 0.0207835385619095
-10.2083333333333 0.0526409836593746
-9.47916666666667 0.0874052618852437
-8.75000000000001 0.0877543875572775
-8.02083333333334 0.0528326756915498
-7.29166666666667 0.0199583799201964
-6.56250000000001 0.00701188907568129
-5.83333333333334 0.00917774595253765
-5.10416666666667 0.0240979220525872
-4.37500000000001 0.0470441990408015
-3.64583333333334 0.0568805976212854
-2.91666666666667 0.0559151126147902
-2.18750000000001 0.056491719943057
-1.45833333333334 0.0402039328334005
-0.729166666666673 0.0183997155053457
-6.66133814775094e-15 0.00966030567995608
0.72916666666666 0.0172992082585329
1.45833333333333 0.0449774052921939
2.18749999999999 0.0846700777258594
2.91666666666666 0.105352727441815
3.64583333333333 0.0908594345398794
4.37499999999999 0.0532780902235329
5.10416666666666 0.021499366109127
5.83333333333333 0.00738472134879919
6.56249999999999 0.00669345036337815
7.29166666666666 0.0187306724699515
8.02083333333333 0.0434378539378646
8.74999999999999 0.0644223584148597
9.47916666666666 0.0620095172880751
10.2083333333333 0.0395243787024979
10.9375 0.0174136851690326
11.6666666666667 0.00608491832847734
12.3958333333333 0.00215434994770846
13.125 0.00174467090680234
13.8541666666667 0.00218219248663569
14.5833333333333 0.00171595687582223
15.3125 0.00190192333142125
16.0416666666667 0.00220435497321227
16.7708333333333 0.00139842194446489
17.5 0.000606219078056004
18.2291666666667 0.000284245605750319
18.9583333333333 0.000270994882165959
19.6875 0.00027681918536416
20.4166666666667 0.000273034926365728
21.1458333333333 0.000293292730089254
21.875 0.000207729824717108
22.6041666666667 9.64033693470359e-05
23.3333333333333 4.03406754710325e-05
24.0625 3.05380628636905e-05
24.7916666666667 3.38450675246603e-05
25.5208333333333 2.96593225385901e-05
26.25 3.23395939434384e-05
26.9791666666667 2.9160015490758e-05
27.7083333333333 1.56585008988179e-05
28.4375 6.25752659501314e-06
29.1666666666667 2.22817317125056e-06
29.8958333333333 7.48448943809553e-07
30.625 2.4557891360854e-07
31.3541666666667 7.91274062149938e-08
32.0833333333333 2.53166329803416e-08
32.8125 7.92813992620196e-09
33.5416666666667 2.39237992595671e-09
34.2708333333333 6.30532956345312e-10
