-35 1.11038658080327e-09
-34.2708333333333 1.4518401133908e-09
-33.5416666666667 2.89439951256789e-09
-32.8125 7.29246500083016e-09
-32.0833333333333 2.02841775683504e-08
-31.3541666666667 5.85033525842428e-08
-30.625 1.70118029048675e-07
-29.8958333333333 4.91189732015076e-07
-29.1666666666667 1.38438092188841e-06
-28.4375 3.67210720889099e-06
-27.7083333333333 8.63417296688536e-06
-26.9791666666667 1.50774071190203e-05
-26.25 1.53941203526379e-05
-25.5208333333333 1.41212359224726e-05
-24.7916666666667 1.92337090368948e-05
-24.0625 1.89980416215508e-05
-23.3333333333333 2.29129836074342e-05
-22.6041666666667 4.95703605820118e-05
-21.875 9.93633078331034e-05
-21.1458333333333 0.000123016953781361
-20.4166666666667 9.57356107902187e-05
-19.6875 0.00011389021651386
-18.9583333333333 0.000131949213188468
-18.2291666666667 0.000122276489240497
-17.5 0.000232641733747641
-16.7708333333333 0.00056169710504855
-16.0416666666667 0.00102858825159156
-15.3125 0.00121489705164146
-14.5833333333333 0.00116406138991733
-13.8541666666667 0.00103630425263952
-13.125 0.000786000723397338
-12.3958333333333 0.00137065095216997
-11.6666666666667 0.00431303705716156
-10.9375 0.0128307316180266
-10.2083333333333 0.030552127168724
-9.47916666666667 0.0494630891711124
-8.75000000000001 0.050547108112924
-8.02083333333334 0.0318149490927517
-7.29166666666667 0.0123223309317741
-6.56250000000001 0.00373454576586654
-5.83333333333334 0.00483329573186196
-5.10416666666667 0.0183085828731595
-4.37500000000001 0.0557471307687177
-3.64583333333334 0.113210254335438
-2.91666666666667 0.137860434533556
-2.18750000000001 0.0990974961703671
-1.45833333333334 0.0424146455723832
-0.729166666666673 0.0119998142142046
-6.66133814775094e-15 0.00406020331397839
0.72916666666666 0.0111026634394914
1.45833333333333 0.039875767471155
2.18749999999999 0.0951775127565276
2.91666666666666 0.135840884104394
3.64583333333333 0.114355404486547
4.37499999999999 0.0572904968503066
5.10416666666666 0.0189812675961172
5.83333333333333 0.00500257319962823
6.56249999999999 0.00364012331410536
7.29166666666666 0.0117765489178308
8.02083333333333 0.0305188858000762
8.74999999999999 0.0493146859948176
9.47916666666666 0.0496081312119749
10.2083333333333 0.0314213036648601
10.9375 0.0133883972534183
11.6666666666667 0.00452622716323017
12.3958333333333 0.00143856919510286
13.125 0.000796823566528073
13.8541666666667 0.00102006513355735
14.5833333333333 0.0011504046439015
15.3125 0.00121399540763941
16.0416666666667 0.00102926418208518
16.7708333333333 0.000561891414882202
17.5 0.000231219899152451
18.2291666666667 0.000115202302053398
18.9583333333333 0.00012062075781899
19.6875 0.000110337677241726
20.4166666666667 9.55479597313731e-05
21.1458333333333 0.00011478242726397
21.875 8.94542045331163e-05
22.6041666666667 4.36158136194235e-05
23.3333333333333 1.99191865719758e-05
24.0625 1.7414385124004e-05
24.7916666666667 1.87711365677111e-05
25.5208333333333 1.43006178506501e-05
26.25 1.54467774041093e-05
26.9791666666667 1.50624146117457e-05
27.7083333333333 8.61707267349485e-06
28.4375 3.65116881166104e-06
29.1666666666667 1.37324035324503e-06
29.8958333333333 4.87153663498424e-07
30.625 1.69059657308793e-07
31.3541666666667 5.83157718519952e-08
32.0833333333333 2.0315984406873e-08
32.8125 7.33966374627882e-09
33.5416666666667 2.92403790787698e-09
34.2708333333333 1.4630039832488e-09
