-18 0.00010716801036984
-17.3571428571429 0.000119303258661836
-16.7142857142857 0.000161875562588532
-16.0714285714286 0.000255920964357373
-15.4285714285714 0.000446080921806748
-14.7857142857143 0.000818661422078029
-14.1428571428571 0.00153542318883258
-13.5 0.00289968625322567
-12.8571428571429 0.00542148304925485
-12.2142857142857 0.00976879156620101
-11.5714285714286 0.0162549235271265
-10.9285714285714 0.0235554094708457
-10.2857142857143 0.0273775900448544
-9.64285714285714 0.0257526021450406
-9 0.0289800199282719
-8.35714285714285 0.0404970459727373
-7.71428571428571 0.0428001781823364
-7.07142857142857 0.0319183902086862
-6.42857142857143 0.028261701038339
-5.78571428571428 0.0336624381368988
-5.14285714285714 0.0396711120767305
-4.5 0.0431770565273881
-3.85714285714285 0.0517910342487392
-3.21428571428571 0.0682170635906435
-2.57142857142857 0.0753942003387565
-1.92857142857143 0.0629548367567739
-1.28571428571428 0.0478045306228848
-0.64285714285714 0.0451350751578554
3.10862446895044e-15 0.0461834167009927
0.642857142857146 0.045135078256675
1.28571428571429 0.0478045147656721
1.92857142857143 0.0629547987958098
2.57142857142857 0.0753941932198573
3.21428571428572 0.0682170954918356
3.85714285714286 0.0517910662029399
4.5 0.0431770651004381
5.14285714285715 0.0396711189692888
5.78571428571429 0.0336624511208654
6.42857142857143 0.0282617079219144
7.07142857142857 0.0319183737333115
7.71428571428572 0.0428001593581261
8.35714285714286 0.0404970630618844
9 0.0289800425055054
9.64285714285715 0.0257526023592093
10.2857142857143 0.0273775858842918
10.9285714285714 0.0235554161986164
11.5714285714286 0.0162549351401436
12.2142857142857 0.00976880231993527
12.8571428571429 0.00542149126969302
13.5 0.00289969222864377
14.1428571428571 0.00153542771168638
14.7857142857143 0.000818665112757377
15.4285714285714 0.000446084086204064
16.0714285714286 0.000255923645452411
16.7142857142857 0.000161877654779006
17.3571428571429 0.000119304566745933
