-18 0.00011257466900789
-17.3571428571429 0.000123408516219264
-16.7142857142857 0.000161748121204897
-16.0714285714286 0.000244652082885932
-15.4285714285714 0.00040782427189109
-14.7857142857143 0.000719007816479412
-14.1428571428571 0.00130119859824653
-13.5 0.00237443058893226
-12.8571428571429 0.00428585357615818
-12.2142857142857 0.00745968469522728
-11.5714285714286 0.0120697933143285
-10.9285714285714 0.017334495890539
-10.2857142857143 0.0209375105338057
-9.64285714285714 0.0224147280868752
-9 0.0276066702582514
-8.35714285714285 0.0354456595979017
-7.71428571428571 0.0346275232744917
-7.07142857142857 0.0270889236799509
-6.42857142857143 0.0279898147146958
-5.78571428571428 0.0355498959892532
-5.14285714285714 0.0418844594978592
-4.5 0.0457628712775079
-3.85714285714285 0.0570855404504916
-3.21428571428571 0.0775831208521737
-2.57142857142857 0.084866469649606
-1.92857142857143 0.068840004690463
-1.28571428571428 0.0516085691069261
-0.64285714285714 0.0498306959767201
3.10862446895044e-15 0.051788020107384
0.642857142857146 0.0497227138057231
1.28571428571429 0.0498981318651348
1.92857142857143 0.0652991028275912
2.57142857142857 0.0834641599305877
3.21428571428572 0.0795964764945769
3.85714285714286 0.0597353518330668
4.5 0.0465604653788236
5.14285714285715 0.0418453595074768
5.78571428571429 0.0354899920802927
6.42857142857143 0.0275609127164773
7.07142857142857 0.0253875508012818
7.71428571428572 0.0324283253187297
8.35714285714286 0.0349562650383205
9 0.0278452470020754
9.64285714285715 0.0219555242696819
10.2857142857143 0.020246199659261
10.9285714285714 0.0170025102749351
11.5714285714286 0.0119543536815825
12.2142857142857 0.00742522495348436
12.8571428571429 0.00428517213106208
13.5 0.00238772532459839
14.1428571428571 0.00131746380335737
14.7857142857143 0.00073221973976887
15.4285714285714 0.000416385794465519
16.0714285714286 0.000249306654911816
16.7142857142857 0.000163989198063997
17.3571428571429 0.000124275584746217
