-18 0.000128144120635591
-17.3571428571429 0.000140156131841205
-16.7142857142857 0.000181470702495716
-16.0714285714286 0.000269550278933842
-15.4285714285714 0.000440187966131407
-14.7857142857143 0.000759664183713908
-14.1428571428571 0.00134596851420504
-13.5 0.00240721834898368
-12.8571428571429 0.00426635772759887
-12.2142857142857 0.00730519345691946
-11.5714285714286 0.0116397769912771
-10.9285714285714 0.0164476883370476
-10.2857142857143 0.0195433260525079
-9.64285714285714 0.021096259778207
-9 0.0271184215290843
-8.35714285714285 0.0351066038862419
-7.71428571428571 0.0335692495689218
-7.07142857142857 0.0264641050743709
-6.42857142857143 0.0284214595352677
-5.78571428571428 0.0363277561353289
-5.14285714285714 0.0422109853630308
-4.5 0.0455631949424437
-3.85714285714285 0.0574427001873895
-3.21428571428571 0.0785409132549669
-2.57142857142857 0.084663722345071
-1.92857142857143 0.067168031132031
-1.28571428571428 0.0511361765290826
-0.64285714285714 0.051244259616708
3.10862446895044e-15 0.0537866481709006
0.642857142857146 0.0512442584434569
1.28571428571429 0.0511361775959904
1.92857142857143 0.0671680340600346
2.57142857142857 0.084663718707645
3.21428571428572 0.0785409035150238
3.85714285714286 0.0574426924218733
4.5 0.0455631926574454
5.14285714285715 0.0422109848576964
5.78571428571429 0.0363277565252292
6.42857142857143 0.02842146151615
7.07142857142857 0.0264641074030636
7.71428571428572 0.0335692466072962
8.35714285714286 0.0351065978796265
9 0.0271184196873699
9.64285714285715 0.021096258913652
10.2857142857143 0.0195433216244441
10.9285714285714 0.016447683666218
11.5714285714286 0.0116397745282292
12.2142857142857 0.00730519279335173
12.8571428571429 0.00426635817377121
13.5 0.00240721928761151
14.1428571428571 0.00134596971650379
14.7857142857143 0.000759665519824971
15.4285714285714 0.000440189363811191
16.0714285714286 0.000269551592797577
16.7142857142857 0.000181471786787893
17.3571428571429 0.000140156849325372
