-18 1.72337681775394e-06
-17.3571428571429 4.33470835972588e-05
-16.7142857142857 0.000179770437700353
-16.0714285714286 0.000455866500656735
-15.4285714285714 0.000960707509955485
-14.7857142857143 0.00184465380267073
-14.1428571428571 0.00335261008847881
-13.5 0.00589524347662764
-12.8571428571429 0.0100942523333569
-12.2142857142857 0.016618901869332
-11.5714285714286 0.0254968917048322
-10.9285714285714 0.0352914292959236
-10.2857142857143 0.0446296643875942
-9.64285714285714 0.0573339245696335
-9 0.0738017803814324
-8.35714285714285 0.0800942347367981
-7.71428571428571 0.0658119339329057
-7.07142857142857 0.0439333543710618
-6.42857142857143 0.0315948656248465
-5.78571428571428 0.0259080105535645
-5.14285714285714 0.0263220361243845
-4.5 0.0382950103891239
-3.85714285714285 0.0511483185568394
-3.21428571428571 0.0405234820000846
-2.57142857142857 0.0265382517845001
-1.92857142857143 0.0275202066136419
-1.28571428571428 0.0254809442425442
-0.64285714285714 0.0143878233196783
3.10862446895044e-15 0.00852351138056045
0.642857142857146 0.0146391185891442
1.28571428571429 0.025683468322052
1.92857142857143 0.0274123975253087
2.57142857142857 0.0265600057539041
3.21428571428572 0.0407822916959638
3.85714285714286 0.0508917297810562
4.5 0.0377224153977039
5.14285714285715 0.0260791578449484
5.78571428571429 0.0259492431146288
6.42857142857143 0.0318316971674711
7.07142857142857 0.0444794991932528
7.71428571428572 0.0665330142201545
8.35714285714286 0.0803671329029469
9 0.0735959983837535
9.64285714285715 0.057017860952992
10.2857142857143 0.0444434794025375
10.9285714285714 0.0351244451961883
11.5714285714286 0.0253219789487177
12.2142857142857 0.0164734457201035
12.8571428571429 0.00999227197517942
13.5 0.00582970971895592
14.1428571428571 0.00331186321939635
14.7857142857143 0.00181986468876498
15.4285714285714 0.000946103964890948
16.0714285714286 0.000447659051950729
16.7142857142857 0.000175454453431883
17.3571428571429 4.14979210077609e-05
