-18 0.000109397593021736
-17.3571428571429 0.000120132349391553
-16.7142857142857 0.000157210968494878
-16.0714285714286 0.00023677565333693
-15.4285714285714 0.000392203526054639
-14.7857142857143 0.000685789935608943
-14.1428571428571 0.0012294552946555
-13.5 0.00222129592227417
-12.8571428571429 0.00397087997095162
-12.2142857142857 0.00685114288895999
-11.5714285714286 0.0110043783316131
-10.9285714285714 0.0157182852753698
-10.2857142857143 0.0190307276910584
-9.64285714285714 0.021036389031476
-9 0.0265476097387302
-8.35714285714285 0.0329783886995374
-7.71428571428571 0.0309469927652051
-7.07142857142857 0.0249718653894102
-6.42857142857143 0.0278363749391278
-5.78571428571428 0.0361989602883505
-5.14285714285714 0.0426934604634114
-4.5 0.047103015089957
-3.85714285714285 0.0599149260932821
-3.21428571428571 0.0807723735494624
-2.57142857142857 0.0860976219027164
-1.92857142857143 0.0682555748271962
-1.28571428571428 0.0520150840473033
-0.64285714285714 0.0517081929316858
3.10862446895044e-15 0.0540555595469305
0.642857142857146 0.051708198883786
1.28571428571429 0.0520151340682807
1.92857142857143 0.0682556733458446
2.57142857142857 0.0860976652034498
3.21428571428572 0.080772328160347
3.85714285714286 0.0599148616534705
4.5 0.0471029963320926
5.14285714285715 0.042693466186125
5.78571428571429 0.0361989717648653
6.42857142857143 0.027836398905633
7.07142857142857 0.0249719207454589
7.71428571428572 0.0309470580851418
8.35714285714286 0.0329784170472994
9 0.0265476278750852
9.64285714285715 0.0210364188849959
10.2857142857143 0.0190307513197523
10.9285714285714 0.0157182975953164
11.5714285714286 0.0110043867971105
12.2142857142857 0.00685114962704606
12.8571428571429 0.00397088531259347
13.5 0.00222130001899919
14.1428571428571 0.00122945870650498
14.7857142857143 0.000685793045787384
15.4285714285714 0.000392206436751979
16.0714285714286 0.000236778231106374
16.7142857142857 0.000157213005845297
17.3571428571429 0.000120133612290194
