-18 0.000120483296520821
-17.3571428571429 0.000132457399300385
-16.7142857142857 0.000173727729444057
-16.0714285714286 0.000262473699936968
-15.4285714285714 0.000436231910647931
-14.7857142857143 0.000765195114595273
-14.1428571428571 0.00137588364605548
-13.5 0.00249524511309862
-12.8571428571429 0.00448378103316169
-12.2142857142857 0.00778176066717956
-11.5714285714286 0.0125499995992286
-10.9285714285714 0.0178857955295934
-10.2857142857143 0.0212338159616516
-9.64285714285714 0.0223807804315266
-9 0.0280974667019327
-8.35714285714285 0.036828317257952
-7.71428571428571 0.0357451013111973
-7.07142857142857 0.0273955506585257
-6.42857142857143 0.0279206137547098
-5.78571428571428 0.0352817800220802
-5.14285714285714 0.0413843693011099
-4.5 0.0451330189202558
-3.85714285714285 0.0566639762716865
-3.21428571428571 0.0768772783404791
-2.57142857142857 0.0831831382600284
-1.92857142857143 0.0665401727227626
-1.28571428571428 0.0501560596719859
-0.64285714285714 0.0491276556590387
3.10862446895044e-15 0.0511370629093496
0.642857142857146 0.0491285314938817
1.28571428571429 0.0501839201030723
1.92857142857143 0.0665977000767393
2.57142857142857 0.0832044681427439
3.21428571428572 0.0768581355365459
3.85714285714286 0.0566483896137625
4.5 0.045134363563658
5.14285714285715 0.0413693768854165
5.78571428571429 0.0352485896180511
6.42857142857143 0.0278880869680879
7.07142857142857 0.0273794718688751
7.71428571428572 0.0357194942945766
8.35714285714286 0.0367730406207653
9 0.0280534559478944
9.64285714285715 0.0223627890852188
10.2857142857143 0.0212143714280825
10.9285714285714 0.0178574416755124
11.5714285714286 0.0125235618654866
12.2142857142857 0.00776268230280173
12.8571428571429 0.0044718905007499
13.5 0.00248842616205187
14.1428571428571 0.00137213847774402
14.7857142857143 0.000763178315326034
15.4285714285714 0.000435158375492276
16.0714285714286 0.00026191207561123
16.7142857142857 0.000173446652667451
17.3571428571429 0.000132341009699614
