-18 1.17309593397021e-07
-17.3571428571429 4.04650811005715e-07
-16.7142857142857 1.62997294502299e-06
-16.0714285714286 5.05417957311803e-06
-15.4285714285714 1.42727783420363e-05
-14.7857142857143 3.9449084256317e-05
-14.1428571428571 0.000108431552885371
-13.5 0.000299187683126465
-12.8571428571429 0.000824491333263985
-12.2142857142857 0.00225611330758566
-11.5714285714286 0.00604079100044589
-10.9285714285714 0.0154131711891736
-10.2857142857143 0.0350781053828747
-9.64285714285714 0.0635203209972572
-9 0.0851949136044475
-8.35714285714285 0.0861103124419355
-7.71428571428571 0.0653414983799212
-7.07142857142857 0.0358497978450555
-6.42857142857143 0.0159083163879684
-5.78571428571428 0.0113914433218615
-5.14285714285714 0.0206871575085202
-4.5 0.0388807421660414
-3.85714285714285 0.0469218443902775
-3.21428571428571 0.0343393228967145
-2.57142857142857 0.0327294650223652
-1.92857142857143 0.0459994125795695
-1.28571428571428 0.0413419016358807
-0.64285714285714 0.0240877572218346
3.10862446895044e-15 0.0160029988115141
0.642857142857146 0.0230100160107759
1.28571428571429 0.0411929465537846
1.92857142857143 0.0506504674708413
2.57142857142857 0.0392728195821629
3.21428571428572 0.0376489579997102
3.85714285714286 0.0496989317816037
4.5 0.043246264486638
5.14285714285715 0.0237720881520886
5.78571428571429 0.0127070398616757
6.42857142857143 0.0167664829120205
7.07142857142857 0.0389343632156811
7.71428571428572 0.0757213896460768
8.35714285714286 0.106453624236897
9 0.10983905402918
9.64285714285715 0.0834145063932819
10.2857142857143 0.0463337434562178
10.9285714285714 0.0202398474994626
11.5714285714286 0.00780727099140594
12.2142857142857 0.00286169637817065
12.8571428571429 0.00102696454416047
13.5 0.000366356318937806
14.1428571428571 0.00013057923815475
14.7857142857143 4.67502082592858e-05
15.4285714285714 1.66941167394906e-05
16.0714285714286 5.87156071487055e-06
16.7142857142857 1.91086659822896e-06
17.3571428571429 4.93408271030479e-07
