-18 2.40582353099509e-08
-17.3571428571429 9.03255473694983e-08
-16.7142857142857 3.69903027693345e-07
-16.0714285714286 1.23527401856895e-06
-15.4285714285714 3.90405466679944e-06
-14.7857142857143 1.23910687940035e-05
-14.1428571428571 3.97397289366147e-05
-13.5 0.000129128334294569
-12.8571428571429 0.000422576982669871
-12.2142857142857 0.0013795903872336
-11.5714285714286 0.00440492811204243
-10.9285714285714 0.0133296968387368
-10.2857142857143 0.0359018558855697
-9.64285714285714 0.0764364399510268
-9 0.113566421961709
-8.35714285714285 0.112906916675829
-7.71428571428571 0.0748232563556182
-7.07142857142857 0.0336564282631815
-6.42857142857143 0.0111466788902449
-5.78571428571428 0.00427635438970506
-5.14285714285714 0.00794497764894553
-4.5 0.0226830561272244
-3.85714285714285 0.0475354686208947
-3.21428571428571 0.0683761485391399
-2.57142857142857 0.0682144522064604
-1.92857142857143 0.0474174311247872
-1.28571428571428 0.0229237405877862
-0.64285714285714 0.00826444035116148
3.10862446895044e-15 0.00395885692115257
0.642857142857146 0.00826453142774788
1.28571428571429 0.0229239452260012
1.92857142857143 0.0474177790299698
2.57142857142857 0.068214985000261
3.21428571428572 0.0683768098330523
3.85714285714286 0.0475360474540121
4.5 0.0226833809463991
5.14285714285715 0.00794509400796826
5.78571428571429 0.00427636683461164
6.42857142857143 0.0111466390257951
7.07142857142857 0.0336563267911702
7.71428571428572 0.0748230387694138
8.35714285714286 0.112906532354786
9 0.113565996298774
9.64285714285715 0.0764361488714199
10.2857142857143 0.0359017352931153
10.9285714285714 0.0133296575940737
11.5714285714286 0.0044049193336615
12.2142857142857 0.00137958697472142
12.8571428571429 0.000422576358620414
13.5 0.00012912802232567
14.1428571428571 3.97398639041072e-05
14.7857142857143 1.23910708079895e-05
15.4285714285714 3.90410869185468e-06
16.0714285714286 1.23528190884313e-06
16.7142857142857 3.69893514586189e-07
17.3571428571429 9.03201884677049e-08
