-18 1.65073443195081e-07
-17.3571428571429 2.43365960029784e-07
-16.7142857142857 6.94143964742677e-07
-16.0714285714286 2.10484449645034e-06
-15.4285714285714 6.37604680407323e-06
-14.7857142857143 1.96493016809087e-05
-14.1428571428571 6.1358044962153e-05
-13.5 0.000194389419827603
-12.8571428571429 0.000620535681359594
-12.2142857142857 0.00197988499661011
-11.5714285714286 0.00618853478221123
-10.9285714285714 0.0183190730310565
-10.2857142857143 0.0478577887718627
-9.64285714285714 0.0976544329186466
-9 0.139333019464504
-8.35714285714285 0.135426929397623
-7.71428571428571 0.0898940238211003
-7.07142857142857 0.0421748247999425
-6.42857142857143 0.0158168386148137
-5.78571428571428 0.00720797883434601
-5.14285714285714 0.0100384411922117
-4.5 0.022699364382456
-3.85714285714285 0.0405324410538893
-3.21428571428571 0.0512335786804956
-2.57142857142857 0.0487065239236188
-1.92857142857143 0.0356962487508912
-1.28571428571428 0.0196045206432541
-0.64285714285714 0.00879896418840421
3.10862446895044e-15 0.00604768262537084
0.642857142857146 0.011354138240952
1.28571428571429 0.0250091095418873
1.92857142857143 0.0417358501190424
2.57142857142857 0.0508753215210015
3.21428571428572 0.0494389745948386
3.85714285714286 0.0382304094856099
4.5 0.0216473378287875
5.14285714285715 0.00963547262091328
5.78571428571429 0.00680173537065331
6.42857142857143 0.0147948585701795
7.07142857142857 0.0379263265743039
7.71428571428572 0.0748795281334172
8.35714285714286 0.103800650710476
9 0.100609374557267
9.64285714285715 0.0684673838814063
10.2857142857143 0.0336903047450725
10.9285714285714 0.0133330336476204
11.5714285714286 0.00475269931648228
12.2142857142857 0.00162455725302313
12.8571428571429 0.00054822583426389
13.5 0.000185790557376119
14.1428571428571 6.36833464256282e-05
14.7857142857143 2.21946683386064e-05
15.4285714285714 7.83211429088698e-06
16.0714285714286 2.80111418081014e-06
16.7142857142857 9.96050737411267e-07
17.3571428571429 3.54361202598987e-07
