0 0.08066893  0.0752932907329022
1 0.08066917 -0.0773331856339142
10 0.08174669 -0.0000992677964093
100 0.09350087 -0.0000000219803198
1000 0.12496592 -0.0000000010025840
1001 0.12501083 -0.0003441094644561
1002 0.12501853 -0.0006348025956514
1003 0.12502398  0.0110161062510106
1004 0.12502492 -0.0099128593147393
1005 0.12502810 -0.0003172503648066
1006 0.12503898  0.0033584280903270
1007 0.12503960 -0.0032448607713317
1008 0.12504514  0.0001259364097009
1009 0.12505106 -0.0000021334940411
101 0.09366023 -0.0000000275219595
1010 0.12514175 -0.0002243570688382
1011 0.12514242  0.0001993811015469
1012 0.12514674  0.0000337004379241
1013 0.12515470 -0.0000222833554840
1014 0.12515976  0.0000358988535413
1015 0.12517803  0.0004333529412467
1016 0.12517948 -0.0007971600640446
1017 0.12518185  0.0003296405733435
1018 0.12519036 -0.0000020314020279
1019 0.12519176  0.0000010519303112
102 0.09369758  0.0002579811422966
1020 0.12519906 -0.0000020185053154
1021 0.12522998 -0.0000274936922851
1022 0.12523153 -0.0000008237993284
1023 0.12523261 -0.0000185758367509
1024 0.12525012 -0.0011950499504100
1025 0.12525014  0.0019313381187447
1026 0.12526342 -0.0052374919079052
1027 0.12526574  0.0046398001204455
1028 0.12526662  0.0075768065560056
1029 0.12526702 -0.0077253065793759
103 0.09371437 -0.0007909687176416
1030 0.12530641 -0.0009007208321279
1031 0.12530782  0.0006228283425170
1032 0.12530811  0.0008051883413399
1033 0.12531739 -0.0267379567916742
1034 0.12531748  0.0250547952949805
1035 0.12531924  0.0012030902277301
1036 0.12535309  0.0000443832722959
1037 0.12535489 -0.0000381654050073
1038 0.12545126 -0.0002400158915948
1039 0.12545272  0.0004593654212549
104 0.09373652  0.0368757480206079
1040 0.12545363 -0.0001776827005312
1041 0.12552482 -0.0018279825118182
1042 0.12552571  0.0019664248143835
1043 0.12552681 -0.0003556020267162
1044 0.12553714  0.0002789758381490
1045 0.12554800 -0.0001443729968596
1046 0.12554895  0.0001210827986051
1047 0.12557486 -0.0024428849782936
1048 0.12557552  0.0049266348376482
1049 0.12557823 -0.0189494329211135
105 0.09373690 -0.0366702646626582
1050 0.12557827  0.0182774374616219
1051 0.12557877 -0.0013962773410472
1052 0.12558005 -0.0000653476700283
1053 0.12564000  0.1363431529831010
1054 0.12564178 -0.1358186991102619
1055 0.12566724 -0.0015910319759465
1056 0.12571064 -0.0070948726842989
1057 0.12571119  0.0045181491630307
1058 0.12571297 -0.0002380017219242
1059 0.12571694 -0.0003501396149022
106 0.09374840  0.0002053762766359
1060 0.12571894 -0.0001449996478833
1061 0.12573703  0.0002708745324369
1062 0.12578878 -0.0000000291921076
1063 0.12588317 -0.0086272939052259
1064 0.12588353  0.0043557845117495
1065 0.12588388  0.0320850436908283
1066 0.12588405 -0.0256987757723270
1067 0.12588464 -0.0043849604776359
1068 0.12589379  0.0010684034332684
1069 0.12589398  0.0022628337363669
107 0.09390420 -0.0048505330325214
1070 0.12589540 -0.0009509016207789
1071 0.12591272 -0.0001466989607792
1072 0.12598116  0.0213782212644804
1073 0.12598169 -0.0251884790301331
1074 0.12598694  0.0016136241151312
1075 0.12609782  0.3027662629772698
1076 0.12610598 -0.2992810931649779
1077 0.12615505  0.0000442700466075
1078 0.12615707 -0.0049516990938262
1079 0.12615713  0.0028695091210542
108 0.09390962  0.0204111507212607
1080 0.12619301  0.0032347809835803
1081 0.12619581  0.0001780287482220
1082 0.12624827 -0.0094149560969285
1083 0.12625846 -0.0001142540983550
1084 0.12626859 -0.0107003955325617
1085 0.12628972  0.0007549025290820
1086 0.12628987  0.0038364613472272
1087 0.12629034  0.0001972550139067
1088 0.12629409  0.0079990505828205
1089 0.12632570 -0.0014466886086960
109 0.09390973 -0.0150113787945074
1090 0.12632685  0.0085694761581180
1091 0.12633473  0.0029367176519434
1092 0.12635456 -0.0000173907583409
1093 0.12635683 -0.0001628906264127
1094 0.12635759  0.0000368663674560
1095 0.12640586 -0.0027627932689567
1096 0.12641867  0.0487957961183082
1097 0.12642031 -0.0472206731247494
1098 0.12642649 -0.0039146344052040
1099 0.12642717  0.0006058812901242
11 0.08180546  0.0000000413904824
110 0.09391179  0.0000512377369229
1100 0.12643343  0.0057606288790713
1101 0.12643516 -0.0023515514417338
1102 0.12645351 -0.0000007451556167
1103 0.12646883 -0.0008640566252153
1104 0.12647016  0.0040590483736155
1105 0.12647130 -0.0125270496710604
1106 0.12647166  0.0133055886951923
1107 0.12647432 -0.0104908699951148
1108 0.12647568  0.0060204794695066
1109 0.12648448 -0.0000518628955585
111 0.09394713  0.0050475786448882
1110 0.12648453  0.0000900533365603
1111 0.12648887 -0.0000010150220361
1112 0.12652752  0.0002233494337817
1113 0.12652845  0.0000335745240985
1114 0.12652967 -0.0001497808168662
1115 0.12656243 -0.0000277166905437
1116 0.12656322 -0.0000313327312031
1117 0.12658050 -0.0005515790160578
1118 0.12658683  0.0027698283635525
1119 0.12658754 -0.0022082797245406
112 0.09394739 -0.0062887886982195
1120 0.12669512 -0.0000046334094536
1121 0.12669847  0.0000090741715713
1122 0.12672296 -0.0000286105460827
1123 0.12672325 -0.0000046936415516
1124 0.12673519  0.0000771832923020
1125 0.12673645 -0.0002028782223708
1126 0.12673790  0.0000879690255712
1127 0.12675729 -0.0003546995523032
1128 0.12675828  0.0057467577717748
1129 0.12675844 -0.0047782456536132
113 0.09394794  0.0016155571154131
1130 0.12678262 -0.0061024605871478
1131 0.12678415  0.0060200003237244
1132 0.12679066 -0.0003653918490154
1133 0.12679358  0.0000165558363751
1134 0.12679430 -0.0000183127582214
1135 0.12689225  0.0000395253316224
1136 0.12690039 -0.0008582715536082
1137 0.12690133  0.0001194996023339
1138 0.12690191  0.0004202172796276
1139 0.12699644 -0.0019000154236843
114 0.09399156 -0.0531455637044186
1140 0.12699653  0.0173896290763007
1141 0.12699686 -0.0156243724443410
1142 0.12704682  0.0003974603386997
1143 0.12705383  0.0000713986566344
1144 0.12708291  0.0000723894240200
1145 0.12708740  0.0003529207100633
1146 0.12708840 -0.0004180251174225
1147 0.12710729 -0.0003929371907235
1148 0.12710745  0.0001001490754169
1149 0.12710832  0.0002175336424178
115 0.09399214  0.0519241368531125
1150 0.12727635  0.0000000624578655
1151 0.12728295 -0.0059621882574535
1152 0.12729169 -0.0085928686963085
1153 0.12729308  0.0097952830867966
1154 0.12729801  0.0051064006787207
1155 0.12731688 -0.0009135585054482
1156 0.12732028  0.0032363211594110
1157 0.12732090 -0.0039458489704820
1158 0.12732670  0.0016233227833392
1159 0.12734086 -0.0009888850956896
116 0.09400367  0.0002466432104826
1160 0.12734528  0.0012471855537330
1161 0.12734603  0.0010313716151471
1162 0.12735767  0.0043232549939329
1163 0.12736285 -0.0065826323465821
1164 0.12736360  0.0064906023623414
1165 0.12736909 -0.0013919428014025
1166 0.12738417 -0.0002977633501575
1167 0.12738867  0.0185414619143478
1168 0.12738898 -0.0163446508012301
1169 0.12744910 -0.0160500226092439
117 0.09417988 -0.0000007081549882
1170 0.12745381  0.0125424906650255
1171 0.12745480 -0.0009446286879004
1172 0.12751257  0.0224710716939274
1173 0.12751870 -0.0142532248967025
1174 0.12754782 -0.2706518101845400
1175 0.12755361  0.2637403048348327
1176 0.12758270 -0.0012593812532796
1177 0.12758918  0.0214680279619166
1178 0.12759068 -0.0250323000359115
1179 0.12759642  0.0007646074552566
118 0.09418050  0.0000012591732749
1180 0.12764011 -0.0002226804913719
1181 0.12764279  0.0060249252332092
1182 0.12766434  0.0001889431485501
1183 0.12768043 -0.0038618082377643
1184 0.12768127  0.0027553311211582
1185 0.12771574  0.0001848718831782
1186 0.12771830 -0.0008156709571936
1187 0.12771926  0.0007005105277266
1188 0.12773209  0.0050103409807972
1189 0.12773319 -0.0001925373164234
119 0.09430617  0.0000624503665203
1190 0.12773805 -0.0036309716222567
1191 0.12774034 -0.0045495538581980
1192 0.12774386  0.0001937462462484
1193 0.12775256 -0.0095051297347916
1194 0.12775480  0.0113758883900097
1195 0.12777724  0.0001706717986491
1196 0.12777950 -0.0004208574443592
1197 0.12778110  0.0013107516657740
1198 0.12778684 -0.0017358034627405
1199 0.12780305 -0.0004584687488899
12 0.08244530  0.0086190777241211
120 0.09431687 -0.0001568283734762
1200 0.12781733  0.0001612992295877
1201 0.12782330 -0.0003199555396801
1202 0.12784041 -0.0037903647654317
1203 0.12784615  0.0019216703315671
1204 0.12784981  0.0012534577287671
1205 0.12785244 -0.0017377119965519
1206 0.12785276 -0.0000933492913174
1207 0.12785849  0.0001202085753527
1208 0.12785910  0.0009113415511702
1209 0.12788231 -0.0000065957138620
121 0.09433769 -0.0117820760219404
1210 0.12799303  0.0001501094482243
1211 0.12799899 -0.0003077087537094
1212 0.12803519  0.0000403946016185
1213 0.12815761  0.0000527729300122
1214 0.12816177 -0.0002962624276717
1215 0.12817580 -0.0001168140328136
1216 0.12820085  0.0037624520558198
1217 0.12820636 -0.0046930991163861
1218 0.12823017  0.0000438612730698
1219 0.12824351 -0.0511896171371209
122 0.09433788  0.0123139594681372
1220 0.12824417  0.0123216945555566
1221 0.12824536  0.0550334923829617
1222 0.12824682 -0.0014447872528744
1223 0.12825720 -0.0847982835249869
1224 0.12825790  0.0716982249713355
1225 0.12827820 -0.0003195282248017
1226 0.12828046  0.0010382577858519
1227 0.12828120 -0.0005723651409091
1228 0.12833424  0.0048265495338618
1229 0.12833733  0.0003104044875277
123 0.09434561 -0.0004788055354887
1230 0.12833899 -0.0086998827459699
1231 0.12834064  0.0050032135163919
1232 0.12834246 -0.0005705821321851
1233 0.12834296 -0.0005444178961393
1234 0.12839941 -0.0060040782698787
1235 0.12840628  0.0109951151102930
1236 0.12841336 -0.0275586972605066
1237 0.12841478  0.0299842540059717
1238 0.12841784  0.0039696589930338
1239 0.12841873 -0.0177392892280256
124 0.09439313  0.0024943907196759
1240 0.12842143  0.0162697033583041
1241 0.12842300 -0.0083534623904031
1242 0.12842683 -0.0002570413239738
1243 0.12844070 -0.0189991743672824
1244 0.12844246  0.0173064832342508
1245 0.12848667  0.0000005262685104
1246 0.12851621 -0.0000008250332750
1247 0.12854300 -0.0000471507298400
1248 0.12854428  0.0000272013460000
1249 0.12854538  0.0000216536110754
125 0.09439323 -0.0026613807371382
1250 0.12861852 -0.0003460152518208
1251 0.12862324  0.0142167010654062
1252 0.12862424 -0.0226334338911212
1253 0.12862660  0.0088166581338363
1254 0.12867631 -0.0004182972244306
1255 0.12868438  0.0050833385151001
1256 0.12868547 -0.0048113867635614
1257 0.12869522  0.0000318517133823
1258 0.12869761  0.0000048372760803
1259 0.12870685  0.0000128959253926
126 0.09439457  0.0000871858715298
1260 0.12870897  0.0000074769579220
1261 0.12877751  0.0002899803185152
1262 0.12879570 -0.0001966979274602
1263 0.12880246 -0.0013591175991975
1264 0.12880849  0.0007071554135889
1265 0.12881007  0.0006421553438809
1266 0.12890864 -0.0003305080820361
1267 0.12891375  0.0064672535531902
1268 0.12891398 -0.0061497525849161
1269 0.12896666 -0.0000487380167193
127 0.09462142 -0.0046141699509959
1270 0.12897712  0.0000414450381719
1271 0.12906808  0.0010962698500019
1272 0.12906988 -0.0025107247995334
1273 0.12907120  0.0018829551062685
1274 0.12907319 -0.0011514439194657
1275 0.12907823  0.0089639313244034
1276 0.12907850 -0.0083676494484346
1277 0.12917397  0.0000097447006243
1278 0.12917502 -0.0000316019445800
1279 0.12917660  0.0000187528106215
128 0.09462145  0.0046607743548602
1280 0.12923167  0.0000272452236164
1281 0.12923403 -0.0003254909267172
1282 0.12923440  0.0002822656173570
1283 0.12932880 -0.0000432628165041
1284 0.12933153  0.0004449618629581
1285 0.12933186 -0.0003987131851852
1286 0.12936563  0.0000002394522442
1287 0.12936622 -0.0000025351505901
1288 0.12944607  0.0000423917454271
1289 0.12944833 -0.0003852299419067
129 0.09462223  0.0001548324731502
1290 0.12944852  0.0002256737434609
1291 0.12946856  0.0001366379084188
1292 0.12947264 -0.0000967739970168
1293 0.12947367  0.0000057448784599
1294 0.12948056 -0.0000005643150047
1295 0.12955710 -0.0000248251473312
1296 0.12955929  0.0000758726843987
1297 0.12955965 -0.0000384467741372
1298 0.12956689 -0.0000490113536286
1299 0.12956953  0.0000568244362146
13 0.08244636 -0.0238525589234329
130 0.09463570  0.0004790367491292
1300 0.12956982  0.0000526508182058
1301 0.12957434 -0.0000490817127944
1302 0.12957935  0.0000106066704720
1303 0.12959390  0.0000271819777384
1304 0.12960045 -0.0000198383583053
1305 0.12960284 -0.0000041099100513
1306 0.12962535 -0.0000500248317238
1307 0.12963020  0.0010963535246779
1308 0.12963059  0.0007384000695256
1309 0.12963077 -0.0019902765065700
131 0.09463591 -0.0005169249769397
1310 0.12963395  0.0044835422801671
1311 0.12963411 -0.0042416840889460
1312 0.12964182 -0.0000174566135961
1313 0.12964305  0.0000099688576707
1314 0.12965792  0.0000920459388275
1315 0.12965825 -0.0001994897267340
1316 0.12965838  0.0001015962350779
1317 0.12967287 -0.0000021797661571
1318 0.12967790  0.0000017196129437
1319 0.12971016 -0.0000000244495652
132 0.09464798 -0.0001286963995266
1320 0.12975144 -0.0000874653053182
1321 0.12975324  0.0002207676343897
1322 0.12975381 -0.0001622993197175
1323 0.12976722 -0.0001013615743210
1324 0.12976819  0.0003335346350969
1325 0.12976847 -0.0002107873530262
1326 0.12978211 -0.0000011257055628
1327 0.12979274 -0.0000010274007380
1328 0.12980789  0.0000005193298454
1329 0.12980796  0.0000304264318341
133 0.09478157  0.0001057524304642
1330 0.12980801 -0.0000187065795270
1331 0.12981331  0.0001030201806633
1332 0.12981829 -0.0002561720088742
1333 0.12981898  0.0001484227625176
1334 0.12990261 -0.0001607460820417
1335 0.12992253  0.0037666880647940
1336 0.12992345 -0.0036799464641377
1337 0.12993294 -0.0000248494981785
1338 0.12993351  0.0000294297246388
1339 0.12996036  0.0001637572082294
134 0.09478160 -0.0002075897852347
1340 0.12996146 -0.0001161452939006
1341 0.12996248 -0.0000043980474468
1342 0.12997981  0.0000233858501928
1343 0.12998127 -0.0000090969433065
1344 0.12998469  0.0000172888402298
1345 0.12998521  0.0000086586952594
1346 0.12998622 -0.0009321151190383
1347 0.12998625  0.0009023624932433
1348 0.13020716  0.0002984932655442
1349 0.13020731 -0.0001758864642512
135 0.09478388  0.0001793276970451
1350 0.13020800 -0.0001615675326376
1351 0.13022993  0.0000196468099358
1352 0.13023067 -0.0000022797067777
1353 0.13039185  0.0000504948750320
1354 0.13040090 -0.0000079923335982
1355 0.13040181  0.0001473966900512
1356 0.13040504  0.0000597759754835
1357 0.13043015 -0.0001902806677196
1358 0.13043929 -0.0000687464426269
1359 0.13044186 -0.0021318821513374
136 0.09487569 -0.0000058831810642
1360 0.13044212  0.0023218056174983
1361 0.13044887 -0.0000751066641084
1362 0.13045097 -0.0000227972711364
1363 0.13051910  0.0002179343389537
1364 0.13053641 -0.0002090211992044
1365 0.13060080 -0.0040255706284780
1366 0.13060121  0.0038613432956066
1367 0.13060368  0.0000743705067434
1368 0.13061674 -0.0000074717543723
1369 0.13064144  0.0000201656561718
137 0.09506370 -0.0044329468211436
1370 0.13064433 -0.0000160951099919
1371 0.13065762  0.0000870153320145
1372 0.13066386  0.0005896809307746
1373 0.13067332  0.0000999104311679
1374 0.13067810  0.0021740764556902
1375 0.13067860 -0.0026928649328557
1376 0.13073646 -0.0000650007831314
1377 0.13074189 -0.0000013460748978
1378 0.13074600 -0.0000545308763718
1379 0.13074881 -0.0000232219378006
138 0.09506373  0.0040052091000998
1380 0.13075952 -0.0003275376792736
1381 0.13076224 -0.0025347831113278
1382 0.13076314  0.0027363183773524
1383 0.13080621  0.0049187764054566
1384 0.13080638 -0.0058043149964454
1385 0.13080751  0.0007567265803249
1386 0.13085496  0.0000209526733654
1387 0.13087320 -0.0002306843533195
1388 0.13087453  0.0004674251150173
1389 0.13087527 -0.0003073459473722
139 0.09506858  0.0009190848645751
1390 0.13089764  0.0003559965385349
1391 0.13089841 -0.0010613393475639
1392 0.13089880  0.0006512678096968
1393 0.13091930  0.0000730471123160
1394 0.13092383 -0.0000447987822347
1395 0.13096782  0.0000964136851260
1396 0.13097626 -0.0000905965690649
1397 0.13097999 -0.0000356338376727
1398 0.13102069 -0.0006306120241141
1399 0.13102294 -0.0016094105659565
14 0.08244704  0.0143862362086474
140 0.09510431  0.0008814920327060
1400 0.13102374  0.0017925423388619
1401 0.13103255 -0.0000056953819831
1402 0.13103711  0.0006405498378583
1403 0.13103729 -0.0019221930661603
1404 0.13104069  0.0008643682780833
1405 0.13104119  0.0008471943520038
1406 0.13104601  0.0005804647567360
1407 0.13105276 -0.0002551052360715
1408 0.13105951  0.0005131284904713
1409 0.13106365 -0.0020881794122600
141 0.09510459 -0.0008656352750500
1410 0.13106665  0.0008294988667498
1411 0.13107527  0.0006098127393973
1412 0.13108029 -0.0001781504604204
1413 0.13108829 -0.0000449984335793
1414 0.13109264  0.0076426626687537
1415 0.13109306 -0.0093135203501112
1416 0.13109695  0.0019822144851201
1417 0.13111423 -0.0002560651715835
1418 0.13111489  0.0007268921012779
1419 0.13112408 -0.0011262623335208
142 0.09510686 -0.0004297829827565
1420 0.13115285  0.0040430195561013
1421 0.13115560 -0.0056882322095964
1422 0.13115702  0.0019663314395242
1423 0.13117222 -0.0008955568219190
1424 0.13117358  0.0009905011788873
1425 0.13117991  0.0000087337522862
1426 0.13126367  0.0001354459164440
1427 0.13126431 -0.0003120367721489
1428 0.13126478  0.0001726338185490
1429 0.13129379  0.0000058746672640
143 0.09515805  0.0000204653034058
1430 0.13131067  0.0000024430888174
1431 0.13131104 -0.0000001763713936
1432 0.13134064 -0.0004217859809913
1433 0.13134411 -0.0004053093166934
1434 0.13135103  0.0016699613323999
1435 0.13135194 -0.0003281089496989
1436 0.13135244 -0.0008060327789601
1437 0.13136596  0.0003515390658324
1438 0.13145056 -0.0081428024398043
1439 0.13145212  0.0090269573238352
144 0.09516765  0.0000350149131814
1440 0.13145973 -0.0008152075355665
1441 0.13147277  0.0144298566433623
1442 0.13147632 -0.0004733639349526
1443 0.13147941 -0.0165180950802162
1444 0.13152771  0.0043054778412672
1445 0.13153043 -0.0198555181389183
1446 0.13153169  0.0161209468891372
1447 0.13158004  0.0013687729957516
1448 0.13158421 -0.0138787113244823
1449 0.13158509  0.0135456943627753
145 0.09525237 -0.0000735503770624
1450 0.13160568  0.0006277796933958
1451 0.13163372  0.0023457532520553
1452 0.13166401  0.0007323336987231
1453 0.13166882 -0.0000785647280317
1454 0.13168164  0.0044224184850944
1455 0.13168259  0.0096523845527970
1456 0.13168836 -0.0152036406297104
1457 0.13169229 -0.0005076639810266
1458 0.13169311  0.0136362868906882
1459 0.13169399 -0.0133664954915963
146 0.09525359  0.0002866497890558
1460 0.13169873  0.0016109208398109
1461 0.13172703  0.0116720123276918
1462 0.13173486 -0.0026584205621403
1463 0.13173700 -0.0009015786099729
1464 0.13173793 -0.0021805491247037
1465 0.13178548 -0.0303970607840312
1466 0.13179259  0.0005972542256628
1467 0.13181460 -0.0034986936864873
1468 0.13182154  0.0761185176922362
1469 0.13182426 -0.0558421913677395
147 0.09525412 -0.0001873998144559
1470 0.13187297 -0.0467402019944655
1471 0.13188391  0.1016244482467266
1472 0.13189565 -0.0502820217754906
1473 0.13198259 -0.0003220329224888
1474 0.13199050  0.0050532973406288
1475 0.13199140 -0.0047973085809251
1476 0.13201101 -0.0000204680752461
1477 0.13210539  0.0008121972495872
1478 0.13210776 -0.0014082451697204
1479 0.13211209  0.0006034388594805
148 0.09528771  0.0000024237107760
1480 0.13212310  0.0092506018609510
1481 0.13213278 -0.0091278801092754
1482 0.13215987 -0.0010944354675438
1483 0.13216023  0.0010399127679436
1484 0.13220960 -0.0000790373784948
1485 0.13221816  0.0001193888557207
1486 0.13222080 -0.0001194678960692
1487 0.13226380 -0.0006084997808909
1488 0.13226451 -0.0039801699577493
1489 0.13226638  0.0039125129504104
149 0.09529405 -0.0000145442722882
1490 0.13227929  0.0001072230325562
1491 0.13241236  0.0000094639476409
1492 0.13243367 -0.0118347515904954
1493 0.13243557  0.0210111462770867
1494 0.13243856 -0.0089753055355574
1495 0.13244405 -0.0000129043368963
1496 0.13260011 -0.0000237367854939
1497 0.13260383 -0.0001338229817175
1498 0.13260420  0.0001492836195822
1499 0.13267529  0.0002171506800896
15 0.08254458 -0.0028945948339283
150 0.09531193  0.0000000269492190
1500 0.13267562 -0.0003149963732932
1501 0.13268014  0.0000841647306401
1502 0.13268171 -0.0000183348193474
1503 0.13268276  0.0000188332177520
1504 0.13300511 -0.0000342503800028
1505 0.13301322  0.0000748475064197
1506 0.13301336 -0.0000082675706100
1507 0.13303966 -0.0059400108634284
1508 0.13304134  0.0060377550277577
1509 0.13305888 -0.0000076791376642
151 0.09534526 -0.0001102612976083
1510 0.13307804 -0.0005136020462279
1511 0.13307975 -0.0002086188036889
1512 0.13308070  0.0005819628271010
1513 0.13310131  0.0000003926828318
1514 0.13323547 -0.0000970671676270
1515 0.13323873  0.0001419621835401
1516 0.13325375 -0.0000669532371829
1517 0.13325548 -0.0000303227000903
1518 0.13325602  0.0000490482379598
1519 0.13335067  0.0005603139055102
152 0.09536340 -0.0064066379304180
1520 0.13335834 -0.0010405469571963
1521 0.13336513  0.0003734745211217
1522 0.13337024 -0.0000312967034490
1523 0.13337048 -0.0002726210155598
1524 0.13338811  0.0001815499142452
1525 0.13339620  0.0011853853805983
1526 0.13341254 -0.0011237551013195
1527 0.13345831  0.0000805381168668
1528 0.13346825  0.0019580625112944
1529 0.13346845  0.0029784563180882
153 0.09536614  0.0074551852503618
1530 0.13346888 -0.0047777795428064
1531 0.13352872 -0.0001341210075093
1532 0.13353002  0.0000585998853939
1533 0.13353618  0.0000462080913542
1534 0.13400315 -0.0024794139071670
1535 0.13400353  0.0026069113482836
1536 0.13400554 -0.0000269084568608
1537 0.13400866 -0.0002104853573197
1538 0.13401026  0.0000997757477931
1539 0.13417054 -0.0005174864532561
154 0.09537482 -0.0007275412925048
1540 0.13417379  0.0040059888665944
1541 0.13417401 -0.0050132707456328
1542 0.13417896  0.0009056398410868
1543 0.13418378  0.0002942224855531
1544 0.13418431  0.0004283830258064
1545 0.13422182  0.0000246375759620
1546 0.13422348 -0.0002303276170571
1547 0.13422855  0.0001658920030248
1548 0.13423325 -0.0000168522656034
1549 0.13423723  0.0000201488579057
155 0.09537596  0.0001155223275463
1550 0.13424587 -0.0004145716772384
1551 0.13424609  0.0004639991019530
1552 0.13426211  0.0012336841062751
1553 0.13426311 -0.0008741283872443
1554 0.13427203 -0.0004200609178487
1555 0.13432909  0.0000962918282565
1556 0.13433739 -0.0055517204676756
1557 0.13433766  0.0054591715394206
1558 0.13433818 -0.0000516208171828
1559 0.13434829  0.0000030558792861
156 0.09541899 -0.0011132443955245
1560 0.13437800  0.0067153503456031
1561 0.13437824 -0.0031670915057309
1562 0.13438016 -0.0035872798578473
1563 0.13439155 -0.0007771606713186
1564 0.13439835  0.0057033232271599
1565 0.13440072 -0.0047006522632449
1566 0.13442239 -0.0000283242075867
1567 0.13442316  0.0000154448150744
1568 0.13443135  0.0000248740444130
1569 0.13443181  0.0000201053275362
157 0.09541908  0.0011515079933497
1570 0.13445526 -0.0017594906492441
1571 0.13445549  0.0009444127506797
1572 0.13445842  0.0013117602901898
1573 0.13445962  0.0014748496987009
1574 0.13446114 -0.0018021825123211
1575 0.13446662  0.0001839723688688
1576 0.13446708  0.0000457527800631
1577 0.13446726 -0.0004710779743148
1578 0.13448022  0.0000034180244064
1579 0.13450316 -0.0001126680619785
158 0.09542085 -0.0000381133190613
1580 0.13450473  0.0004507323520215
1581 0.13451016 -0.0003613108908654
1582 0.13451643  0.0002063027641614
1583 0.13452337  0.0001205606778455
1584 0.13452341 -0.0002212777130746
1585 0.13457170  0.0000649325657334
1586 0.13457932 -0.0000860575976443
1587 0.13458076 -0.0000077696945973
1588 0.13461129  0.0016385795578623
1589 0.13461440  0.0019906588934750
159 0.09546962  0.0000255769251131
1590 0.13461601 -0.0062663218895079
1591 0.13462253 -0.0018645008272244
1592 0.13462532  0.0052350679246283
1593 0.13463823  0.0159318179906964
1594 0.13463992 -0.0170993004887119
1595 0.13464307  0.0003009831977360
1596 0.13468089 -0.0000021412936326
1597 0.13476430 -0.0000022627654274
1598 0.13477166 -0.0000861324518947
1599 0.13477278  0.0000793822525095
16 0.08256633  0.0443801670019549
160 0.09553960 -0.0111425536597227
1600 0.13480255 -0.0000169194613643
1601 0.13480264  0.0000816746545977
1602 0.13480542 -0.0000722145575842
1603 0.13480823 -0.0000729062027341
1604 0.13480942  0.0000842296567290
1605 0.13481975 -0.0000568893620594
1606 0.13482214  0.0000379128429418
1607 0.13483795 -0.0000009372808298
1608 0.13485392  0.0001900151896365
1609 0.13485549 -0.0003439759224346
161 0.09553974  0.0110089421137859
1610 0.13485772  0.0000799313181480
1611 0.13487755  0.0002954132124332
1612 0.13488203 -0.0003100800116351
1613 0.13488605  0.0002109820342612
1614 0.13490547  0.0001039630534152
1615 0.13491441  0.0000558307181140
1616 0.13491860  0.0002119004604791
1617 0.13492034 -0.0006336678331004
1618 0.13492460  0.0005086077340938
1619 0.13493217 -0.0001327218105476
162 0.09555047  0.0000086189920977
1620 0.13494693  0.0000447785117720
1621 0.13498991  0.0001787181108038
1622 0.13500087  0.0003672834251110
1623 0.13500251 -0.0003925120972008
1624 0.13504731 -0.0000349188436258
1625 0.13504763 -0.0000043602453283
1626 0.13504973 -0.0000126722948244
1627 0.13505462 -0.0002453081547528
1628 0.13505962  0.0005719680298452
1629 0.13506242 -0.0005821017709288
163 0.09561310 -0.0000005040082837
1630 0.13508703 -0.0000011867415854
1631 0.13509374 -0.0000116830297444
1632 0.13509851 -0.0000098218195490
1633 0.13513982  0.0000034947243502
1634 0.13514110  0.0000271557754224
1635 0.13514175 -0.0000247500105476
1636 0.13518150 -0.0296659141668956
1637 0.13518259  0.0327112804603539
1638 0.13518722 -0.0020543256978320
1639 0.13519120  0.0007623661090158
164 0.09565668  0.0405240053103359
1640 0.13519309 -0.0075602597552251
1641 0.13519324  0.0054283025108120
1642 0.13521092 -0.0002751443316705
1643 0.13522466 -0.0003617307017212
1644 0.13522618  0.0005312972303356
1645 0.13522948  0.0008835528705081
1646 0.13523064 -0.0007310278652353
1647 0.13524180 -0.0001075874617471
1648 0.13524308  0.0000109668115492
1649 0.13525675  0.0000320470578460
165 0.09565707 -0.0434678439767615
1650 0.13526691 -0.0000078947608218
1651 0.13531693 -0.0000208814017014
1652 0.13532018 -0.0000422743137717
1653 0.13532112  0.0000312741071190
1654 0.13532316  0.0000792049572161
1655 0.13532451 -0.0000514760772666
1656 0.13540190 -0.0000045650825108
1657 0.13540692  0.0001732722722199
1658 0.13541537  0.0000034097078023
1659 0.13541759 -0.0000261521796383
166 0.09566533  0.0053695252771398
1660 0.13547073 -0.0057295935248764
1661 0.13548150  0.0050701998652314
1662 0.13552589  0.0006284287686470
1663 0.13553330  0.0000504528678895
1664 0.13554838 -0.0002751256256387
1665 0.13557049  0.0058804032387598
1666 0.13557131 -0.0096829460461324
1667 0.13557251 -0.0037700267284868
1668 0.13557359  0.0082305181225639
1669 0.13557815  0.0003901821345696
167 0.09566915 -0.0068087960287622
1670 0.13557994  0.0026820117357702
1671 0.13558128  0.0019773488360128
1672 0.13558386 -0.0049455968336079
1673 0.13562846 -0.0000054981986325
1674 0.13564215 -0.0000792273963332
1675 0.13566518  0.0006906052464225
1676 0.13566830 -0.0041389545374103
1677 0.13567666  0.0065826218132633
1678 0.13568908 -0.0017087155642764
1679 0.13569080 -0.0010807640437404
168 0.09567123 -0.0006227399137971
1680 0.13569558  0.0015626837552075
1681 0.13570021 -0.0005022101276978
1682 0.13570367 -0.0000771476336175
1683 0.13570822 -0.0016532851872102
1684 0.13596598 -0.0000280006772065
1685 0.13597914 -0.0000414123880922
1686 0.13598247  0.0000213599269736
1687 0.13602453  0.0001191773586538
1688 0.13603546 -0.0004557688556296
1689 0.13603668 -0.0001563045603811
169 0.09567141  0.0048882390882201
1690 0.13606325  0.0009266798857720
1691 0.13606809  0.0000803545701530
1692 0.13606856 -0.0005542115928139
1693 0.13612044 -0.0000003467106681
1694 0.13612248  0.0000118733660694
1695 0.13613849 -0.0004613302858527
1696 0.13614051  0.0004384719719198
1697 0.13615102  0.0000030468661377
1698 0.13615301 -0.0000324827054409
1699 0.13615710  0.0000647106783607
17 0.08256782 -0.0406430955997431
170 0.09575982  0.0003131776961348
1700 0.13616364  0.0000094825972322
1701 0.13616396 -0.0000185219628981
1702 0.13617150 -0.0000433946127818
1703 0.13617774  0.0000197103539471
1704 0.13617878 -0.0000077694217601
1705 0.13620523  0.0000098140147518
1706 0.13624637  0.0012991483880327
1707 0.13624865 -0.0026464421550465
1708 0.13625012  0.0012678656399244
1709 0.13629313  0.0000894052532200
171 0.09577672 -0.0005532432437565
1710 0.13633308 -0.0005286266944890
1711 0.13633570  0.0010797038781585
1712 0.13633779 -0.0006008905147958
1713 0.13638576  0.0000252847482422
1714 0.13638797 -0.0000286465398467
1715 0.13642310 -0.0000001647682212
1716 0.13642886 -0.0000179140350222
1717 0.13642949  0.0000071686668843
1718 0.13648459  0.0002527454700199
1719 0.13648495 -0.0005905979599169
172 0.09583175 -0.0029590955113307
1720 0.13648681  0.0004723603328487
1721 0.13649275 -0.0001143633043736
1722 0.13649345 -0.0000396785343234
1723 0.13649996  0.0000266561334072
1724 0.13655072  0.0000182266787899
1725 0.13656024 -0.0000778201081534
1726 0.13656091 -0.0000500427893327
1727 0.13656158  0.0001171643418284
1728 0.13656390 -0.0000139352886511
1729 0.13661283 -0.0000099662620339
173 0.09587733  0.1176546115824614
1730 0.13661331  0.0000094432982534
1731 0.13661541 -0.0000006773958328
1732 0.13666783  0.0000006150587521
1733 0.13669538 -0.0000061779222213
1734 0.13669893  0.0000108525683965
1735 0.13669981 -0.0000050731888969
1736 0.13684430  0.0000012486530590
1737 0.13684440 -0.0000014980541704
1738 0.13690532  0.0000035345685530
1739 0.13695726  0.0000000418999828
174 0.09588040 -0.1188315377452220
1740 0.13703984 -0.0000149473756217
1741 0.13704237  0.0000660332085546
1742 0.13704326 -0.0000571302881242
1743 0.13707688  0.0000058368450432
1744 0.13707746 -0.0000057162005918
1745 0.13711155 -0.0000037299302772
1746 0.13711202  0.0000030646298879
1747 0.13711344  0.0000005027841096
1748 0.13712818  0.0000181980483159
1749 0.13713052  0.0000056128727633
175 0.09589890 -0.0003882727227861
1750 0.13713082 -0.0000004885616461
1751 0.13719283  0.0000040583617628
1752 0.13721207  0.0000033500946455
1753 0.13721440 -0.0002544012869213
1754 0.13721449  0.0002453451374510
1755 0.13721890  0.0000236720910305
1756 0.13722173  0.0000027862225065
1757 0.13722296 -0.0000630897026155
1758 0.13722636  0.0000542077917949
1759 0.13722709 -0.0000526147954215
176 0.09591853  0.0273752693334946
1760 0.13723620  0.0000945707546817
1761 0.13723847 -0.0001860447472051
1762 0.13723937  0.0001567380980085
1763 0.13730720  0.0000238370841632
1764 0.13732518 -0.0000370039955591
1765 0.13732610  0.0000325771565524
1766 0.13733262 -0.0000001680392992
1767 0.13736426 -0.0001068262404782
1768 0.13736559  0.0001026898717692
1769 0.13736638  0.0000856185654923
177 0.09591866 -0.0213933527593231
1770 0.13736852 -0.0001581481293165
1771 0.13737274 -0.0000164154939759
1772 0.13737325 -0.0000440540975404
1773 0.13745222  0.0001261963098720
1774 0.13745615 -0.0000234690551151
1775 0.13745769  0.0000098964018810
1776 0.13745917 -0.0001052323935902
1777 0.13746205 -0.0000235525667260
1778 0.13749856  0.0001590123787099
1779 0.13750300 -0.0135313847058688
178 0.09592113 -0.0013607767907096
1780 0.13750309  0.0133840888563794
1781 0.13753352  0.0001245477802562
1782 0.13753489 -0.0004858041140366
1783 0.13753945  0.0066889393604888
1784 0.13754239 -0.0256249773017756
1785 0.13754317  0.0171471960275477
1786 0.13754477  0.0014000690746310
1787 0.13754628  0.0038993182196614
1788 0.13755230 -0.0154374877437722
1789 0.13755377  0.0155175776970728
179 0.09598620  0.0000000810891054
1790 0.13755520 -0.0035748055017437
1791 0.13758688  0.0004440666309337
1792 0.13758998 -0.0004905201781106
1793 0.13759340 -0.0001190589776340
1794 0.13761033  0.0001034988648653
1795 0.13761392  0.0006294449491854
1796 0.13761496 -0.0006393406551148
1797 0.13762373 -0.0000434764539687
1798 0.13762500  0.0000241477078051
1799 0.13764449  0.0002243231106842
18 0.08284809  0.0000078646494076
180 0.09604789 -0.0085246249152135
1800 0.13764745 -0.0050783052446572
1801 0.13764750  0.0048377683359466
1802 0.13769104 -0.0002374987715348
1803 0.13769180  0.0003126048107311
1804 0.13769429  0.0002774580205001
1805 0.13775825  0.0000968379930865
1806 0.13775871 -0.0000941674667764
1807 0.13775963 -0.0000229910591517
1808 0.13778845 -0.0003457207530426
1809 0.13779302  0.0101794462458532
181 0.09604885  0.0084279797586054
1810 0.13779415  0.0003433838119066
1811 0.13779526 -0.1062499423901801
1812 0.13779547  0.0958805280100590
1813 0.13779962  0.0001401681498586
1814 0.13782866  0.0000282012640841
1815 0.13782943 -0.0000017708967696
1816 0.13783514 -0.0000055204867737
1817 0.13785784  0.0000912570299326
1818 0.13785904 -0.0002192681321871
1819 0.13785950  0.0001576530054901
182 0.09606540  0.0002068268516180
1820 0.13791953 -0.0001376461916653
1821 0.13792067  0.0001485610379919
1822 0.13793158  0.0000503333522046
1823 0.13793911  0.0007072139955148
1824 0.13793927 -0.0006142635708595
1825 0.13794033  0.0009468791685363
1826 0.13794278 -0.0018445857624876
1827 0.13794794  0.0008605139465466
1828 0.13794998 -0.0002694926772171
1829 0.13795469  0.0002937605010210
183 0.09617306  0.0024506387515270
1830 0.13796210 -0.0006111914034750
1831 0.13796342  0.0004591442910838
1832 0.13802073 -0.0000914753536528
1833 0.13802414  0.0005145969245819
1834 0.13802580 -0.0015679892943231
1835 0.13802619  0.0012005586799737
1836 0.13803138 -0.0044896194804760
1837 0.13803143  0.0044581434458622
1838 0.13810862 -0.0000054165393698
1839 0.13810924  0.0000125775525051
184 0.09617418 -0.0065635438496590
1840 0.13813962  0.0000630097589596
1841 0.13814103 -0.0000249482827978
1842 0.13814358 -0.0000452833952071
1843 0.13815210  0.0000608436564937
1844 0.13815494 -0.0000499740242094
1845 0.13817332  0.0000770849599753
1846 0.13817503 -0.0000185125866178
1847 0.13817713 -0.0003746053537630
1848 0.13817788  0.0003019634702209
1849 0.13821116 -0.0000001378487305
185 0.09617492  0.0031314795208495
1850 0.13823173  0.0000329107384556
1851 0.13825769  0.0000107367685633
1852 0.13826636  0.0000024202045338
1853 0.13835783  0.0026422264852215
1854 0.13835837 -0.0023378591992520
1855 0.13837135 -0.0002229993741904
1856 0.13838201  0.0000469150350302
1857 0.13838309 -0.0001464074803454
1858 0.13838483  0.0001410964486665
1859 0.13843860  0.0012548115057853
186 0.09621822  0.0016842779273875
1860 0.13843966 -0.0007554052925507
1861 0.13844781  0.0003607230534422
1862 0.13845091 -0.0084770783365356
1863 0.13845709  0.0069809731365114
1864 0.13846521  0.0035257482693945
1865 0.13847971  0.0076130448749733
1866 0.13848038 -0.0124136490927534
1867 0.13849526  0.0016223309920337
1868 0.13852639  0.0000493398308869
1869 0.13852934 -0.0000562134054685
187 0.09623527  0.0005516501054591
1870 0.13853220  0.0000336870014483
1871 0.13853407 -0.0001041018637971
1872 0.13853582  0.0000147527649905
1873 0.13854143  0.0000418419609962
1874 0.13854652 -0.0001169709024065
1875 0.13856124  0.0003329287021198
1876 0.13856393 -0.0002179502008353
1877 0.13857062  0.0000906074728269
1878 0.13858147 -0.0006127374027560
1879 0.13858601  0.0003886996271045
188 0.09625176 -0.0037722140602646
1880 0.13865877  0.0000014031424215
1881 0.13866276 -0.0000012511374883
1882 0.13869290 -0.0000024924949614
1883 0.13869330  0.0000072091751130
1884 0.13872756  0.0002697947161725
1885 0.13877143 -0.0000624658384201
1886 0.13877315 -0.0000201671398556
1887 0.13886067  0.0041355804432871
1888 0.13886071 -0.0043188753435368
1889 0.13886605  0.0001435463455832
189 0.09625186  0.0035754992064265
1890 0.13889054 -0.0000052475717412
1891 0.13891557  0.0000523576954802
1892 0.13891604 -0.0002688951323874
1893 0.13891674  0.0002214343705322
1894 0.13896099 -0.0000781573718464
1895 0.13896641 -0.0001495258357645
1896 0.13896780 -0.0000816458082938
1897 0.13897924 -0.0000346958835552
1898 0.13898410  0.0000190194901926
1899 0.13899591  0.0002268484434213
19 0.08285958 -0.0000112798872871
190 0.09625263 -0.0001511238603576
1900 0.13905128 -0.0000023190407202
1901 0.13906791  0.0000123999878378
1902 0.13907242 -0.0000186363808646
1903 0.13907397  0.0000095861456237
1904 0.13911573 -0.0001092320094773
1905 0.13911631  0.0000018894001364
1906 0.13911956  0.0000818749764793
1907 0.13912801 -0.0000987914348453
1908 0.13913009  0.0002830873890233
1909 0.13913090 -0.0000015119697773
191 0.09647932  0.1115907282109889
1910 0.13913156 -0.0001552521709730
1911 0.13914699  0.0001105092884572
1912 0.13915588  0.0003160963323726
1913 0.13915662 -0.0004106579268286
1914 0.13919830  0.0000036817405793
1915 0.13919966 -0.0000641656342555
1916 0.13919990  0.0000539028881087
1917 0.13923299 -0.0000060632433373
1918 0.13923334 -0.0000101848752059
1919 0.13923364  0.0000161118994584
192 0.09649432 -0.1199187374689696
1920 0.13923796 -0.0000197369297843
1921 0.13923851  0.0000196654196903
1922 0.13924600 -0.0000009193771307
1923 0.13926076  0.0000671965440523
1924 0.13926100 -0.0000463570805799
1925 0.13926233 -0.0000241244919202
1926 0.13926688 -0.0000013688289951
1927 0.13927262 -0.0000011606623223
1928 0.13941181  0.0003170609934915
1929 0.13941241 -0.0003214112070809
193 0.09657008 -0.0000544733614616
1930 0.13941538  0.0000008173336371
1931 0.13943523  0.0000716355643128
1932 0.13943788 -0.0010111843632397
1933 0.13943820  0.0009325044196051
1934 0.13946469 -0.0000515318137404
1935 0.13946558  0.0000401611641214
1936 0.13947306  0.0000016269312253
1937 0.13947377 -0.0002856501945797
1938 0.13947457  0.0003649833322100
1939 0.13947820 -0.0000512452322889
194 0.09657526  0.0046477346308847
1940 0.13949745  0.0000052715678151
1941 0.13949952 -0.0000058027141227
1942 0.13949989 -0.0000035482125269
1943 0.13951282  0.0000280146641191
1944 0.13951323 -0.0000199614082714
1945 0.13951943  0.0000111618465331
1946 0.13953400 -0.0000360064588634
1947 0.13953762  0.0000221479671911
1948 0.13953906  0.0000025035836968
1949 0.13957307 -0.0000054444446904
195 0.09657653 -0.0087374148734750
1950 0.13957480  0.0000061308016615
1951 0.13960413 -0.0004033895542884
1952 0.13960422  0.0004775178158233
1953 0.13960585 -0.0000944165630535
1954 0.13961995  0.0000392619865519
1955 0.13962178  0.0002400995069380
1956 0.13962278 -0.0002548060566796
1957 0.13964802 -0.0000078136696745
1958 0.13965185 -0.0000384771836518
1959 0.13965242  0.0000530469092565
196 0.09670235  0.0060371788482429
1960 0.13965488 -0.0001406859184408
1961 0.13965601  0.0000534567201311
1962 0.13965893  0.0000973660151576
1963 0.13968346 -0.0003759571150234
1964 0.13968629  0.0004514474137519
1965 0.13968894  0.0004913267084780
1966 0.13969155 -0.0001202498172495
1967 0.13971623 -0.0011203507363306
1968 0.13972670 -0.0000320072324766
1969 0.13972724  0.0010301746086733
197 0.09675662 -0.0010117154934277
1970 0.13972796  0.0000231315251537
1971 0.13972804 -0.0004560518101494
1972 0.13975490 -0.0000291347488381
1973 0.13975772  0.0000346575121700
1974 0.13979114  0.0001440400602364
1975 0.13980013 -0.0006570000295328
1976 0.13980578  0.0005692274720856
1977 0.13981794 -0.0007574969330004
1978 0.13982404  0.0051604371182284
1979 0.13982515 -0.0043783106030584
198 0.09676942  0.0387088601768898
1980 0.13988770 -0.0000183758159516
1981 0.13991675 -0.0003317431211206
1982 0.13992221  0.0005699247699067
1983 0.13992652 -0.0002593279102787
1984 0.13998024  0.0000029898353915
1985 0.13998180 -0.0000072508641787
1986 0.13998245 -0.0000020468902800
1987 0.14000532  0.0000274057624363
1988 0.14000574 -0.0000281653201488
1989 0.14001924 -0.0000005088766378
199 0.09679332 -0.0319016439943431
1990 0.14002884 -0.0000036724485610
1991 0.14003112  0.0000240985888592
1992 0.14003148  0.0000034003305977
1993 0.14003239 -0.0000292022669154
1994 0.14005418  0.0000035022897963
1995 0.14005659  0.0000021627048483
1996 0.14006574  0.0000014762694196
1997 0.14011281 -0.0018413975631887
1998 0.14011300  0.0017648949344784
1999 0.14011696  0.0000764088664234
2 0.08067940  0.0021329488803998
20 0.08313550  0.0000192831279872
200 0.10208134 -0.0000072682221407
2000 0.14012412 -0.0000468872586422
2001 0.14013137 -0.0005197329518317
2002 0.14013320  0.0019824295959519
2003 0.14013847 -0.0032067329282583
2004 0.14014155  0.0003553810358251
2005 0.14014208  0.0015180271030792
2006 0.14014664 -0.0000195102011974
2007 0.14015799  0.0000042497677488
2008 0.14016199 -0.0002417534919440
2009 0.14016371  0.0001812938269378
201 0.10212287 -0.0005454036397703
2010 0.14021785  0.0000054164426273
2011 0.14021958 -0.0000054168081863
2012 0.14026001  0.0000012396320232
2013 0.14027010  0.0000060562331399
2014 0.14027278 -0.0000020053738740
2015 0.14027324 -0.0000006729306952
2016 0.14028254  0.0000020155756736
2017 0.14028906  0.0000029924935356
2018 0.14029473 -0.0000067809876093
2019 0.14030683 -0.0000646285189124
202 0.10212802  0.0089121854009112
2020 0.14031326  0.0001500553530899
2021 0.14031464 -0.0000806730158963
2022 0.14032389  0.0000884719921267
2023 0.14032513  0.0000365875257922
2024 0.14032552 -0.0000983650850891
2025 0.14033974 -0.0000342548795873
2026 0.14034427 -0.0002020259611351
2027 0.14034476  0.0002090289867618
2028 0.14041486  0.0000198518305510
2029 0.14041948 -0.0000401706445535
203 0.10212865 -0.0086959664476299
2030 0.14042019  0.0000120270178246
2031 0.14042880 -0.0000034921791464
2032 0.14043498  0.0000214040639672
2033 0.14044519 -0.0001555739645894
2034 0.14044570  0.0001808500543839
2035 0.14044933 -0.0000199671534470
2036 0.14053782  0.0007140738691683
2037 0.14053815 -0.0010136305272226
2038 0.14053868  0.0002474525297007
2039 0.14054024 -0.0000256227266737
204 0.10213442  0.0003687171634034
2040 0.14054207  0.0000944824824002
2041 0.14056420 -0.0000054155068309
2042 0.14057936 -0.0000636194043989
2043 0.14058133  0.0002102972109258
2044 0.14058396 -0.0001398159126256
2045 0.14059947 -0.0013835515082343
2046 0.14060034  0.0011323768442365
2047 0.14060365  0.0003933376646396
2048 0.14061815  0.0002914910653196
2049 0.14062022 -0.0012383431376821
205 0.10227911  0.0000591841710613
2050 0.14062255 -0.0003095314724160
2051 0.14062366  0.0015721546692339
2052 0.14062387 -0.0003722259457677
2053 0.14062987 -0.0001766990922767
2054 0.14067016 -0.0001069025810697
2055 0.14067090  0.0001151597700033
2056 0.14067169 -0.0000280280623572
2057 0.14069335  0.0000159046616276
2058 0.14069448 -0.0000135286776636
2059 0.14071946  0.0000108924671575
206 0.10228576 -0.0005503512764833
2060 0.14072047 -0.0000575422497717
2061 0.14072127  0.0000594786551881
2062 0.14073605 -0.0001060449992071
2063 0.14073777 -0.0002019799145610
2064 0.14073801  0.0002982016771460
2065 0.14080579 -0.0001188551926021
2066 0.14081077  0.0003226097274895
2067 0.14081180 -0.0002996714885389
2068 0.14083672  0.0000484048228340
2069 0.14083777  0.0004088357063464
207 0.10228655  0.0004902963719021
2070 0.14083806 -0.0003301471951723
2071 0.14089124  0.0000012386577383
2072 0.14089905  0.0001982178831500
2073 0.14090516 -0.0000645449515829
2074 0.14090779  0.0001219108160273
2075 0.14092405  0.0000248081129210
2076 0.14092755 -0.0000277669535387
2077 0.14093183 -0.0000475611841323
2078 0.14093930  0.0016611370095116
2079 0.14094070 -0.0052629834947772
208 0.10229555 -0.0000259026912286
2080 0.14094483  0.0018748371887881
2081 0.14094659 -0.0058682500107650
2082 0.14094688  0.0075049359799863
2083 0.14097471 -0.0003042827392937
2084 0.14098935  0.0000379935735657
2085 0.14099016  0.0001024747870869
2086 0.14101619 -0.0000129345089395
2087 0.14101972 -0.0003864298817106
2088 0.14102080  0.0008150147884588
2089 0.14102614 -0.0007340737622601
209 0.10229698  0.0000272221435559
2090 0.14105291  0.0012151024861918
2091 0.14106196 -0.0005168749261768
2092 0.14106279 -0.0000032562766447
2093 0.14108111 -0.0001576245756916
2094 0.14108585 -0.0003730506296443
2095 0.14108685  0.0002358294047922
2096 0.14109598 -0.0000521637071768
2097 0.14109939  0.0000250187878844
2098 0.14112494 -0.0000156993387850
2099 0.14112656 -0.0003153549081768
21 0.08314603 -0.0009094705384555
210 0.10232750  0.0087998869404094
2100 0.14113089  0.0001298515920025
2101 0.14113471  0.0003341545906028
2102 0.14113904 -0.0004270581810747
2103 0.14114003  0.0003913840265309
2104 0.14114413 -0.0000041380160663
2105 0.14114453 -0.0001000415566665
2106 0.14114618  0.0000096992803541
2107 0.14117883  0.0000037268200943
2108 0.14118169 -0.0000071990643753
2109 0.14122804 -0.0002623058685936
211 0.10232753 -0.0087638460111542
2110 0.14122890  0.0002822993361560
2111 0.14123038  0.0001583720161475
2112 0.14123415  0.0001094855063177
2113 0.14123626 -0.0006267510035697
2114 0.14123810  0.0003666859983896
2115 0.14124710 -0.0000009571373920
2116 0.14125806 -0.0001499311660380
2117 0.14126044  0.0002895461522866
2118 0.14126069 -0.0001762234582332
2119 0.14132949  0.0000089790229593
212 0.10232831 -0.0000056189493933
2120 0.14132988 -0.0000232044308183
2121 0.14133058  0.0000087789931885
2122 0.14133941 -0.0003008146255491
2123 0.14134807 -0.0007773294394836
2124 0.14134983  0.0006855406998520
2125 0.14135641  0.0010401777984185
2126 0.14136167 -0.0001581512885399
2127 0.14136304  0.0000653702761659
2128 0.14136436 -0.0002040164636881
2129 0.14136618 -0.0001407947560776
213 0.10244561  0.0018489623028338
2130 0.14139807  0.0004083989428669
2131 0.14140257 -0.0003107938118454
2132 0.14140367  0.0000089042378818
2133 0.14142501 -0.0000011070440538
2134 0.14142876 -0.0009890442713069
2135 0.14143039  0.0005427645930276
2136 0.14143047  0.0004827587248605
2137 0.14144291  0.0014246103820818
2138 0.14146212 -0.0044005103656056
2139 0.14146274  0.0014565772389594
214 0.10245610 -0.0290946327440005
2140 0.14146652 -0.0000633591774687
2141 0.14146809  0.0000087773155487
2142 0.14147381  0.0003234761054693
2143 0.14147458  0.0009382742602792
2144 0.14147503 -0.0005198899743364
2145 0.14152040  0.0002289305516505
2146 0.14152511 -0.0005664318086623
2147 0.14152667 -0.0008887578013469
2148 0.14153043  0.0000999344521954
2149 0.14155547 -0.0007254987137885
215 0.10245690  0.0271054425904382
2150 0.14155702 -0.0397297238759421
2151 0.14155858  0.0690142211670119
2152 0.14156087 -0.0268926709387789
2153 0.14159206 -0.0000632478018474
2154 0.14159242  0.0000417982676191
2155 0.14160085 -0.0016315643863661
2156 0.14160158  0.0010223399608870
2157 0.14160545  0.0001846995559492
2158 0.14160708  0.0002522081264696
2159 0.14161204 -0.0001510922980934
216 0.10250334 -0.0000721887170012
2160 0.14170061  0.0000251163606613
2161 0.14170483  0.0000372830780655
2162 0.14170939 -0.0001972856060971
2163 0.14171663 -0.0013755403975087
2164 0.14171781  0.0014835148268847
2165 0.14171785  0.0004027478716436
2166 0.14172032 -0.0005607689904987
2167 0.14172047  0.0000683969498842
2168 0.14177937  0.0065206497748787
2169 0.14178474 -0.0083719282243696
217 0.10250757  0.0000144223497759
2170 0.14179027 -0.0008318030625872
2171 0.14181717  0.0000164722077898
2172 0.14182057  0.0035688595006300
2173 0.14184270  0.0000047756146982
2174 0.14186168 -0.0022434735603501
2175 0.14186194  0.0019317016884868
2176 0.14186779  0.0001229264593304
2177 0.14186959 -0.0002220678603721
2178 0.14187102  0.0000001621037367
2179 0.14191596 -0.0002683041505892
218 0.10256092 -0.0000452731090835
2180 0.14192394 -0.0002666438383091
2181 0.14192539 -0.0000633618002726
2182 0.14192700  0.0002109588311535
2183 0.14193613 -0.0005021333475583
2184 0.14193632  0.0006047299334271
2185 0.14193920 -0.0001146662144478
2186 0.14195030  0.0002544304867450
2187 0.14195329 -0.0004381417883100
2188 0.14196139 -0.0001220430679099
2189 0.14198032 -0.0005613625468995
219 0.10259095  0.0020710334574983
2190 0.14198067  0.0002144022037724
2191 0.14202653  0.0008292967848894
2192 0.14202772 -0.0000195468685560
2193 0.14210188 -0.0001379529816070
2194 0.14210367 -0.0000760069087077
2195 0.14210933 -0.0000427036766278
2196 0.14210995  0.0000008430092964
2197 0.14211099 -0.0001597751102129
2198 0.14219491 -0.0000142991135755
2199 0.14221046 -0.0000096219013092
22 0.08314638  0.0008820125490657
220 0.10262045 -0.0087234988684493
2200 0.14221288  0.0000221787205739
2201 0.14221383  0.0000387713692595
2202 0.14221969 -0.0000200037699993
2203 0.14222310 -0.0002279651768584
2204 0.14222365  0.0000856419515305
2205 0.14223013 -0.0000115730027814
2206 0.14223113  0.0000135331653493
2207 0.14225011  0.0005803791383984
2208 0.14225339 -0.0007482537447572
2209 0.14225599  0.0002855632728356
221 0.10262101  0.0027517698906627
2210 0.14227030  0.0001694180663336
2211 0.14227245  0.0000836172860847
2212 0.14227877 -0.0002312518893472
2213 0.14229622 -0.0000006149380593
2214 0.14231910  0.0000209306371056
2215 0.14232385 -0.0000249521034402
2216 0.14233440 -0.0017585596911737
2217 0.14233552  0.0019419324677014
2218 0.14234297 -0.0000792296440251
2219 0.14239970  0.0003669135388981
222 0.10262283 -0.0012647756196700
2220 0.14240124 -0.0022352481190719
2221 0.14240141  0.0019156626757554
2222 0.14240743 -0.0000007497872410
2223 0.14241439  0.0006254657185130
2224 0.14241762 -0.0020888794786199
2225 0.14241964  0.0027055838407430
2226 0.14243298 -0.0014989078992224
2227 0.14243553  0.0013452692590756
2228 0.14243592 -0.0074526008763929
2229 0.14243710  0.0074141508966088
223 0.10262395 -0.0117960936951603
2230 0.14243965  0.0009195499731606
2231 0.14244101 -0.0016173792671338
2232 0.14247106 -0.0012631670810830
2233 0.14247207  0.0007945920334393
2234 0.14247297  0.0003797320540457
2235 0.14248192 -0.0000679885773592
2236 0.14248567 -0.0000642169450028
2237 0.14248578  0.0000365024083678
2238 0.14249990 -0.0004355090932384
2239 0.14250051 -0.0017970142197907
224 0.10262821  0.0180653117937561
2240 0.14250137  0.0026924706798851
2241 0.14251424  0.0000290031578187
2242 0.14251624 -0.0000375691808962
2243 0.14251737 -0.0000409765136110
2244 0.14252072 -0.0000050622230941
2245 0.14252393  0.0000805876669813
2246 0.14252793 -0.0000538484925361
2247 0.14254537  0.0000851332827463
2248 0.14254614 -0.0000755034353056
2249 0.14255139 -0.0000296610781108
225 0.10264517  0.0001704468074563
2250 0.14262596  0.0002887557657365
2251 0.14263359 -0.0017202633865508
2252 0.14263480  0.0012886776767588
2253 0.14264574  0.0002631533555448
2254 0.14265435  0.0000803917432351
2255 0.14265745 -0.0000998210062201
2256 0.14265753  0.0002188016639502
2257 0.14265804 -0.0001189963806870
2258 0.14267878 -0.0000221234846559
2259 0.14268253  0.0004462595062788
226 0.10266029 -0.0010921195893975
2260 0.14268504 -0.0004756334793191
2261 0.14271390 -0.0001023935473845
2262 0.14271966 -0.0005753603471772
2263 0.14272139  0.0019560704392138
2264 0.14272381 -0.0002610072417794
2265 0.14272612 -0.0014283312889278
2266 0.14272891 -0.0058238823126661
2267 0.14272908  0.0062000314060455
2268 0.14275743  0.0002334517103804
2269 0.14275981 -0.0001926609496675
227 0.10284710  0.0082578242041981
2270 0.14276554 -0.0004316474113968
2271 0.14281268  0.0009614930708898
2272 0.14283747  0.0042510284677584
2273 0.14283771 -0.0082551815110195
2274 0.14284008  0.0015185068116345
2275 0.14284567  0.0084572618174765
2276 0.14285229 -0.0114636131994489
2277 0.14285732  0.0048308776170356
2278 0.14289670 -0.0000191554833703
2279 0.14291400  0.0025048931054468
228 0.10284772 -0.0296123296613022
2280 0.14291473 -0.0029917377061726
2281 0.14293412  0.0002224948736599
2282 0.14293460  0.0000805495165086
2283 0.14294684 -0.0000849702826701
2284 0.14294765  0.0000515646587233
2285 0.14296982 -0.0000054734560236
2286 0.14297026  0.0000179749629936
2287 0.14298807 -0.0000662131634740
2288 0.14298970  0.0001748048503552
2289 0.14299097 -0.0001010431726219
229 0.10284786  0.0295319230827785
2290 0.14300565  0.0034976778589341
2291 0.14300599 -0.0034746281318739
2292 0.14303427 -0.0001124326598396
2293 0.14304272  0.0000552531963701
2294 0.14304933 -0.0014518441714383
2295 0.14305545  0.0001752235367088
2296 0.14305782 -0.0004695396783279
2297 0.14305902  0.0051163153672186
2298 0.14306029 -0.0032423153598320
2299 0.14307052 -0.0002005535199761
23 0.08314914  0.0000247787386565
230 0.10285667 -0.0164028462712903
2300 0.14309667  0.0000065653806926
2301 0.14312786  0.0000194853329754
2302 0.14313155  0.0000360755822235
2303 0.14314107 -0.0000757019247440
2304 0.14314197  0.0000694375273102
2305 0.14315042  0.0000020017852957
2306 0.14318583 -0.0003883558550703
2307 0.14318787  0.0004433178114972
2308 0.14319115 -0.0001087930524978
2309 0.14319199 -0.0002972501732532
231 0.10287964  0.0860194888690787
2310 0.14319437  0.0009485252337608
2311 0.14319554 -0.0006207120527958
2312 0.14325453  0.0049894714963015
2313 0.14325509 -0.0052456421433348
2314 0.14326046  0.0003432258248813
2315 0.14332197 -0.0023825214741539
2316 0.14334097  0.0024573670819125
2317 0.14335401  0.0004466561012059
2318 0.14335571  0.0076215245039033
2319 0.14335716 -0.0072841891502329
232 0.10288098 -0.0778681580279862
2320 0.14336105 -0.0011392205590517
2321 0.14336946 -0.0000877244317767
2322 0.14338925  0.0000643388612852
2323 0.14340048 -0.0001041079946349
2324 0.14340205  0.0003772076201040
2325 0.14345542 -0.0000560848861258
2326 0.14348825 -0.0000439752122690
2327 0.14349556 -0.0003358675960011
2328 0.14351638 -0.0005963929041115
2329 0.14351772  0.0007011903120112
233 0.10317498 -0.0159770414716716
2330 0.14352786  0.0011340985016457
2331 0.14354155 -0.0000366727661693
2332 0.14358774  0.0005977746335115
2333 0.14358841  0.0000203226710849
2334 0.14359240 -0.0024833039478524
2335 0.14359384  0.0021656820123018
2336 0.14360996  0.0000527914472184
2337 0.14361639 -0.0009158219442854
2338 0.14369026 -0.0006294026265674
2339 0.14370157 -0.0002255247471738
234 0.10317518  0.0168456766507796
2340 0.14371406  0.0000461384011261
2341 0.14378796 -0.0023930979144655
2342 0.14379912  0.0025145096626557
2343 0.14384586 -0.0000161505488453
2344 0.14389762 -0.0066315293650918
2345 0.14390352  0.0081950111830388
2346 0.14399619 -0.0010711490277743
2347 0.14400183  0.0006916419758071
2348 0.14401846 -0.0003961072540854
2349 0.14413018  0.0000002526939519
235 0.10318542 -0.0027041965916126
2350 0.14413844  0.0000489905878345
2351 0.14413893  0.0001093548292563
2352 0.14414505 -0.0003495368486163
2353 0.14418705 -0.0000350263349963
2354 0.14418958  0.0001484497177526
2355 0.14420624  0.0001725340112802
2356 0.14421595 -0.0003775006900045
2357 0.14421937  0.0003435621614072
2358 0.14423869 -0.0002668603609218
2359 0.14427672  0.0000007499793229
236 0.10318908  0.0029331074785837
2360 0.14428248  0.0000320951484256
2361 0.14428734 -0.0001057574978101
2362 0.14432548 -0.0000510433726047
2363 0.14433308  0.0000091477096565
2364 0.14433820  0.0000745056173917
2365 0.14438915  0.0000216586725534
2366 0.14439048  0.0000449745126034
2367 0.14445147 -0.0000058422917759
2368 0.14470819  0.0000353962625627
2369 0.14470955 -0.0001213042266578
237 0.10319341 -0.0047172740233501
2370 0.14471164  0.0001264298747879
2371 0.14472607  0.0001529888542781
2372 0.14474037 -0.0002284390904424
2373 0.14474260  0.0002678836388271
2374 0.14476142 -0.0001429803744335
2375 0.14476422 -0.0000822948524038
2376 0.14481637  0.0002340545202239
2377 0.14483580 -0.0000801438809413
2378 0.14485472 -0.0003807335906580
2379 0.14486129  0.0002314784266383
238 0.10319359  0.0033756374452409
2380 0.14487111  0.0002055672156982
2381 0.14488803 -0.0001630688685897
2382 0.14491543 -0.0000002491023782
2383 0.14496660 -0.0000992425637943
2384 0.14506998 -0.0004594662362983
2385 0.14507180  0.0005166304623174
2386 0.14515123 -0.0000024404486655
2387 0.14515577 -0.0000477993637120
2388 0.14515924 -0.0002877775884181
2389 0.14515980  0.0002643110937406
239 0.10320091 -0.0004158203397543
2390 0.14519571  0.0000465666710771
2391 0.14519734  0.0000487111252614
2392 0.14528818 -0.0000157434625307
2393 0.14531626  0.0000266777389992
2394 0.14532285 -0.0000271292112265
2395 0.14553594  0.0000233014786899
2396 0.14553885  0.0000852632446948
2397 0.14553957 -0.0001183645828237
2398 0.14561013 -0.0001726853707821
2399 0.14561209  0.0002912074861204
24 0.08314923 -0.0000402267083014
240 0.10320870  0.0008264765982945
2400 0.14561363 -0.0002097032467572
2401 0.14565026 -0.0000332454412277
2402 0.14565225  0.0000742135519975
2403 0.14572470  0.0000352514852260
2404 0.14601986 -0.0000009544872514
2405 0.14602701 -0.0000114436998333
2406 0.14603001  0.0000236196667883
2407 0.14603265  0.0000222917552159
2408 0.14603491 -0.0000329315449490
2409 0.14606892  0.0000011827521299
241 0.10328776  0.0007545971168594
2410 0.14607965 -0.0000226150058509
2411 0.14607971  0.0000266748800104
2412 0.14608594  0.0000051188470200
2413 0.14609440 -0.0000353443313948
2414 0.14609781  0.0000771703380443
2415 0.14609809 -0.0000568356900869
2416 0.14615919  0.0000014487299981
2417 0.14616087  0.0000178639033751
2418 0.14617088 -0.0000177175948429
2419 0.14618115  0.0000088690097101
242 0.10329836 -0.0125201183317050
2420 0.14618547  0.0000033408199055
2421 0.14618573 -0.0000085792719811
2422 0.14621849 -0.0000181895166972
2423 0.14621912  0.0000099428677096
2424 0.14623969  0.0000075244650914
2425 0.14625295  0.0000020290413368
2426 0.14625421 -0.0000132734420989
2427 0.14639160  0.0000080762901125
2428 0.14644423  0.0000016005910027
2429 0.14644487 -0.0000038795211003
243 0.10329903  0.0117105663147646
2430 0.14651702  0.0000197609967223
2431 0.14652170  0.0001211191946486
2432 0.14652234 -0.0001770518841487
2433 0.14652994  0.0000482149512553
2434 0.14695739 -0.0000058917728251
2435 0.14701790  0.0000031000477282
2436 0.14701850  0.0000062158645915
2437 0.14701872 -0.0000242071939273
2438 0.14703077 -0.0000399640049881
2439 0.14703097  0.0000348976315372
244 0.10341952 -0.0000010570401167
2440 0.14708224 -0.0000637077802318
2441 0.14708258 -0.0000069646357565
2442 0.14711920  0.0000076876296417
2443 0.14715483  0.0000000073978154
2444 0.14723436 -0.0028356527507121
2445 0.14723561  0.0031134531604542
2446 0.14724189  0.0000564694635583
2447 0.14725465  0.0009804326987218
2448 0.14725547 -0.0013263178215438
2449 0.14731190 -0.0000518086061300
245 0.10359316 -0.0002667756348143
2450 0.14734048 -0.0000902710050577
2451 0.14734335  0.0000049357668722
2452 0.14739587  0.0035975791540330
2453 0.14739601 -0.0035845233016794
2454 0.14740601 -0.0000976339917188
2455 0.14742424  0.0003785251686122
2456 0.14742650 -0.0006162250611379
2457 0.14742682  0.0003389222703321
2458 0.14743950  0.0001087141512708
2459 0.14743959  0.0002069397171056
246 0.10359448 -0.0009955853381298
2460 0.14744015 -0.0001778366856163
2461 0.14747313 -0.0000090371193565
2462 0.14747898  0.0000427376053127
2463 0.14748774  0.0000218079108350
2464 0.14749841  0.0002995325672790
2465 0.14749939 -0.0000118806673325
2466 0.14749966 -0.0003459475078777
2467 0.14753856 -0.0000124339820508
2468 0.14753988  0.0000535838579092
2469 0.14754606 -0.0000288087030649
247 0.10359551  0.0013770646266516
2470 0.14760997 -0.0000594963493797
2471 0.14761149  0.0000681332523920
2472 0.14767615 -0.0000000441118601
2473 0.14767810 -0.0000013269789159
2474 0.14769540  0.0000974749840351
2475 0.14781669 -0.0000886872335846
2476 0.14781862  0.0000173485030053
2477 0.14782002  0.0001590045002924
2478 0.14783512  0.0000515893328475
2479 0.14793762  0.0000014926530230
248 0.10360710 -0.0001056683703284
2480 0.14798466 -0.0001267901993467
2481 0.14798743  0.0000443289570950
2482 0.14802783 -0.0000180236193548
2483 0.14802952  0.0000066144793484
2484 0.14803949  0.0000060540952429
2485 0.14805277 -0.0000520670559295
2486 0.14805319  0.0000413445361341
2487 0.14808171 -0.0000233309391129
2488 0.14815392  0.0023658268528562
2489 0.14815464 -0.0020993613457613
249 0.10367433  0.0001156251230580
2490 0.14816590 -0.0000794082512719
2491 0.14833678  0.0000933185691994
2492 0.14836532 -0.0014109799676210
2493 0.14837270  0.0003108803245071
2494 0.14837591 -0.0005387922767854
2495 0.14841104 -0.0252253270664646
2496 0.14841478  0.0215018333239276
2497 0.14844236  0.0001520142206783
2498 0.14845164  0.0031696104702891
2499 0.14849529  0.0017976316114394
25 0.08314937  0.0000282936542261
250 0.10367450 -0.0001507087458245
251 0.10367500  0.0000378078409497
252 0.10387895 -0.0000168646196181
253 0.10387956  0.0004129866506941
254 0.10387968 -0.0003976921140299
255 0.10391528 -0.0000316811420494
256 0.10392146  0.0000277459032207
257 0.10397846 -0.0000000314992624
258 0.10407897 -0.0056803238893000
259 0.10408527  0.1509495130747168
26 0.08389356  0.0000005531951948
260 0.10408553 -0.1431224975717053
261 0.10409069 -0.0086775070825853
262 0.10409435  0.0157390743039527
263 0.10409538 -0.0091428462554499
264 0.10413603 -0.0004095388531739
265 0.10413677  0.0003399430148562
266 0.10414081  0.0001196734344082
267 0.10423793  0.0011830358053816
268 0.10423985 -0.0135444668949965
269 0.10424010  0.0122257916903566
27 0.08389512 -0.0000013509975823
270 0.10429744  0.0000075642099135
271 0.10430260 -0.0000009350739239
272 0.10431988 -0.0000151690318477
273 0.10432286  0.0005304652807132
274 0.10432297 -0.0005226564484387
275 0.10435750  0.0000015834653193
276 0.10435837 -0.0000005252995091
277 0.10446162  0.0000066072586917
278 0.10449192 -0.0000081934289411
279 0.10449214  0.0000975116659768
28 0.08428968 -0.0005197985397925
280 0.10449298 -0.0000924376947086
281 0.10460420  0.0000133994230404
282 0.10460492 -0.0001028629271910
283 0.10460495  0.0000852136870320
284 0.10499995 -0.0000000233033769
285 0.10500286 -0.0000002816319624
286 0.10501413 -0.0000418507557391
287 0.10501959 -0.0001313323447036
288 0.10502037  0.0001921690345696
289 0.10515794  0.0056482185326411
29 0.08429131  0.0119135920258754
290 0.10515812 -0.0092517749435605
291 0.10515911  0.0016634633234120
292 0.10516503  0.0232615442391099
293 0.10516512 -0.0229591219231832
294 0.10516686  0.0019041392799620
295 0.10523161  0.0000068495534681
296 0.10523534  0.0000061419382282
297 0.10524470  0.0000278383509719
298 0.10525617  0.0054103128164800
299 0.10525647 -0.0059017794668130
3 0.08100104 -0.0107805600274710
30 0.08429139 -0.0111807731347940
300 0.10526014  0.0003434219451292
301 0.10527993 -0.0000411299894607
302 0.10531562 -0.0007287099989251
303 0.10531682  0.0065249015365012
304 0.10531783 -0.0093053280731793
305 0.10531928 -0.0193529762097870
306 0.10531937  0.0241355940335956
307 0.10532226 -0.0012286096408241
308 0.10540228  0.0004115419866941
309 0.10540302  0.0054844503783580
31 0.08440721  0.0000000920849009
310 0.10540308 -0.0061137976373438
311 0.10541636  0.0000980531940278
312 0.10541704  0.0017190778976760
313 0.10541854  0.0073566583352145
314 0.10542096 -0.0123458841279923
315 0.10542498  0.0031930419039109
316 0.10548699  0.0054240342280108
317 0.10548848 -0.0070000131804313
318 0.10549297  0.0018493325180492
319 0.10552818  0.0000564566816753
32 0.08452374 -0.0001892444968210
320 0.10553507 -0.0000111925233677
321 0.10555349 -0.0008777403782116
322 0.10555732 -0.0008133300761581
323 0.10555781  0.0016619129117373
324 0.10556235 -0.0000209856697624
325 0.10556463 -0.0049263300446762
326 0.10557047  0.1742769373471785
327 0.10557129 -0.1761365622241313
328 0.10560410  0.0121024023508934
329 0.10561144  0.0460510474083069
33 0.08452380  0.0001511137979251
330 0.10561378 -0.0527326452433780
331 0.10565270  0.0012695950252168
332 0.10573682  0.0092672871627114
333 0.10573727 -0.0098044894477876
334 0.10574229  0.0005243187156127
335 0.10589934  0.0005527667467577
336 0.10589983 -0.0008624289761778
337 0.10590055  0.0004260025128441
338 0.10592318 -0.0000064585186212
339 0.10592447 -0.0000062937099857
34 0.08452498  0.0000236190932169
340 0.10592857  0.0000053853292429
341 0.10595901 -0.0000203058566514
342 0.10596199  0.0000015861056142
343 0.10597346  0.0007133067895076
344 0.10597513 -0.0013221590158702
345 0.10597572  0.0002342171915364
346 0.10606778  0.0053367563340082
347 0.10606837 -0.0060954758212797
348 0.10606905  0.0007768120851506
349 0.10608901 -0.0000180992580854
35 0.08458920 -0.0017668656842996
350 0.10610842  0.0029632521762130
351 0.10611007 -0.0029823317522384
352 0.10613016 -0.0000381194576317
353 0.10619400 -0.0000056642861829
354 0.10619541  0.0000565784584736
355 0.10619552 -0.0000479380769199
356 0.10636998 -0.0019157263725970
357 0.10637507  0.0022246618546122
358 0.10638238 -0.0008104553949220
359 0.10638668  0.0000379543075227
36 0.08458923  0.0017208366262490
360 0.10638787 -0.0012545899404851
361 0.10640028 -0.0166271828800935
362 0.10640186  0.0232066981983962
363 0.10641399 -0.0275158428525834
364 0.10643683  0.0468548233260462
365 0.10646743 -0.0174181343097404
366 0.10648215  0.0045108012404324
367 0.10648758 -0.0023108235414107
368 0.10648819  0.0027184715525859
369 0.10648920 -0.0050427344267579
37 0.08459209 -0.0000561326612412
370 0.10649710 -0.0020090316472769
371 0.10650795 -0.0054506942994315
372 0.10652627 -0.0157338916451378
373 0.10654669  0.0153428581680379
374 0.10658924 -0.0000165075452828
375 0.10659201 -0.0002978816885309
376 0.10659247  0.0003617959727377
377 0.10665840  0.0002429966863230
378 0.10666005  0.0013372834709834
379 0.10666062  0.0000879786836958
38 0.08474787  0.0000310294154902
380 0.10666909 -0.0177136757056717
381 0.10667252  0.0174140594829408
382 0.10670740 -0.0008943777332840
383 0.10670765  0.0009393635225469
384 0.10670996 -0.0000626368943413
385 0.10679692  0.0000010924653928
386 0.10695195 -0.0000546269956055
387 0.10695228  0.0011231698609317
388 0.10695230 -0.0010826647604224
389 0.10715664  0.0004637218589374
39 0.08479706 -0.0033348886513181
390 0.10718472 -0.0007050499264503
391 0.10727621  0.0000958733067305
392 0.10728048  0.0009395276442156
393 0.10728066 -0.0009409888149389
394 0.10739436 -0.0010530224464485
395 0.10741995  0.0282904915612736
396 0.10742135 -0.0272552633975243
397 0.10754993  0.0014348065945716
398 0.10755264 -0.0397959933610450
399 0.10755281  0.0386627501103867
4 0.08102433  0.0775830448948595
40 0.08479742  0.0032608579028310
400 0.10757209 -0.0000951156824776
401 0.10758044 -0.0229039630673791
402 0.10758050  0.0227462394277977
403 0.10765713 -0.0002145422989816
404 0.10766674  0.0029979466910676
405 0.10766713 -0.0027744468805593
406 0.10782246  0.0000041334943784
407 0.10782505 -0.0000031748055847
408 0.10787290  0.0000000106114306
409 0.10791438 -0.0000004079440762
41 0.08492667 -0.0000052687309300
410 0.10798202  0.0000000082750560
411 0.10801354  0.0000003431893285
412 0.10817768 -0.0000613446340598
413 0.10818014  0.0007414018510273
414 0.10818044 -0.0006428575305507
415 0.10821442  0.0000144033080696
416 0.10821858 -0.0002735340474068
417 0.10821890  0.0002853428185470
418 0.10833017  0.0000678502641321
419 0.10833142  0.0000626628583339
42 0.08492895  0.0000041809461219
420 0.10833156 -0.0004989532045196
421 0.10833175 -0.0012250001489736
422 0.10833181  0.0015087262007969
423 0.10851270 -0.0003722617316829
424 0.10851531 -0.0033253057324438
425 0.10851598  0.0028451648915663
426 0.10856609  0.0014021293427439
427 0.10856867 -0.0663249538114599
428 0.10856869  0.0654135029556344
429 0.10857913  0.0016753827366569
43 0.08526069  0.0002183437160856
430 0.10858770  0.0009342741641977
431 0.10858815  0.0001197447484411
432 0.10858823 -0.0358252810734821
433 0.10858836  0.0333689346078786
434 0.10868644  0.0050565870549582
435 0.10868659 -0.0057028332617240
436 0.10868732  0.0008048576211896
437 0.10873518 -0.0001475486821611
438 0.10875486 -0.0025494822973695
439 0.10875701  0.0026505485871103
44 0.08526073 -0.0002359659342726
440 0.10885699 -0.0003886265772657
441 0.10886883  0.0004026012970977
442 0.10887105  0.0001863533337171
443 0.10889762 -0.0005581384864084
444 0.10889816  0.0001759569249823
445 0.10889845  0.0002510178568885
446 0.10896510  0.0000023287894832
447 0.10897335 -0.0000036461446567
448 0.10904832  0.0000005125222613
449 0.10904862 -0.0000008944180211
45 0.08526106 -0.0000398318262796
450 0.10907469  0.0003344402448878
451 0.10914041 -0.0020253282969934
452 0.10914916  0.0009043921667608
453 0.10918935  0.0000000514051445
454 0.10922253  0.0002226665552564
455 0.10922316 -0.0000853752618342
456 0.10922350 -0.0001136816841396
457 0.10925047  0.0000003733045130
458 0.10925225 -0.0000004920180004
459 0.10930508  0.0000009574702235
46 0.08541779 -0.0000002097854641
460 0.10937210 -0.0036943599991142
461 0.10938144  0.0014211405717347
462 0.10938179  0.0014988864174969
463 0.10944052  0.0000001854295056
464 0.10947108  0.0000401914350429
465 0.10947592  0.0028004675808367
466 0.10947644 -0.0027137148578459
467 0.10954264  0.0000005427843287
468 0.10954317  0.0000001380419896
469 0.10956882  0.0000049574436130
47 0.08573298 -0.0000130150007866
470 0.10963197  0.0019578005046163
471 0.10963887 -0.0021726292325963
472 0.10964057 -0.0002891448519124
473 0.10975918  0.0040850566070077
474 0.10998102 -0.0023043398359630
475 0.11004646  0.0000003214326495
476 0.11013009 -0.0000019253886981
477 0.11013291  0.0000013139708494
478 0.11034016 -0.0044612317875847
479 0.11034039  0.0051544917480204
48 0.08593301 -0.0000003493803060
480 0.11034685 -0.0007065316540853
481 0.11038583 -0.0000002953345148
482 0.11056401 -0.0002082834744172
483 0.11056445 -0.0002270345363820
484 0.11056667  0.0002364476387593
485 0.11064345  0.0000778307335976
486 0.11064361 -0.0001148444052359
487 0.11064417  0.0000291829383971
488 0.11082776 -0.0000208504886703
489 0.11082983  0.0000534835762578
49 0.08593440  0.0000000978569496
490 0.11084263 -0.0001272579345192
491 0.11089274 -0.0000002901507444
492 0.11089411  0.0000000545958894
493 0.11122452 -0.0001174144187268
494 0.11122460  0.0002854824201883
495 0.11122465 -0.0002006143109296
496 0.11141535 -0.0000001493668961
497 0.11164734  0.0002601838746284
498 0.11181278 -0.0000003285295513
499 0.11181546  0.0000003327940792
5 0.08102787 -0.0668676050653629
50 0.09170640 -0.0000264644845146
500 0.11190442 -0.0001831069339047
501 0.11190612 -0.0001514346385345
502 0.11190669  0.0002866164152362
503 0.11200017  0.0000156569549351
504 0.11200045 -0.0001110644857507
505 0.11200048  0.0000943231636006
506 0.11233726  0.0005409224063274
507 0.11233810 -0.0033358339234081
508 0.11233838  0.0027909049309952
509 0.11241737 -0.0000050085004680
51 0.09172155  0.0000706452726903
510 0.11243125 -0.0000000003149657
511 0.11243531  0.0000010806561450
512 0.11285196 -0.0000562932029537
513 0.11285722  0.0003648138594567
514 0.11285784 -0.0003118073146400
515 0.11323837 -0.0000861253338756
516 0.11323947  0.0001855342681964
517 0.11324042 -0.0000924919952831
518 0.11364335  0.0000009633739900
519 0.11364426  0.0002629571688386
52 0.09173413  0.0001264923752856
520 0.11364428 -0.0002592788149563
521 0.11381381  0.0003436317912538
522 0.11381465 -0.0022134565631518
523 0.11381481  0.0019553481758629
524 0.11382409  0.0000774218322368
525 0.11382524 -0.0000791370839833
526 0.11407817  0.0000000453493810
527 0.11407926 -0.0000000060262736
528 0.11433333  0.0000068568165357
529 0.11433781 -0.0000061708478344
53 0.09173737 -0.0000586659559304
530 0.11436968  0.0001466293562921
531 0.11437156 -0.0000602246433297
532 0.11438165 -0.0000989808166056
533 0.11441362  0.0000275115135957
534 0.11441618 -0.0000023715447293
535 0.11442166 -0.0000119865916191
536 0.11445369 -0.0000051238109239
537 0.11445494  0.0000015284823360
538 0.11449516 -0.0002067172270272
539 0.11449630  0.0000728437900264
54 0.09173998 -0.0001205579419696
540 0.11451996  0.0001053960365511
541 0.11461849  0.0000100302971318
542 0.11461916 -0.0000137921510769
543 0.11462290  0.0000048168794352
544 0.11465835 -0.0045165171348039
545 0.11465863  0.0048433963234646
546 0.11466363 -0.0003308054896879
547 0.11473016 -0.0000000716214232
548 0.11476815  0.0000002476086712
549 0.11477096  0.0000559082515342
55 0.09179080 -0.0049204213594750
550 0.11478794  0.0000183128548898
551 0.11478980 -0.0021254188367098
552 0.11479162  0.0020564267384472
553 0.11486040  0.0127622975748924
554 0.11486054 -0.0142045439913324
555 0.11486392  0.0013408440439614
556 0.11491350  0.0057305541957231
557 0.11491444 -0.0061993803119428
558 0.11491804  0.0005527900239200
559 0.11497091  0.0025291391876694
56 0.09179124  0.0048926945660894
560 0.11497222 -0.0031205550951263
561 0.11497570 -0.0002011865583020
562 0.11497786  0.0009435921502009
563 0.11498280  0.0003980794493037
564 0.11499759 -0.0006734537615709
565 0.11500475  0.0137122286517472
566 0.11500596 -0.0145702137155147
567 0.11502249 -0.0016333042922370
568 0.11502525  0.0019438609034442
569 0.11503427  0.0005464901833755
57 0.09181634  0.0000483987595806
570 0.11517891  0.0058064087041842
571 0.11517917 -0.0001081391828857
572 0.11517970 -0.0059183532451492
573 0.11518808  0.0004513182281600
574 0.11524464  0.0000100877171050
575 0.11527833 -0.0164985330533853
576 0.11527934  0.0148140809003693
577 0.11529197  0.0848763249963760
578 0.11529269 -0.0843470200947773
579 0.11530939  0.0021971156297689
58 0.09190656  0.0132665491891978
580 0.11530979 -0.0003262305572671
581 0.11531318 -0.0009809359679982
582 0.11531761  0.0002951592481238
583 0.11534139  0.0000067843779194
584 0.11534793  0.0000015292053132
585 0.11543337 -0.0110501696477186
586 0.11543397  0.0131572634470490
587 0.11543879 -0.0023930900682768
588 0.11544031 -0.0071456999495811
589 0.11544252  0.0207630461745079
59 0.09190663 -0.0136302521953162
590 0.11544337 -0.0134212301546106
591 0.11544964  0.0001383267369263
592 0.11548076 -0.0005006498519018
593 0.11548098  0.0005891612180391
594 0.11548360 -0.0000985837526336
595 0.11549783 -0.0000175534072865
596 0.11549911  0.0000173908701622
597 0.11557880  0.0000131614596105
598 0.11558096  0.0000144223691785
599 0.11558551 -0.0000486948827624
6 0.08146766  0.0008673976122559
60 0.09190826  0.0003584737658541
600 0.11563722 -0.0005028731949499
601 0.11564148  0.0042341918647339
602 0.11564184 -0.0037560903282539
603 0.11566637 -0.0002423971803905
604 0.11566848  0.0007654506798767
605 0.11567742 -0.0111551095139173
606 0.11567789  0.0140671063194855
607 0.11568153 -0.0021634746734961
608 0.11568792 -0.0013547280599566
609 0.11575113 -0.0000087397773400
61 0.09205750 -0.0000858291268739
610 0.11575193  0.0000122065351846
611 0.11576070  0.0000051037618223
612 0.11577850  0.0001692760758233
613 0.11577971 -0.0007670503458416
614 0.11577985  0.0006063238987318
615 0.11582849  0.0001211574071511
616 0.11583439  0.0008986746422916
617 0.11583529 -0.0010457810824059
618 0.11584389  0.0000220300012765
619 0.11584478 -0.0000229298824362
62 0.09207057  0.0000845842384870
620 0.11588519 -0.0000042196523069
621 0.11590226 -0.0008715740601856
622 0.11590335  0.0005312542598186
623 0.11590357  0.0003379585843208
624 0.11596912 -0.0000000339961377
625 0.11603372  0.0015353437230229
626 0.11606412  0.0010120894918093
627 0.11606458 -0.0013805019006277
628 0.11608654 -0.0302018672634227
629 0.11608758 -0.0077433781645940
63 0.09213757 -0.0003263249276554
630 0.11609234  0.0627975381977204
631 0.11609575  0.2285562660277786
632 0.11609608 -0.2564387268241360
633 0.11611436  0.0021956296787976
634 0.11617831  0.2472007453908523
635 0.11617851 -0.2582868597533104
636 0.11618389  0.0233407541310040
637 0.11619007 -0.0836097731005790
638 0.11619199  0.0740127049149554
639 0.11620922 -0.0032091755137080
64 0.09214455  0.0003991865183170
640 0.11625135 -0.0004301850141592
641 0.11625261  0.0011024801142815
642 0.11625440 -0.0005043762232976
643 0.11625811 -0.0001643933171414
644 0.11626244  0.0000107878317899
645 0.11626556  0.0000028534869388
646 0.11635219 -0.0146022511209380
647 0.11635265  0.0161157249823161
648 0.11636104 -0.0014464474803708
649 0.11637570 -0.0001463536616623
65 0.09214608 -0.0000071664765811
650 0.11638271  0.0001076107878541
651 0.11640725  0.0036533909730701
652 0.11640761 -0.0037066366652936
653 0.11642798 -0.0002903661812800
654 0.11643876  0.0001503631843405
655 0.11644001  0.0001353691260441
656 0.11644806  0.0002037962879743
657 0.11646621 -0.0079100790337309
658 0.11646654  0.0079337669339342
659 0.11647726 -0.0001057720748317
66 0.09226966  0.0000000438587523
660 0.11649629  0.0001050438191175
661 0.11649679 -0.0001618730362236
662 0.11650142  0.0000846969116932
663 0.11652327 -0.0012454017260632
664 0.11652403  0.0011183187499221
665 0.11654080  0.0000315355090035
666 0.11662293 -0.0000003277812133
667 0.11672371  0.0147336800086950
668 0.11672430 -0.0182860020871099
669 0.11672708  0.0007148420509111
67 0.09230160  0.0000000534954323
670 0.11672796  0.0038291330866618
671 0.11672818 -0.0003936582745535
672 0.11673548 -0.0006696708127671
673 0.11675172  0.0035571972200335
674 0.11675197 -0.0036443423979869
675 0.11675533  0.0001374654283440
676 0.11678022 -0.0003381747992269
677 0.11678109  0.0005329788926199
678 0.11678491 -0.0001227581588507
679 0.11685264  0.0000001823139139
68 0.09239488 -0.0119194421237327
680 0.11685759  0.0000001684627898
681 0.11687203 -0.0000005357046109
682 0.11689845  0.0001370700629298
683 0.11689899 -0.0001727374692088
684 0.11690826  0.0000365417735745
685 0.11704805  0.0000029348868098
686 0.11705218  0.0000015671642403
687 0.11706438  0.0000013563673390
688 0.11714393 -0.0006252031305030
689 0.11714470  0.0009654004005503
69 0.09239611  0.0119570507958496
690 0.11714664 -0.0003179340607640
691 0.11715258  0.0000026495324093
692 0.11720068 -0.0012846424481387
693 0.11720095  0.0013457784818154
694 0.11720603 -0.0000468931963644
695 0.11722927 -0.0000005945909018
696 0.11730726  0.0000118641672442
697 0.11731027 -0.0000152674041092
698 0.11732146  0.0000000874039385
699 0.11734759  0.0004888500989204
7 0.08146786 -0.0010156308108593
70 0.09242170 -0.0001189193698240
700 0.11734767 -0.0004425376366524
701 0.11735116 -0.0000376619516527
702 0.11737316  0.0003324217750023
703 0.11737372 -0.0002316333667891
704 0.11737547 -0.0000351443784201
705 0.11737916  0.0013893954529903
706 0.11738003 -0.0015521718830970
707 0.11738581 -0.0001341480751356
708 0.11740218  0.0038515537814946
709 0.11740226 -0.0039724696041757
71 0.09253534  0.0031290959183169
710 0.11740309  0.0000986863972547
711 0.11743416 -0.0004856044727345
712 0.11743442  0.0006351722063806
713 0.11743856 -0.0001726587599859
714 0.11746627 -0.0000274699245557
715 0.11747081  0.0000239131912302
716 0.11750791 -0.0003883238688274
717 0.11750890  0.0008565590598403
718 0.11751150 -0.0005036720529465
719 0.11753597 -0.0006523295738224
72 0.09253666 -0.0027549991153893
720 0.11754532  0.0017702872143584
721 0.11754855  0.0050694284148142
722 0.11754940 -0.0061313769090455
723 0.11757489  0.0001170077394308
724 0.11761295  0.0016186408904053
725 0.11761327 -0.0015749635772379
726 0.11761575 -0.0000650802334454
727 0.11762536 -0.0001953643776182
728 0.11762580  0.0001374070468277
729 0.11762721  0.0000046859291629
73 0.09257708 -0.0005134850857373
730 0.11765992 -0.0009704473174427
731 0.11766178  0.0014885312111191
732 0.11766321 -0.0006059380453849
733 0.11770342  0.0000112953029910
734 0.11770704 -0.0000498105815234
735 0.11770911  0.0009464627119812
736 0.11770927 -0.0009737796509263
737 0.11771353  0.0000068308736886
738 0.11774405 -0.0060307163057578
739 0.11774414  0.0062272807287494
74 0.09260240 -0.0061952914203470
740 0.11774753 -0.0001845512790811
741 0.11776847  0.0017835835533448
742 0.11776870 -0.0032912324841462
743 0.11777473 -0.0001261874083566
744 0.11777557  0.0087900073380358
745 0.11777618 -0.0032289520218137
746 0.11777641 -0.0039859201855219
747 0.11778620  0.0000117470030584
748 0.11784288  0.0000008497669298
749 0.11787262 -0.0000219979336918
75 0.09260288  0.0063067443695558
750 0.11787889  0.0000184772825763
751 0.11791294  0.0000004120278172
752 0.11791892 -0.0000037309993449
753 0.11800513 -0.0000399494744035
754 0.11800638  0.0000599390563681
755 0.11801035 -0.0000170065130284
756 0.11804775  0.0000156429481812
757 0.11807528  0.0033928697778402
758 0.11807539 -0.0035849870126035
759 0.11808278  0.0000979857131821
76 0.09261116 -0.0000429504267793
760 0.11811549 -0.0005842981549751
761 0.11811656  0.0005317819279685
762 0.11812850  0.0001236295106354
763 0.11817776 -0.0019406097761656
764 0.11818203  0.0019839397512522
765 0.11819748 -0.0000341103865320
766 0.11834479 -0.0067547361856953
767 0.11834499  0.0069306851784144
768 0.11834882 -0.0003957477050624
769 0.11839888  0.0023166082461672
77 0.09280020  0.0004096692387379
770 0.11839952  0.0014820503552436
771 0.11840403  0.0031306955702803
772 0.11840702  0.0016157221363614
773 0.11840776 -0.0036421757076516
774 0.11840978 -0.0026264144745866
775 0.11845539 -0.0076316412140014
776 0.11846422  0.0088373234313365
777 0.11847312  0.0029188954220067
778 0.11847658 -0.0320980185316065
779 0.11847685  0.0088445157609298
78 0.09280032 -0.0004935983152272
780 0.11847718  0.0166820728974652
781 0.11848020  0.0021931915674942
782 0.11848313 -0.0014183702051438
783 0.11851059  0.0001981124171085
784 0.11854991 -0.0000461836595557
785 0.11855022  0.0000281928408407
786 0.11855831 -0.0003238281576530
787 0.11861800 -0.0003697009933963
788 0.11863129  0.0002908441296191
789 0.11864758 -0.0011018128582986
79 0.09280569  0.0001071096781146
790 0.11864821  0.0011443703390167
791 0.11864958  0.0007988815558645
792 0.11865217 -0.0001498400459329
793 0.11865646 -0.0001409260933832
794 0.11869518 -0.0004910374271980
795 0.11870625  0.0000140123499401
796 0.11871598 -0.0018695190873135
797 0.11871685 -0.0020321787204245
798 0.11872047  0.0014230674564041
799 0.11872184  0.0007755216117238
8 0.08147032  0.0001445189711894
80 0.09298127  0.0000507769127908
800 0.11872324 -0.0003592192753485
801 0.11874132  0.0004928990231783
802 0.11881996  0.0000413712685371
803 0.11882531  0.0014177574006640
804 0.11882584  0.0003422906171909
805 0.11882937 -0.0003091590975799
806 0.11883073 -0.0003484412518712
807 0.11883677  0.0021294474328097
808 0.11885876  0.0000650654896856
809 0.11886077 -0.0005704524995456
81 0.09299872  0.0000181587608125
810 0.11886332  0.0004127886460294
811 0.11886733 -0.0003730083569584
812 0.11888618 -0.0077818589033416
813 0.11888718  0.0064396842272931
814 0.11890860 -0.0000129752594358
815 0.11893164  0.0028567450042585
816 0.11893326 -0.0028048433376205
817 0.11898547  0.0000243831928319
818 0.11898786 -0.0000131449926403
819 0.11898823 -0.0000132665081840
82 0.09301538  0.0099765631435334
820 0.11910014  0.0000098939851572
821 0.11910808 -0.0054543202650977
822 0.11910895  0.0052165327771165
823 0.11911230  0.0004107811479794
824 0.11911926 -0.0007070718700991
825 0.11911951  0.0009937923589942
826 0.11919349 -0.0002772641100936
827 0.11921395 -0.0003035215740029
828 0.11936410 -0.0000713328775164
829 0.11939970 -0.0000830155075222
83 0.09301554 -0.0102978825131248
830 0.11939998 -0.0001136798449130
831 0.11940159  0.0000275107349898
832 0.11940186  0.0000338125093096
833 0.11941309 -0.0007035883161438
834 0.11941355  0.0003713022371613
835 0.11944551  0.0035098708932442
836 0.11944683 -0.0104567987077625
837 0.11944736  0.0074162283461923
838 0.11964434 -0.0463364741127609
839 0.11964888  0.0493096922001921
84 0.09302685  0.0003552398100863
840 0.11966973 -0.0001300906264632
841 0.11974858  0.0452354412898355
842 0.11975055 -0.0381683812382410
843 0.11976053  0.0001229273782072
844 0.11980756  0.1005801346072285
845 0.11981631 -0.1109600438984152
846 0.11992817 -0.0004909525512678
847 0.11993551 -0.0214176072168421
848 0.11993721  0.0188468894645230
849 0.12018782  0.0041576321538663
85 0.09322238 -0.0000217475955989
850 0.12135077 -0.0005536018575505
851 0.12135293  0.0028206975805705
852 0.12135322 -0.0022858502859423
853 0.12148224  0.0000390955916092
854 0.12148514 -0.0000412347716626
855 0.12154933 -0.0006971387396752
856 0.12155081  0.0009665134656149
857 0.12155393 -0.0002743296962896
858 0.12161378  0.0000220616141143
859 0.12161480 -0.0000388865814955
86 0.09322578  0.0088671717264776
860 0.12161559  0.0000173953569858
861 0.12166847 -0.0001579123691541
862 0.12166972  0.0001976082563288
863 0.12167556 -0.0001015011341271
864 0.12167928  0.0000798943425106
865 0.12169827 -0.0000138302152846
866 0.12177918  0.0000011837237933
867 0.12208444 -0.0017023384691975
868 0.12208688  0.0067774148300069
869 0.12208763 -0.0050937336078851
87 0.09322680 -0.0089608734664054
870 0.12218417 -0.0000004013024346
871 0.12230847 -0.0007800844446600
872 0.12230893  0.0008232385297963
873 0.12231540 -0.0000452756809341
874 0.12244981  0.0001038020830197
875 0.12245208 -0.0001142824851834
876 0.12245758  0.0000171271715850
877 0.12246852 -0.0000173172448585
878 0.12247786 -0.0000038403331214
879 0.12248983  0.0000160222015922
88 0.09323995 -0.0000944806637974
880 0.12257652  0.0000236658054066
881 0.12257797 -0.0000560181331533
882 0.12257964  0.0000335334045382
883 0.12272850  0.0012467008837764
884 0.12273100 -0.0025874893535705
885 0.12273315  0.0014481476065916
886 0.12275666 -0.0010382957050811
887 0.12275756  0.0011447186268265
888 0.12276641 -0.0001488881528028
889 0.12279648  0.0009212666180423
89 0.09328746 -0.0048931976431413
890 0.12279735 -0.0013699102001158
891 0.12280137  0.0003962098949428
892 0.12305350 -0.0000013118240369
893 0.12306074  0.0000026821148934
894 0.12306652 -0.0007247482432911
895 0.12306688  0.0008727353071381
896 0.12306868 -0.0001449707794538
897 0.12320889 -0.0000001312755329
898 0.12321066  0.0000012148171392
899 0.12327258  0.0000678118061316
9 0.08170535  0.0001112568228905
90 0.09328807  0.0044539181033623
900 0.12327543 -0.0003397247490873
901 0.12327585  0.0002771323895045
902 0.12331092 -0.0000025391226734
903 0.12337925 -0.0000005126392594
904 0.12339670  0.0003549380482130
905 0.12340108 -0.0033934775992104
906 0.12340124  0.0020893928357162
907 0.12340643  0.0039298374095738
908 0.12340683 -0.0022175376346417
909 0.12341179 -0.0008073774939761
91 0.09329129  0.0004194626124959
910 0.12342340  0.0000539538850372
911 0.12345457 -0.0000009569076217
912 0.12345878 -0.0000010484136155
913 0.12349484  0.0001311541121570
914 0.12349522 -0.0001953198075839
915 0.12349655  0.0000172046674124
916 0.12350371  0.0000081155846618
917 0.12356885  0.0001573798896381
918 0.12356916 -0.0002399027312300
919 0.12357028  0.0000785756699514
92 0.09341000  0.0141090776318549
920 0.12359428 -0.0059606839694233
921 0.12359450  0.0099778242515964
922 0.12359508 -0.0037884759890920
923 0.12359581 -0.0233068007971971
924 0.12359592  0.0232331841434883
925 0.12359903 -0.0002264519602158
926 0.12362068 -0.0000101355177417
927 0.12362442  0.0000044730319040
928 0.12371463  0.0009934220709623
929 0.12371512 -0.0019560332797073
93 0.09341021 -0.0144941891858556
930 0.12371567  0.0013237540234205
931 0.12374936 -0.0006911981512708
932 0.12375278  0.0049410093389753
933 0.12375336 -0.0044026434454117
934 0.12383134 -0.0000008489855104
935 0.12383175  0.0000007262901734
936 0.12386826 -0.0000280950037692
937 0.12387438  0.0005209959228550
938 0.12387512 -0.0002476397192715
939 0.12387557 -0.0006216207857018
94 0.09344723  0.0001993313818797
940 0.12387767  0.0005415774024980
941 0.12387824  0.0003175048840734
942 0.12387861 -0.0004383772948242
943 0.12392210 -0.0006141911324760
944 0.12392278  0.0004419356175441
945 0.12393553  0.0000673977868508
946 0.12400447 -0.0000310063332726
947 0.12400764  0.0000148400224923
948 0.12402189  0.0005398247347763
949 0.12403006 -0.0019033843241106
95 0.09345498  0.0000143659836053
950 0.12403273  0.0010407951299302
951 0.12405930  0.0014566257126186
952 0.12407876 -0.0165288318904911
953 0.12408198  0.0231890405576590
954 0.12408452  0.0020569314109804
955 0.12408645 -0.0042316006791795
956 0.12409132 -0.0331517560575825
957 0.12409228  0.0276099508408433
958 0.12419010  0.0000029229238233
959 0.12419557  0.0000631596921946
96 0.09346368  0.0010271174456725
960 0.12420213 -0.0000762163084571
961 0.12420532  0.0001277427917552
962 0.12420613 -0.0001931284404006
963 0.12428270  0.0003780479182023
964 0.12428292 -0.0001891253795266
965 0.12428364 -0.0001244756001725
966 0.12432284  0.0000031877980872
967 0.12437362  0.0039688707346318
968 0.12437624 -0.0038632276746169
969 0.12437905 -0.0244949784850377
97 0.09346609 -0.0011824222822718
970 0.12437962  0.0219058710528964
971 0.12438298  0.0089460550030308
972 0.12438508 -0.0064532566372286
973 0.12445179  0.0000054472723980
974 0.12445614  0.0000036215752968
975 0.12457099 -0.0003357560575135
976 0.12457102  0.0003759791211681
977 0.12457689 -0.0000510936210558
978 0.12464671 -0.0000847586164141
979 0.12464688 -0.0000759527514950
98 0.09346763 -0.0002881124457574
980 0.12464814 -0.0000075728641597
981 0.12466483  0.0000348611940356
982 0.12474326 -0.0000078110251410
983 0.12474782 -0.0000841932765875
984 0.12474790  0.0000673239388121
985 0.12477734  0.0000055965729089
986 0.12477958 -0.0000205297446321
987 0.12480080  0.0000425128798161
988 0.12480204 -0.0003280320197790
989 0.12480217  0.0002769697050053
99 0.09347665  0.0007003726192802
990 0.12482964 -0.0000728186097909
991 0.12483091  0.0000508950301279
992 0.12483219  0.0000139251338153
993 0.12484711  0.0004154222370795
994 0.12484753 -0.0004555712297069
995 0.12484974 -0.0000158546817909
996 0.12487272  0.0000006440589602
997 0.12489689 -0.0000209976653027
998 0.12491887  0.0000593571811322
999 0.12491991 -0.0000382035383491
