-18 0.000109327769044428
-17.3571428571429 0.000122604435492173
-16.7142857142857 0.000166616591402248
-16.0714285714286 0.000262557824584116
-15.4285714285714 0.000454768557142284
-14.7857142857143 0.000827829757748429
-14.1428571428571 0.00153897521494946
-13.5 0.00287945472492656
-12.8571428571429 0.00533042727267599
-12.2142857142857 0.00950087810985687
-11.5714285714286 0.0156238863977999
-10.9285714285714 0.0223620620571151
-10.2857142857143 0.0257963852796264
-9.64285714285714 0.0249890312309278
-9 0.0295737082907561
-8.35714285714285 0.0402974787375896
-7.71428571428571 0.0405180984213252
-7.07142857142857 0.0300864040869886
-6.42857142857143 0.0280427417082728
-5.78571428571428 0.034118986591229
-5.14285714285714 0.040095800474328
-4.5 0.0439123062122293
-3.85714285714285 0.0540244145502391
-3.21428571428571 0.0712774536200426
-2.57142857142857 0.0770098811667647
-1.92857142857143 0.0626149897471733
-1.28571428571428 0.0476692111096763
-0.64285714285714 0.0457547929685671
3.10862446895044e-15 0.0469027702615775
0.642857142857146 0.0456950089587638
1.28571428571429 0.0487795359689077
1.92857142857143 0.0649794818425889
2.57142857142857 0.0775595686695949
3.21428571428572 0.0695764273921217
3.85714285714286 0.0522764282875455
4.5 0.0434536200577505
5.14285714285715 0.0397971661109785
5.78571428571429 0.0336008963159764
6.42857142857143 0.0279876917794783
7.07142857142857 0.0313623285818192
7.71428571428572 0.0417570928887518
8.35714285714286 0.0395169391161311
9 0.0287136413984974
9.64285714285715 0.0253115374914008
10.2857142857143 0.0260910223080607
10.9285714285714 0.0220322398358458
11.5714285714286 0.015115931300037
12.2142857142857 0.00909292001162554
12.8571428571429 0.00506825295625891
13.5 0.00272713432819233
14.1428571428571 0.00145412654992628
14.7857142857143 0.00078164414457866
15.4285714285714 0.000430241373866778
16.0714285714286 0.000250052562748553
16.7142857142857 0.000160587449692754
17.3571428571429 0.000120194704362967
