-18 0.000119144565621162
-17.3571428571429 0.000130371488421549
-16.7142857142857 0.000169005966371158
-16.0714285714286 0.000251373041357042
-15.4285714285714 0.000411044633655177
-14.7857142857143 0.000710234509343221
-14.1428571428571 0.00125969584644024
-13.5 0.0022531698336665
-12.8571428571429 0.00398829873014814
-12.2142857142857 0.00681394699275211
-11.5714285714286 0.0108407494730342
-10.9285714285714 0.0153517688948095
-10.2857142857143 0.0184780985968012
-9.64285714285714 0.0205285074842731
-9 0.0263365958999091
-8.35714285714285 0.03289986884888
-7.71428571428571 0.030831944362222
-7.07142857142857 0.0251907298505456
-6.42857142857143 0.0285071034682956
-5.78571428571428 0.0369034230987489
-5.14285714285714 0.0429317268054725
-4.5 0.0466713422754526
-3.85714285714285 0.0593237866826024
-3.21428571428571 0.0806350098300043
-2.57142857142857 0.0860134697420731
-1.92857142857143 0.0678830971700552
-1.28571428571428 0.0520858960681187
-0.64285714285714 0.0526380874771509
3.10862446895044e-15 0.0553615395886205
0.642857142857146 0.0526380380400958
1.28571428571429 0.0520858221226941
1.92857142857143 0.0678829926920065
2.57142857142857 0.0860132881156479
3.21428571428572 0.0806347831597079
3.85714285714286 0.0593236165191999
4.5 0.0466712505851533
5.14285714285715 0.0429316616112064
5.78571428571429 0.0369033676620911
6.42857142857143 0.0285070570607473
7.07142857142857 0.0251906662681365
7.71428571428572 0.0308318299365928
8.35714285714286 0.032899744497041
9 0.026336519419812
9.64285714285715 0.020528441057879
10.2857142857143 0.0184780070140741
10.9285714285714 0.0153516827760987
11.5714285714286 0.0108406882071415
12.2142857142857 0.00681391096238644
12.8571428571429 0.00398827766353234
13.5 0.0022531591797341
14.1428571428571 0.00125969010865162
14.7857142857143 0.000710232143475947
15.4285714285714 0.000411044326205088
16.0714285714286 0.000251373890137812
16.7142857142857 0.000169006936170564
17.3571428571429 0.000130372375090776
