-18 0.000107168010376361
-17.3571428571429 0.000119303258667744
-16.7142857142857 0.000161875562594803
-16.0714285714286 0.000255920964364264
-15.4285714285714 0.000446080921813649
-14.7857142857143 0.000818661422085046
-14.1428571428571 0.00153542318883743
-13.5 0.00289968625322833
-12.8571428571429 0.00542148304925307
-12.2142857142857 0.00976879156620014
-11.5714285714286 0.0162549235271325
-10.9285714285714 0.0235554094708724
-10.2857142857143 0.0273775900449112
-9.64285714285714 0.0257526021451118
-9 0.0289800199283345
-8.35714285714285 0.0404970459728277
-7.71428571428571 0.0428001781824464
-7.07142857142857 0.0319183902087452
-6.42857142857143 0.0282617010383112
-5.78571428571428 0.0336624381368149
-5.14285714285714 0.0396711120766196
-4.5 0.0431770565272994
-3.85714285714285 0.0517910342487427
-3.21428571428571 0.0682170635907159
-2.57142857142857 0.0753942003388077
-1.92857142857143 0.0629548367568127
-1.28571428571428 0.0478045306230045
-0.64285714285714 0.0451350751580517
3.10862446895044e-15 0.0461834167011877
0.642857142857146 0.0451350782567813
1.28571428571429 0.0478045147655713
1.92857142857143 0.062954798795427
2.57142857142857 0.0753941932193331
3.21428571428572 0.0682170954913295
3.85714285714286 0.0517910662024466
4.5 0.0431770650999677
5.14285714285715 0.039671118968935
5.78571428571429 0.033662451120693
6.42857142857143 0.0282617079219344
7.07142857142857 0.0319183737335123
7.71428571428572 0.0428001593584438
8.35714285714286 0.0404970630622513
9 0.0289800425058815
9.64285714285715 0.0257526023595096
10.2857142857143 0.0273775858844581
10.9285714285714 0.0235554161987023
11.5714285714286 0.0162549351401908
12.2142857142857 0.00976880231996248
12.8571428571429 0.00542149126971145
13.5 0.00289969222866118
14.1428571428571 0.00153542771170058
14.7857142857143 0.000818665112770741
15.4285714285714 0.000446084086215297
16.0714285714286 0.000255923645462237
16.7142857142857 0.000161877654787404
17.3571428571429 0.000119304566752913
