-18 1.6976931786236e-07
-17.3571428571429 5.49370121749716e-07
-16.7142857142857 2.062981961119e-06
-16.0714285714286 6.29936771765067e-06
-15.4285714285714 1.77868133715556e-05
-14.7857142857143 4.93535780318589e-05
-14.1428571428571 0.000136055296972958
-13.5 0.000375041389294051
-12.8571428571429 0.00102638127392616
-12.2142857142857 0.00277196257493879
-11.5714285714286 0.00727842885890468
-10.9285714285714 0.0180716692856853
-10.2857142857143 0.0394971209602777
-9.64285714285714 0.0676650714140522
-9 0.0863594547842793
-8.35714285714285 0.0860247673081293
-7.71428571428571 0.0667201072812133
-7.07142857142857 0.0379124921170172
-6.42857142857143 0.0179517222358549
-5.78571428571428 0.0149927192054074
-5.14285714285714 0.028450666973398
-4.5 0.0506078282224093
-3.85714285714285 0.0529615097228799
-3.21428571428571 0.0277942392215625
-2.57142857142857 0.0270772113319575
-1.92857142857143 0.0519907924721165
-1.28571428571428 0.0508128415562618
-0.64285714285714 0.0305935345633458
3.10862446895044e-15 0.0212491249548422
0.642857142857146 0.0305941389203749
1.28571428571429 0.0508138835574758
1.92857142857143 0.0519914932215712
2.57142857142857 0.0270769812928054
3.21428571428572 0.0277940804600593
3.85714285714286 0.0529622849873376
4.5 0.0506088171287694
5.14285714285715 0.0284512288453503
5.78571428571429 0.0149928642575994
6.42857142857143 0.0179516394465732
7.07142857142857 0.0379125480452674
7.71428571428572 0.0667210891986572
8.35714285714286 0.0860270814679781
9 0.0863618680905014
9.64285714285715 0.0676661873857276
10.2857142857143 0.0394972138498112
10.9285714285714 0.0180715067593568
11.5714285714286 0.00727830278175834
12.2142857142857 0.00277189618154199
12.8571428571429 0.00102635317083641
13.5 0.00037502975506047
14.1428571428571 0.000136051322740011
14.7857142857143 4.93519232776822e-05
15.4285714285714 1.77864303358131e-05
16.0714285714286 6.29942209597489e-06
16.7142857142857 2.06322129560756e-06
17.3571428571429 5.49546145105783e-07
