0 -0.243689507378429 2.09175e-05
1 -0.243678612031567 3.14218e-05
2 -0.243678612025512 2.01713e-05
3 -0.243678612017195 2.73611e-05
4 -0.243584002560874 4.62632e-05
5 -0.243584002550737 1.74187e-05
6 -0.243584002537613 2.04018e-05
7 -0.243201618304149 4.02969e-05
8 -0.243201618299019 2.18689e-05
9 -0.243093211729206 2.4658e-05
10 -0.24309321172672 1.46678e-05
11 -0.243093211725273 1.79498e-05
12 -0.24293093672943 1.4812e-05
13 -0.242923866526145 1.19488e-05
14 -0.242923866523637 2.88954e-05
15 -0.242923866514107 1.73621e-05
16 -0.242891335011005 4.91272e-05
17 -0.242891335002254 3.82002e-05
18 -0.24289133499869 6.5289e-05
19 -0.242224499028228 9.41379e-06
20 -0.242224499024603 6.87545e-06
21 -0.242224499023977 2.21325e-05
22 -0.241924712794381 2.08481e-05
23 -0.241924712788562 2.25671e-05
24 -0.241723951051111 0.00113464
25 -0.241723951017365 1.54707e-05
26 -0.241723951014492 0.000136893
27 -0.241559941637657 1.23558e-05
28 -0.241559941637215 2.86202e-05
29 -0.241484719826536 5.0609e-05
30 -0.241484719822512 1.38441e-05
31 -0.24148471982067 3.62091e-05
32 -0.241122091985986 7.37872e-06
33 -0.241122091981726 2.11636e-05
34 -0.241122091981091 1.30693e-05
35 -0.240530496685272 1.99125e-05
36 -0.240530496683223 4.11704e-06
37 -0.240530496674154 7.64163e-06
38 -0.240293096881895 0.000102656
39 -0.24000783965314 8.70961e-06
40 -0.240007839651744 3.71565e-06
41 -0.240007839647369 4.92947e-06
42 -0.23974715721929 1.58623e-06
43 -0.239747157211263 2.67605e-06
44 -0.239351327356167 8.0752e-07
45 -0.239351327353601 7.74312e-07
46 -0.239351327351764 8.24679e-07
47 -0.239007862834784 7.98783e-07
48 -0.239007862827336 1.2098e-06
49 -0.239007862814085 6.98194e-07
50 -0.157406925567509 9.6055e-09
51 -0.150324293590272 1.06595e-08
52 -0.150324293587957 4.9719e-09
53 -0.150324292813668 1.09653e-08
54 -0.143252917048367 1.51143e-08
55 -0.143252917044594 1.31627e-08
56 -0.143252917043264 8.16569e-09
57 -0.140499560886646 1.51179e-08
58 -0.14049956088657 8.95112e-09
59 -0.137032594021223 1.83538e-08
60 -0.135583801915261 8.53571e-09
61 -0.134305088680691 1.71032e-08
62 -0.134305084055767 8.93293e-09
63 -0.134305084054885 9.2255e-09
64 -0.132262367449211 8.54206e-09
65 -0.132262367448674 4.3434e-09
66 -0.132262361157044 1.02127e-08
67 -0.126432690652882 8.55474e-09
68 -0.126432690651635 1.35722e-08
69 -0.126432690649573 8.84756e-09
70 -0.12514435906716 1.86265e-09
71 -0.12514435894792 3.56162e-09
72 -0.125144358944231 7.79896e-09
73 -0.124956814221042 8.99341e-09
74 -0.124956814220714 7.66575e-09
75 -0.123022578188823 1.17435e-08
76 -0.123022578187186 1.00953e-08
77 -0.12302257814974 4.29318e-09
78 -0.122094220884689 2.03989e-08
79 -0.11782202026431 1.28501e-08
80 -0.117822011640266 4.79428e-09
81 -0.117822011639381 7.59471e-09
82 -0.116536723932004 5.94517e-09
83 -0.116536723928522 8.02506e-09
84 -0.116536723897027 5.72214e-09
85 -0.116100765797732 7.67988e-09
86 -0.116100765797601 9.58855e-09
87 -0.114687292944952 4.40536e-09
88 -0.114687282371732 8.43348e-09
89 -0.114687282369312 1.10343e-08
90 -0.1126314333633 7.48325e-09
91 -0.112631433361986 1.01007e-08
92 -0.11263142085789 3.91682e-09
93 -0.111494821954021 1.08585e-08
94 -0.111494821953117 9.52616e-09
95 -0.111473651640185 1.18309e-08
96 -0.108569354406982 8.6868e-09
97 -0.108115315590042 1.98344e-08
98 -0.108115315080338 1.70809e-08
99 -0.108115315080064 1.61612e-08
