-40 1.36472082054341e-06
-39.2857142857143 4.55372586159803e-06
-38.5714285714286 1.59119515089039e-05
-37.8571428571429 4.26373869496396e-05
-37.1428571428571 0.000101434310563282
-36.4285714285714 0.000226596944257253
-35.7142857142857 0.000488829377546501
-35 0.00102072341546772
-34.2857142857143 0.00201995225205228
-33.5714285714286 0.00358437959384526
-32.8571428571428 0.00522146803122368
-32.1428571428571 0.00574728817317725
-31.4285714285714 0.00648905277658981
-30.7142857142857 0.00929249132692898
-30 0.00986816024105231
-29.2857142857143 0.00744453089876206
-28.5714285714286 0.00830295246649328
-27.8571428571429 0.0110444234505375
-27.1428571428571 0.013002653811364
-26.4285714285714 0.0166308668683539
-25.7142857142857 0.0232025115530065
-25 0.0247390452725204
-24.2857142857143 0.0183724757919133
-23.5714285714286 0.0155216329724191
-22.8571428571429 0.0173427507760237
-22.1428571428571 0.0185262478831066
-21.4285714285714 0.0216231895990803
-20.7142857142857 0.0310505026126814
-20 0.0353036689158971
-19.2857142857143 0.0277909553435197
-18.5714285714286 0.0198672376953226
-17.8571428571429 0.0190834392264975
-17.1428571428571 0.0188799173689051
-16.4285714285714 0.0197495454827005
-15.7142857142857 0.0276962416228593
-15 0.0337436705411451
-14.2857142857143 0.0288790181504644
-13.5714285714286 0.0206314186040281
-12.8571428571429 0.0174189861501185
-12.1428571428571 0.0149116741901476
-11.4285714285714 0.0111485411590668
-10.7142857142857 0.009750833277415
-10 0.0137243993903882
-9.28571428571429 0.0152296244681112
-8.57142857142858 0.0115564377229495
-7.85714285714286 0.00936243612744219
-7.14285714285715 0.0094703764384439
-6.42857142857143 0.00835762474191975
-5.71428571428572 0.00625550158652953
-5 0.00487393129747301
-4.28571428571429 0.00537551344340919
-3.57142857142858 0.00563137340184899
-2.85714285714286 0.00449559924679971
-2.14285714285715 0.00426098096354135
-1.42857142857143 0.00428162427789636
-0.714285714285718 0.00382764763877522
-3.99680288865056e-15 0.00363050509200861
0.71428571428571 0.00399807606446211
1.42857142857142 0.00448035131445695
2.14285714285714 0.00444370221804104
2.85714285714285 0.00489106285855393
3.57142857142857 0.00618873081771953
4.28571428571428 0.00581039985218874
5 0.00531172118193635
5.71428571428571 0.0068995762887784
6.42857142857143 0.00914760588553585
7.14285714285714 0.0101961376920813
7.85714285714285 0.00998427314392729
8.57142857142857 0.0124224422133006
9.28571428571428 0.0163387162676251
10 0.0146360312743438
10.7142857142857 0.0104614698722913
11.4285714285714 0.0120032590105489
12.1428571428571 0.0159666797571242
12.8571428571429 0.0185788186088032
13.5714285714286 0.0220778668318374
14.2857142857143 0.0308385114417487
15 0.0356077262832186
15.7142857142857 0.0289303882100898
16.4285714285714 0.0206904238439846
17.1428571428571 0.0198445334393201
17.8571428571429 0.0200134474090621
18.5714285714286 0.0209073052752004
19.2857142857143 0.0293400551779058
20 0.0368396425633352
20.7142857142857 0.0319430819025066
21.4285714285714 0.0221726664191582
22.1428571428571 0.0191103789590788
22.8571428571428 0.0178696394876833
23.5714285714286 0.016053510106951
24.2857142857143 0.019253680061241
25 0.0257041356350291
25.7142857142857 0.0236872758141593
26.4285714285714 0.0168153453370419
27.1428571428571 0.0132087048786866
27.8571428571428 0.0111535251487674
28.5714285714286 0.00833525079630214
29.2857142857143 0.00761486677148802
30 0.0101398964486497
30.7142857142857 0.00930463282130392
31.4285714285714 0.0064114956780711
32.1428571428571 0.00575780175516822
32.8571428571428 0.00519338731228634
33.5714285714286 0.00351134833789759
34.2857142857143 0.00195800539740944
35 0.000984727046854245
35.7142857142857 0.000471857456658
36.4285714285714 0.000219305138761701
37.1428571428571 9.83164904076034e-05
37.8571428571428 4.12476809891656e-05
38.5714285714286 1.52949268717824e-05
39.2857142857143 4.31564342104651e-06
