-40 9.27874764125272e-06
-39.2857142857143 1.07392119993439e-05
-38.5714285714286 1.61864131029697e-05
-37.8571428571429 2.92526378788901e-05
-37.1428571428571 5.84873737812892e-05
-36.4285714285714 0.000121695817321694
-35.7142857142857 0.000256687114772081
-35 0.000536440130826596
-34.2857142857143 0.00107555049137873
-33.5714285714286 0.00194489258263972
-32.8571428571428 0.00288403464401637
-32.1428571428571 0.00312593588526143
-31.4285714285714 0.00329597089097388
-30.7142857142857 0.0048555430129017
-30 0.00548499746934194
-29.2857142857143 0.00414803577596932
-28.5714285714286 0.00452911588376121
-27.8571428571429 0.00617408441024479
-27.1428571428571 0.00729338152895332
-26.4285714285714 0.00882934052581225
-25.7142857142857 0.0124441547443062
-25 0.0141342124771431
-24.2857142857143 0.0109273773705643
-23.5714285714286 0.00927967933094225
-22.8571428571429 0.0108380099059933
-22.1428571428571 0.0120848008206424
-21.4285714285714 0.0136501490469025
-20.7142857142857 0.0192403641021535
-20 0.023279055831006
-19.2857142857143 0.0195053091728993
-18.5714285714286 0.0140441962239842
-17.8571428571429 0.0141605847287266
-17.1428571428571 0.0153537801255458
-16.4285714285714 0.0165951476165648
-15.7142857142857 0.0228708112160038
-15 0.0299451754271648
-14.2857142857143 0.0280370619845475
-13.5714285714286 0.0204937535839847
-12.8571428571429 0.0178879234187691
-12.1428571428571 0.0177593486211367
-11.4285714285714 0.0158195714963521
-10.7142857142857 0.0141807383530978
-10 0.0191063368081772
-9.28571428571429 0.0254523258694745
-8.57142857142858 0.0225701756548034
-7.85714285714286 0.0159837755419562
-7.14285714285715 0.0157485187244071
-6.42857142857143 0.0178558946288516
-5.71428571428572 0.0176171966587801
-5 0.0153873919839597
-4.28571428571429 0.0161836136157852
-3.57142857142858 0.0230095031056726
-2.85714285714286 0.0253306113796437
-2.14285714285715 0.0190959988013787
-1.42857142857143 0.0147032888268309
-0.714285714285718 0.0160902247842567
-3.99680288865056e-15 0.0173179029103544
0.71428571428571 0.0160902245793348
1.42857142857142 0.0147032885676657
2.14285714285714 0.0190959985751779
2.85714285714285 0.0253306109519802
3.57142857142857 0.023009502515617
4.28571428571428 0.0161836132271177
5 0.0153873916490421
5.71428571428571 0.0176171960934847
6.42857142857143 0.0178558938337182
7.14285714285714 0.0157485178701828
7.85714285714285 0.0159837747283702
8.57142857142857 0.0225701745545869
9.28571428571428 0.0254523244229952
10 0.0191063356197375
10.7142857142857 0.0141807375551393
11.4285714285714 0.0158195705498875
12.1428571428571 0.0177593473948673
12.8571428571429 0.0178879220863762
13.5714285714286 0.0204937521026305
14.2857142857143 0.0280370598827606
15 0.0299451729133047
15.7142857142857 0.0228708091608149
16.4285714285714 0.0165951461654477
17.1428571428571 0.015353778770691
17.8571428571429 0.0141605834256645
18.5714285714286 0.014044194959493
19.2857142857143 0.0195053074241067
20 0.0232790535382633
20.7142857142857 0.0192403620930452
21.4285714285714 0.0136501476542753
22.1428571428571 0.0120847995925897
22.8571428571428 0.0108380087411073
23.5714285714286 0.00927967829249969
24.2857142857143 0.0109273761327887
25 0.0141342107514805
25.7142857142857 0.0124441531336072
26.4285714285714 0.00882933938709663
27.1428571428571 0.00729338061406827
27.8571428571428 0.00617408362850977
28.5714285714286 0.00452911534247147
29.2857142857143 0.0041480353809157
30 0.00548499688670324
30.7142857142857 0.00485554247406153
31.4285714285714 0.00329597063446593
32.1428571428571 0.00312593564535241
32.8571428571428 0.00288403431433825
33.5714285714286 0.00194489229382747
34.2857142857143 0.00107555029026931
35 0.000536439979265405
35.7142857142857 0.000256687005322586
36.4285714285714 0.000121695730841072
37.1428571428571 5.84873139034839e-05
37.8571428571428 2.92525880234193e-05
38.5714285714286 1.61863694578093e-05
39.2857142857143 1.07391699102606e-05
