-40 9.58412696008415e-06
-39.2857142857143 1.10020190813582e-05
-38.5714285714286 1.62326663981882e-05
-37.8571428571429 2.85868563240326e-05
-37.1428571428571 5.57050793922741e-05
-36.4285714285714 0.000113227323934893
-35.7142857142857 0.0002336258728769
-35 0.000477808776320526
-34.2857142857143 0.000937865801228768
-33.5714285714286 0.0016662682422754
-32.8571428571428 0.00245577326818734
-32.1428571428571 0.00276673105421755
-31.4285714285714 0.00318798319743746
-30.7142857142857 0.00450366142787718
-30 0.00472699298439891
-29.2857142857143 0.00373333942967352
-28.5714285714286 0.00450307226608982
-27.8571428571429 0.00619158048156168
-27.1428571428571 0.00737826299635301
-26.4285714285714 0.00940981685738262
-25.7142857142857 0.0132397010230512
-25 0.014298778249616
-24.2857142857143 0.0107853087964457
-23.5714285714286 0.00954960724377575
-22.8571428571429 0.0112962997805054
-22.1428571428571 0.0124746687522825
-21.4285714285714 0.0143523296390232
-20.7142857142857 0.0207772567950834
-20 0.0247592324853531
-19.2857142857143 0.0200692736276425
-18.5714285714286 0.0143980633435905
-17.8571428571429 0.0147389520036326
-17.1428571428571 0.0158969446460473
-16.4285714285714 0.0171283037895151
-15.7142857142857 0.0240801548736099
-15 0.0318273136773438
-14.2857142857143 0.0294068799300109
-13.5714285714286 0.021040161941836
-12.8571428571429 0.0181861759781365
-12.1428571428571 0.0178585207140459
-11.4285714285714 0.0155423721427533
-10.7142857142857 0.0136108824825596
-10 0.018728697364292
-9.28571428571429 0.0254533032656022
-8.57142857142858 0.0223597298990795
-7.85714285714286 0.0154151225381599
-7.14285714285715 0.0151003986123146
-6.42857142857143 0.0171509765972777
-5.71428571428572 0.0167833203087892
-5 0.0144292102614584
-4.28571428571429 0.0152180745795994
-3.57142857142858 0.0221921747073766
-2.85714285714286 0.0245791676758649
-2.14285714285715 0.0181698425886027
-1.42857142857143 0.0136506700851943
-0.714285714285718 0.0149643706814632
-3.99680288865056e-15 0.0161709126045043
0.71428571428571 0.0149643697627599
1.42857142857142 0.0136506692435316
2.14285714285714 0.0181698427434678
2.85714285714285 0.0245791677321899
3.57142857142857 0.0221921740039081
4.28571428571428 0.0152180743549283
5 0.0144292106346731
5.71428571428571 0.016783320242705
6.42857142857143 0.0171509758681869
7.14285714285714 0.0151003974670895
7.85714285714285 0.0154151213662014
8.57142857142857 0.0223597285318571
9.28571428571428 0.0254533014616275
10 0.0187286957566012
10.7142857142857 0.0136108814535282
11.4285714285714 0.0155423711459567
12.1428571428571 0.0178585194904045
12.8571428571429 0.0181861747090926
13.5714285714286 0.0210401608569006
14.2857142857143 0.029406878861875
15 0.0318273123324889
15.7142857142857 0.0240801534870193
16.4285714285714 0.0171283028322733
17.1428571428571 0.0158969440991363
17.8571428571429 0.0147389517305428
18.5714285714286 0.0143980628741691
19.2857142857143 0.02006927187045
20 0.024759229465269
20.7142857142857 0.0207772540689201
21.4285714285714 0.0143523279510103
22.1428571428571 0.0124746674362456
22.8571428571428 0.0112962985526922
23.5714285714286 0.00954960607928523
24.2857142857143 0.0107853072897581
25 0.0142987760237131
25.7142857142857 0.0132396988132442
26.4285714285714 0.0094098152843557
27.1428571428571 0.007378261745523
27.8571428571428 0.00619157916131557
28.5714285714286 0.00450307106871494
29.2857142857143 0.00373333863589493
30 0.00472699213983187
30.7142857142857 0.00450366005752659
31.4285714285714 0.00318798225294088
32.1428571428571 0.00276673095558636
32.8571428571428 0.00245577321510095
33.5714285714286 0.00166626796237243
34.2857142857143 0.000937865435815756
35 0.000477808413841572
35.7142857142857 0.000233625569574044
36.4285714285714 0.000113227073346443
37.1428571428571 5.57048815466293e-05
37.8571428571428 2.85866915248633e-05
38.5714285714286 1.62325317006011e-05
39.2857142857143 1.10019163930935e-05
