-40 9.19630186715917e-06
-39.2857142857143 1.06556767573391e-05
-38.5714285714286 1.61356040485156e-05
-37.8571428571429 2.93302937017486e-05
-37.1428571428571 5.89975700752297e-05
-36.4285714285714 0.000123408975912024
-35.7142857142857 0.000261605654994194
-35 0.000549635069481167
-34.2857142857143 0.00110920211063324
-33.5714285714286 0.00202026475326286
-32.8571428571428 0.00301549804196223
-32.1428571428571 0.00324848969216129
-31.4285714285714 0.00332273177616303
-30.7142857142857 0.00496169558643054
-30 0.00576817573502557
-29.2857142857143 0.00432643981637421
-28.5714285714286 0.0045730837982473
-27.8571428571429 0.00620413676390847
-27.1428571428571 0.00730617854594873
-26.4285714285714 0.00870584964291278
-25.7142857142857 0.0122933152943046
-25 0.0141985367618971
-24.2857142857143 0.0110744074941548
-23.5714285714286 0.00929616306878376
-22.8571428571429 0.0107982554957737
-22.1428571428571 0.0120455927846462
-21.4285714285714 0.01352025112667
-20.7142857142857 0.0189326939450568
-20 0.0230123234371458
-19.2857142857143 0.0194489034540839
-18.5714285714286 0.0140338524943891
-17.8571428571429 0.0141009608631431
-17.1428571428571 0.0152797693331304
-16.4285714285714 0.0164996906792921
-15.7142857142857 0.0226307910974076
-15 0.0295227130903644
-14.2857142857143 0.0276855619464312
-13.5714285714286 0.0203517344357767
-12.8571428571429 0.0178548431593389
-12.1428571428571 0.0177520902455772
-11.4285714285714 0.015842848759537
-10.7142857142857 0.0142348858659978
-10 0.0191110680193709
-9.28571428571429 0.0253115714150853
-8.57142857142858 0.0224246048201176
-7.85714285714286 0.0159798101262223
-7.14285714285715 0.0158461463206783
-6.42857142857143 0.0179765606345527
-5.71428571428572 0.0177440006207004
-5 0.015513130712905
-4.28571428571429 0.0162692427474725
-3.57142857142858 0.0229946598147134
-2.85714285714286 0.0252650954409133
-2.14285714285715 0.0191138749602998
-1.42857142857143 0.0148215110729039
-0.714285714285718 0.016258810827215
-3.99680288865056e-15 0.0175028900559973
0.71428571428571 0.0162701876860118
1.42857142857142 0.0148249519017861
2.14285714285714 0.0190937612341299
2.85714285714285 0.0252635502515394
3.57142857142857 0.0230230178632925
4.28571428571428 0.0162846647820584
5 0.015511085493064
5.71428571428571 0.0177546087790627
6.42857142857143 0.0180066404011243
7.14285714285714 0.0158835979028594
7.85714285714285 0.0159954623879757
8.57142857142857 0.0224352602964136
9.28571428571428 0.0253591601278148
10 0.0191684922476469
10.7142857142857 0.0142573552973351
11.4285714285714 0.0158583141414918
12.1428571428571 0.0177801416049936
12.8571428571429 0.0178874798820452
13.5714285714286 0.0203710244271438
14.2857142857143 0.0277207373191672
15 0.029594559710458
15.7142857142857 0.0227051290260751
16.4285714285714 0.0165410819498563
17.1428571428571 0.0153128102163106
17.8571428571429 0.0141356506102929
18.5714285714286 0.0140607838944503
19.2857142857143 0.0194796223027512
20 0.0230709966406492
20.7142857142857 0.0189948576259516
21.4285714285714 0.0135605087584142
22.1428571428571 0.0120752638040247
22.8571428571428 0.0108256098849769
23.5714285714286 0.0093156954800586
24.2857142857143 0.0110891923205569
25 0.0142286505009468
25.7142857142857 0.0123267447919864
26.4285714285714 0.00872792839796103
27.1428571428571 0.00732379453115894
27.8571428571428 0.0062226416704673
28.5714285714286 0.00458742524439683
29.2857142857143 0.00433604017001705
30 0.00578205356527986
30.7142857142857 0.00497872341448706
31.4285714285714 0.00333310572728028
32.1428571428571 0.0032562557403367
32.8571428571428 0.0030249654291469
33.5714285714286 0.00202811696654769
34.2857142857143 0.0011139924873494
35 0.00055212488760379
35.7142857142857 0.000262797456514257
36.4285714285714 0.000123959088241984
37.1428571428571 5.92479632688012e-05
37.8571428571428 2.94429277747488e-05
38.5714285714286 1.61848116372235e-05
39.2857142857143 1.06741438960102e-05
