-40 1.37271448884943e-07
-39.2857142857143 3.6591361590662e-06
-38.5714285714286 1.65336691180853e-05
-37.8571428571429 4.71237880050846e-05
-37.1428571428571 0.000115049113434261
-36.4285714285714 0.000260784929876338
-35.7142857142857 0.000568667744386952
-35 0.00120044652218642
-34.2857142857143 0.00240842766324959
-33.5714285714286 0.00434058536269273
-32.8571428571428 0.00640763936207015
-32.1428571428571 0.00694606139473572
-31.4285714285714 0.00738250647402164
-30.7142857142857 0.0109008381858629
-30 0.0123209911540528
-29.2857142857143 0.00906992625010819
-28.5714285714286 0.00929854417364729
-27.8571428571429 0.0121881910316761
-27.1428571428571 0.0142713685245256
-26.4285714285714 0.017802858456197
-25.7142857142857 0.0249687000688433
-25 0.027419080504409
-24.2857142857143 0.0206927346089525
-23.5714285714286 0.0169615214688757
-22.8571428571429 0.0185578670713807
-22.1428571428571 0.0197581368609041
-21.4285714285714 0.0229887236153561
-20.7142857142857 0.0326565634682683
-20 0.0369370873577589
-19.2857142857143 0.0292821445165801
-18.5714285714286 0.0210862726993902
-17.8571428571429 0.0199919540208734
-17.1428571428571 0.019513918210132
-16.4285714285714 0.0205932546723828
-15.7142857142857 0.0289463457234307
-15 0.0341169518919652
-14.2857142857143 0.0284432046789776
-13.5714285714286 0.020616941731244
-12.8571428571429 0.017616917843174
-12.1428571428571 0.0146010367188299
-11.4285714285714 0.0105703687316299
-10.7142857142857 0.00976499038912019
-10 0.0140494440298538
-9.28571428571429 0.0140850337769172
-8.57142857142858 0.00980184019793067
-7.85714285714286 0.00876267505143287
-7.14285714285715 0.00914242377281263
-6.42857142857143 0.00726048558779342
-5.71428571428572 0.00463918572709998
-5 0.00355415483275173
-4.28571428571429 0.00449064906585009
-3.57142857142858 0.00360905673524161
-2.85714285714286 0.00144132125264569
-2.14285714285715 0.00228894352694596
-1.42857142857143 0.0031428980338059
-0.714285714285718 0.0021156638431346
-3.99680288865056e-15 0.00144198265238833
0.71428571428571 0.00210415935206398
1.42857142857142 0.00313342844248378
2.14285714285714 0.00228761472494982
2.85714285714285 0.00141955541147723
3.57142857142857 0.00357374902345731
4.28571428571428 0.00447588069040556
5 0.00353893803528856
5.71428571428571 0.00460617115421773
6.42857142857143 0.00721816203865405
7.14285714285714 0.009109469212222
7.85714285714285 0.00874060084823519
8.57142857142857 0.00975141735495177
9.28571428571428 0.0140173549190987
10 0.0140197583408486
10.7142857142857 0.00974506712013722
11.4285714285714 0.0105250032626958
12.1428571428571 0.014543958159167
12.8571428571429 0.0175629234160319
13.5714285714286 0.0205469746059873
14.2857142857143 0.0283397704026856
15 0.034030560438313
15.7142857142857 0.0289140617049512
16.4285714285714 0.0205598322398643
17.1428571428571 0.0194649001267774
17.8571428571429 0.0199479492158668
18.5714285714286 0.0210346067130038
19.2857142857143 0.0291985722104893
20 0.0368695972616577
20.7142857142857 0.0326319172119349
21.4285714285714 0.0229727783693771
22.1428571428571 0.0197292351386199
22.8571428571428 0.0185319570451764
23.5714285714286 0.0169313204252017
24.2857142857143 0.0206358062599936
25 0.0273712881024767
25.7142857142857 0.0249516355063457
26.4285714285714 0.0177928716317699
27.1428571428571 0.0142570244089696
27.8571428571428 0.0121827784874994
28.5714285714286 0.00929620696989775
29.2857142857143 0.0090551551951011
30 0.0123069732192926
30.7142857142857 0.0109055861394301
31.4285714285714 0.00738337875416903
32.1428571428571 0.00694025419128602
32.8571428571428 0.00640854104518672
33.5714285714286 0.0043453467379342
34.2857142857143 0.0024124004222961
35 0.00120276033452221
35.7142857142857 0.000569815826577269
36.4285714285714 0.000261321635081939
37.1428571428571 0.000115296749198389
37.8571428571428 4.72369427135547e-05
38.5714285714286 1.6583631174475e-05
39.2857142857143 3.67804624692917e-06
