-40 4.83804418083311e-05
-39.2857142857143 5.52493531448641e-05
-38.5714285714286 8.05325504251643e-05
-37.8571428571429 0.000139476710661882
-37.1428571428571 0.000266606692112
-36.4285714285714 0.000529716772278179
-35.7142857142857 0.00106721840546562
-35 0.00213726694121222
-34.2857142857143 0.00412231073927579
-33.5714285714286 0.00718254455969697
-32.8571428571428 0.010316591392022
-32.1428571428571 0.0113821405386729
-31.4285714285714 0.0129260039495941
-30.7142857142857 0.0182666691516478
-30 0.019440645464673
-29.2857142857143 0.0133955127818451
-28.5714285714286 0.0118717536615785
-27.8571428571429 0.0138144982840277
-27.1428571428571 0.016419066399329
-26.4285714285714 0.0229664368964173
-25.7142857142857 0.0296726979755635
-25 0.027864238032645
-24.2857142857143 0.0196027457044267
-23.5714285714286 0.0150099296778285
-22.8571428571429 0.0132220307802277
-22.1428571428571 0.0127544933109199
-21.4285714285714 0.0175521419384961
-20.7142857142857 0.0216253931228022
-20 0.0167531600289792
-19.2857142857143 0.0119257664146681
-18.5714285714286 0.0102100870458821
-17.8571428571429 0.00737740785249972
-17.1428571428571 0.00512332138742668
-16.4285714285714 0.00678031726955702
-15.7142857142857 0.00731253251258514
-15 0.00150650869312969
-14.2857142857143 0.0019219805743071
-13.5714285714286 0.00596622651039608
-12.8571428571429 0.00453670422616805
-12.1428571428571 0.00384564337408102
-11.4285714285714 0.00676474249163278
-10.7142857142857 0.00959499533989429
-10 0.00791301917056574
-9.28571428571429 0.00844469606448089
-8.57142857142858 0.0149465302623101
-7.85714285714286 0.0147517151874231
-7.14285714285715 0.0105240124246243
-6.42857142857143 0.0123230997758639
-5.71428571428572 0.0169529540121842
-5 0.0197581573592213
-4.28571428571429 0.0215126270073016
-3.57142857142858 0.0286326612821396
-2.85714285714286 0.0351813652758105
-2.14285714285715 0.0305214159537842
-1.42857142857143 0.0221674495448758
-0.714285714285718 0.021641101942555
-3.99680288865056e-15 0.0228034072904675
0.71428571428571 0.0216411017748696
1.42857142857142 0.0221674494514042
2.14285714285714 0.0305214158735598
2.85714285714285 0.0351813646722272
3.57142857142857 0.0286326604158003
4.28571428571428 0.0215126264637169
5 0.0197581570339927
5.71428571428571 0.0169529536304562
6.42857142857143 0.0123230993754016
7.14285714285714 0.0105240121460498
7.85714285714285 0.0147517148378901
8.57142857142857 0.0149465294851338
9.28571428571428 0.00844469522208309
10 0.00791301873705422
10.7142857142857 0.00959499505275367
11.4285714285714 0.00676474219089224
12.1428571428571 0.0038456432109682
12.8571428571429 0.00453670418025599
13.5714285714286 0.00596622647066481
14.2857142857143 0.00192198069811987
15 0.0015065091228844
15.7142857142857 0.00731253295859123
16.4285714285714 0.00678031749611602
17.1428571428571 0.00512332158062941
17.8571428571429 0.00737740803896261
18.5714285714286 0.0102100872859651
19.2857142857143 0.0119257670112581
20 0.0167531608938393
20.7142857142857 0.021625393772053
21.4285714285714 0.0175521423327176
22.1428571428571 0.012754493617748
22.8571428571428 0.0132220308872334
23.5714285714286 0.0150099295528268
24.2857142857143 0.0196027454103061
25 0.0278642374815456
25.7142857142857 0.0296726972377838
26.4285714285714 0.022966436248013
27.1428571428571 0.0164190659423013
27.8571428571428 0.0138144978751586
28.5714285714286 0.0118717534219753
29.2857142857143 0.0133955128857882
30 0.0194406455621374
30.7142857142857 0.0182666692573146
31.4285714285714 0.0129260044001177
32.1428571428571 0.0113821410817813
32.8571428571428 0.010316591484825
33.5714285714286 0.00718254418299441
34.2857142857143 0.00412231013693157
35 0.00213726620099869
35.7142857142857 0.00106721768868297
36.4285714285714 0.000529716094522927
37.1428571428571 0.0002666061222282
37.8571428571428 0.000139476199075136
38.5714285714286 8.05321097402383e-05
39.2857142857143 5.52489980514977e-05
