-40 8.98499862942347e-06
-39.2857142857143 1.02926189017795e-05
-38.5714285714286 1.55280151386642e-05
-37.8571428571429 2.82974716232824e-05
-37.1428571428571 5.72430864976839e-05
-36.4285714285714 0.00012050912456959
-35.7142857142857 0.000257214058364923
-35 0.000544507067689909
-34.2857142857143 0.00110792878799677
-33.5714285714286 0.00203331311449273
-32.8571428571428 0.00304618037467469
-32.1428571428571 0.00323544962962632
-31.4285714285714 0.00317385973780456
-30.7142857142857 0.00480383090900452
-30 0.00574303598866345
-29.2857142857143 0.0042828448179081
-28.5714285714286 0.00441675584818852
-27.8571428571429 0.00597856828774476
-27.1428571428571 0.00701562695093528
-26.4285714285714 0.00816529012930431
-25.7142857142857 0.0115047317012028
-25 0.0135619177851142
-24.2857142857143 0.010697555654331
-23.5714285714286 0.00888567852270031
-22.8571428571429 0.0103121892687317
-22.1428571428571 0.0115681762996531
-21.4285714285714 0.0128517826494798
-20.7142857142857 0.0177726965800163
-20 0.0218549737091998
-19.2857142857143 0.0188191900847084
-18.5714285714286 0.0135897183039602
-17.8571428571429 0.0135675393725563
-17.1428571428571 0.0147647801278132
-16.4285714285714 0.0158907889953829
-15.7142857142857 0.0214843650417239
-15 0.0281501309872803
-14.2857142857143 0.0268205490843378
-13.5714285714286 0.0198933452067032
-12.8571428571429 0.0174237377407069
-12.1428571428571 0.0174879516299784
-11.4285714285714 0.0158771322169303
-10.7142857142857 0.0143599355160707
-10 0.018904011153964
-9.28571428571429 0.024995590920806
-8.57142857142858 0.0224868305988828
-7.85714285714286 0.0161901474978481
-7.14285714285715 0.0159719334826804
-6.42857142857143 0.0181724108621044
-5.71428571428572 0.0181134946845614
-5 0.0160102329471937
-4.28571428571429 0.016699005375546
-3.57142857142858 0.0232828983845461
-2.85714285714286 0.0256418402577425
-2.14285714285715 0.0196479357440636
-1.42857142857143 0.0153501091383315
-0.714285714285718 0.0168175913637378
-3.99680288865056e-15 0.0181216940929231
0.71428571428571 0.0169272133654959
1.42857142857142 0.0154783343126434
2.14285714285714 0.0197124950735301
2.85714285714285 0.0258160215049669
3.57142857142857 0.0235830397056942
4.28571428571428 0.0168741733954238
5 0.0161360643566635
5.71428571428571 0.0183690258409517
6.42857142857143 0.018564762477345
7.14285714285714 0.0164148597386491
7.85714285714285 0.0165867790755981
8.57142857142857 0.0229720233646466
9.28571428571428 0.0256914390310129
10 0.019515725083165
10.7142857142857 0.0147668254802127
11.4285714285714 0.016356368746931
12.1428571428571 0.0181024794019365
12.8571428571429 0.0180588254097697
13.5714285714286 0.0205114511220097
14.2857142857143 0.0276981396338494
15 0.0293340874603488
15.7142857142857 0.0225531785043825
16.4285714285714 0.0166366730522433
17.1428571428571 0.0154255946716128
17.8571428571429 0.0141798370659723
18.5714285714286 0.0141233463409696
19.2857142857143 0.019503514085306
20 0.0228494845294473
20.7142857142857 0.0187626527969444
21.4285714285714 0.0135723958072823
22.1428571428571 0.01217476369412
22.8571428571428 0.010866846770148
23.5714285714286 0.00933242928169892
24.2857142857143 0.0111337428517941
25 0.0142023820616141
25.7142857142857 0.0121867349952983
26.4285714285714 0.0086878735697808
27.1428571428571 0.00743248531039343
27.8571428571428 0.00635355992378246
28.5714285714286 0.00469948264751411
29.2857142857143 0.00449485497269084
30 0.00602250115995495
30.7142857142857 0.00512661095613411
31.4285714285714 0.00341023667550412
32.1428571428571 0.00343828508235659
32.8571428571428 0.0032558412234528
33.5714285714286 0.00219302794521416
34.2857142857143 0.00120176716540045
35 0.000591805623173986
35.7142857142857 0.00027910833938391
36.4285714285714 0.0001302731630619
37.1428571428571 6.15633997583669e-05
37.8571428571428 3.02047250702155e-05
38.5714285714286 1.63529551194644e-05
39.2857142857143 1.06010713108569e-05
