-40 2.27071819245776e-07
-39.2857142857143 3.53809037479119e-06
-38.5714285714286 1.55310968004164e-05
-37.8571428571429 4.365714143793e-05
-37.1428571428571 0.000105173010829929
-36.4285714285714 0.000235204533614452
-35.7142857142857 0.000505648400559208
-35 0.00105092272669801
-34.2857142857143 0.00207273604534439
-33.5714285714286 0.00367589073606499
-32.8571428571428 0.00537482941636294
-32.1428571428571 0.00597064056833627
-31.4285714285714 0.00682637297623164
-30.7142857142857 0.00981090690291738
-30 0.0104326297841847
-29.2857142857143 0.00791594250468631
-28.5714285714286 0.00888387784882193
-27.8571428571429 0.0118321505185907
-27.1428571428571 0.0139353271493684
-26.4285714285714 0.0179307223547992
-25.7142857142857 0.0251846643677312
-25 0.0268669302998398
-24.2857142857143 0.0199514353533301
-23.5714285714286 0.0168867404396805
-22.8571428571429 0.0188303616318567
-22.1428571428571 0.0199834134023354
-21.4285714285714 0.0232569663546883
-20.7142857142857 0.0335910422794487
-20 0.0382375139205594
-19.2857142857143 0.0299654799453556
-18.5714285714286 0.0214090863275511
-17.8571428571429 0.0205938679453326
-17.1428571428571 0.0202528694376693
-16.4285714285714 0.0210106679060046
-15.7142857142857 0.029435736607005
-15 0.0357719071077798
-14.2857142857143 0.0303738834255062
-13.5714285714286 0.021560760370344
-12.8571428571429 0.0181299199111758
-12.1428571428571 0.0152637871442116
-11.4285714285714 0.0110540752222288
-10.7142857142857 0.00943589447140926
-10 0.0133122483442574
-9.28571428571429 0.0143477889558247
-8.57142857142858 0.0104326715452486
-7.85714285714286 0.00863433325733972
-7.14285714285715 0.00883638846231884
-6.42857142857143 0.00735191743441529
-5.71428571428572 0.00493012568270392
-5 0.00349542842071042
-4.28571428571429 0.00384223558763053
-3.57142857142858 0.00324686579905826
-2.85714285714286 0.00159187418713146
-2.14285714285715 0.00205120182727119
-1.42857142857143 0.00269550537328168
-0.714285714285718 0.00199657709101367
-3.99680288865056e-15 0.00150973930859858
0.71428571428571 0.00198098993592067
1.42857142857142 0.00267808188806227
2.14285714285714 0.00203637035080572
2.85714285714285 0.0015482595177224
3.57142857142857 0.00319064280901046
4.28571428571428 0.00381616508713636
5 0.00346724069889851
5.71428571428571 0.00487546279037906
6.42857142857143 0.0072826314334386
7.14285714285714 0.00877808730350937
7.85714285714285 0.00858985271297892
8.57142857142857 0.0103495315348112
9.28571428571428 0.0142400355189517
10 0.0132590080297255
10.7142857142857 0.00940685427989131
11.4285714285714 0.0109967153003584
12.1428571428571 0.0151863280245552
12.8571428571429 0.0180481779177326
13.5714285714286 0.0214532690868681
14.2857142857143 0.0302185960386738
15 0.0356260721428949
15.7142857142857 0.0293522334026605
16.4285714285714 0.0209398876634334
17.1428571428571 0.0201774929964284
17.8571428571429 0.0205356091749183
18.5714285714286 0.0213580380251368
19.2857142857143 0.0298905297471026
20 0.0381731180687824
20.7142857142857 0.0335630489584737
21.4285714285714 0.0232360425209605
22.1428571428571 0.0199412548838624
22.8571428571428 0.0187801638556093
23.5714285714286 0.0168327988723819
24.2857142857143 0.0198838462632256
25 0.0267958361556411
25.7142857142857 0.025127491417806
26.4285714285714 0.0178877786986104
27.1428571428571 0.0139017040262528
27.8571428571428 0.0118088650784366
28.5714285714286 0.00886917744469334
29.2857142857143 0.00790248621618201
30 0.0104130347031639
30.7142857142857 0.00979788661087421
31.4285714285714 0.00682121490139778
32.1428571428571 0.00596225525938857
32.8571428571428 0.00536782689013434
33.5714285714286 0.00367410960328979
34.2857142857143 0.0020731350712975
35 0.00105155642323773
35.7142857142857 0.000506019573078801
36.4285714285714 0.000235364395846817
37.1428571428571 0.000105230565960752
37.8571428571428 4.36774001511423e-05
38.5714285714286 1.55382542525037e-05
39.2857142857143 3.54044930836901e-06
