-40 4.75423069404323e-05
-39.2857142857143 5.4592984004539e-05
-38.5714285714286 8.01613443043618e-05
-37.8571428571429 0.000139850383132394
-37.1428571428571 0.000269141276139818
-36.4285714285714 0.000537976285178932
-35.7142857142857 0.00108984340613075
-35 0.00219439412399501
-34.2857142857143 0.00425678887254786
-33.5714285714286 0.00745912442331871
-32.8571428571428 0.0107593088111311
-32.1428571428571 0.0118194727142845
-31.4285714285714 0.0131878014629724
-30.7142857142857 0.0186981115186514
-30 0.0202076976891914
-29.2857142857143 0.0138948303871359
-28.5714285714286 0.0120158682238022
-27.8571428571429 0.0138455105557538
-27.1428571428571 0.0164791157452087
-26.4285714285714 0.023049126452156
-25.7142857142857 0.0296116766042756
-25 0.0277395811507908
-24.2857142857143 0.0195813640482266
-23.5714285714286 0.0150008771987093
-22.8571428571429 0.0131484501454201
-22.1428571428571 0.0128063571564645
-21.4285714285714 0.0179230301309192
-20.7142857142857 0.0217906842483113
-20 0.0164744486937904
-19.2857142857143 0.0117452549952279
-18.5714285714286 0.0102113786102703
-17.8571428571429 0.00730458045844595
-17.1428571428571 0.00512049544179359
-16.4285714285714 0.007138801161931
-15.7142857142857 0.00772149462310345
-15 0.00153139146970008
-14.2857142857143 0.00211530203090862
-13.5714285714286 0.00632564676792884
-12.8571428571429 0.00460304233822581
-12.1428571428571 0.00375491971262971
-11.4285714285714 0.00680195625010147
-10.7142857142857 0.00977682503326525
-10 0.00783825192448093
-9.28571428571429 0.00816242680203358
-8.57142857142858 0.0150852048376156
-7.85714285714286 0.0150644432635838
-7.14285714285715 0.0104840654334499
-6.42857142857143 0.012037440295571
-5.71428571428572 0.0166827637784454
-5 0.0195917764449426
-4.28571428571429 0.0212006045409635
-3.57142857142858 0.0278824593352705
-2.85714285714286 0.034408114770257
-2.14285714285715 0.030203411874378
-1.42857142857143 0.0219756616129363
-0.714285714285718 0.0212325958808249
-3.99680288865056e-15 0.0222548028072021
0.71428571428571 0.0211646692880877
1.42857142857142 0.0218665785168529
2.14285714285714 0.0300789952078534
2.85714285714285 0.034254898965444
3.57142857142857 0.0277339181321741
4.28571428571428 0.0211072109721823
5 0.0194847555126961
5.71428571428571 0.0165280432173291
6.42857142857143 0.0118793340369689
7.14285714285714 0.0103592734765309
7.85714285714285 0.014926550312446
8.57142857142857 0.0148785571855883
9.28571428571428 0.00799650359921193
10 0.00777160496910509
10.7142857142857 0.00970358142328985
11.4285714285714 0.00670456949722023
12.1428571428571 0.00369885147207886
12.8571428571429 0.00459485736356294
13.5714285714286 0.00628716793444619
14.2857142857143 0.00209291727665986
15 0.00164887100257035
15.7142857142857 0.00785393224540033
16.4285714285714 0.00720032154789338
17.1428571428571 0.00520819922845707
17.8571428571429 0.00741366233918795
18.5714285714286 0.0102912280295108
19.2857142857143 0.0118730789999287
20 0.016686985693755
20.7142857142857 0.0218920173034757
21.4285714285714 0.0178830320416631
22.1428571428571 0.0128312713613758
22.8571428571428 0.0131987880334403
23.5714285714286 0.0150413842695673
24.2857142857143 0.0196965392341908
25 0.0278142673811902
25.7142857142857 0.0294716765547342
26.4285714285714 0.0228028934928856
27.1428571428571 0.0163373000423801
27.8571428571428 0.0137411451213194
28.5714285714286 0.0119418004447899
29.2857142857143 0.0139477378974301
30 0.020201303451892
30.7142857142857 0.0184464707962234
31.4285714285714 0.0129792195852242
32.1428571428571 0.01171269657256
32.8571428571428 0.0106158374855926
33.5714285714286 0.00731290782542298
34.2857142857143 0.00415837411875305
35 0.00214138983617755
35.7142857142857 0.00106443674861751
36.4285714285714 0.000526267243035368
37.1428571428571 0.000263734567414318
37.8571428571428 0.000137349036900451
38.5714285714286 7.90384147948214e-05
39.2857142857143 5.416285414787e-05
