-40 1.83227827580118e-07
-39.2857142857143 3.67928344118338e-06
-38.5714285714286 1.64188469316647e-05
-37.8571428571429 4.6596343680542e-05
-37.1428571428571 0.000113363200970409
-36.4285714285714 0.000256117091165581
-35.7142857142857 0.000556636438953315
-35 0.00117045537767754
-34.2857142857143 0.0023360072977089
-33.5714285714286 0.00418381864175244
-32.8571428571428 0.0061389686152984
-32.1428571428571 0.00668124354941232
-31.4285714285714 0.00728535451109188
-30.7142857142857 0.0106498548296475
-30 0.0117091176681441
-29.2857142857143 0.00866365845584693
-28.5714285714286 0.00920131571885728
-27.8571428571429 0.0121365435538724
-27.1428571428571 0.014233909718453
-26.4285714285714 0.0179618434104338
-25.7142857142857 0.0251494452517975
-25 0.0272431058299551
-24.2857142857143 0.0203751575642171
-23.5714285714286 0.0168855081092253
-22.8571428571429 0.0186060480069384
-22.1428571428571 0.019802499669462
-21.4285714285714 0.0230677847409414
-20.7142857142857 0.0329350369224119
-20 0.0373045375463844
-19.2857142857143 0.02945552908987
-18.5714285714286 0.0211248970646753
-17.8571428571429 0.0200816042094409
-17.1428571428571 0.0196355562845768
-16.4285714285714 0.0205921258689698
-15.7142857142857 0.0289129425392776
-15 0.0344792065419062
-14.2857142857143 0.0289747812660566
-13.5714285714286 0.0208523323354517
-12.8571428571429 0.0176841960446715
-12.1428571428571 0.0147243373198617
-11.4285714285714 0.0106686865739597
-10.7142857142857 0.00961135578851468
-10 0.0137542064882266
-9.28571428571429 0.0141503797970262
-8.57142857142858 0.0100295272204124
-7.85714285714286 0.00873474028473289
-7.14285714285715 0.00902926985427192
-6.42857142857143 0.00726326956064688
-5.71428571428572 0.00470803202814743
-5 0.00351662008055572
-4.28571428571429 0.00426509949605476
-3.57142857142858 0.00348125748395215
-2.85714285714286 0.00149265869948411
-2.14285714285715 0.002220556029578
-1.42857142857143 0.00300719678078241
-0.714285714285718 0.00209204499996253
-3.99680288865056e-15 0.0014869195174593
0.71428571428571 0.00209204523504988
1.42857142857142 0.00300719706773629
2.14285714285714 0.00222055631762812
2.85714285714285 0.0014926592822
3.57142857142857 0.00348125823970781
4.28571428571428 0.00426510000875815
5 0.00351662052542929
5.71428571428571 0.0047080327123596
6.42857142857143 0.00726327044854138
7.14285714285714 0.00902927073593052
7.85714285714285 0.00873474114711636
8.57142857142857 0.0100295284984664
9.28571428571428 0.0141503813919154
10 0.013754207702076
10.7142857142857 0.00961135662263493
11.4285714285714 0.0106686875454485
12.1428571428571 0.0147243384800545
12.8571428571429 0.0176841972487544
13.5714285714286 0.0208523337765212
14.2857142857143 0.0289747833210277
15 0.034479208702258
15.7142857142857 0.0289129441140327
16.4285714285714 0.0205921269913279
17.1428571428571 0.0196355572863283
17.8571428571429 0.0200816050492662
18.5714285714286 0.0211248978556794
19.2857142857143 0.0294555302074852
20 0.0373045387419308
20.7142857142857 0.0329350377403294
21.4285714285714 0.0230677852983168
22.1428571428571 0.0198025001553622
22.8571428571428 0.0186060483207343
23.5714285714286 0.0168855082748602
24.2857142857143 0.0203751577938762
25 0.0272431059833043
25.7142857142857 0.0251494450921354
26.4285714285714 0.0179618432229304
27.1428571428571 0.0142339096649341
27.8571428571428 0.0121365434304325
28.5714285714286 0.00920131554271108
29.2857142857143 0.00866365838208001
30 0.0117091175636898
30.7142857142857 0.0106498544278918
31.4285714285714 0.00728535417571098
32.1428571428571 0.00668124346046584
32.8571428571428 0.00613896843063107
33.5714285714286 0.00418381827125971
34.2857142857143 0.00233600685870801
35 0.00117045492915012
35.7142857142857 0.000556636007466293
36.4285714285714 0.00025611667129812
37.1428571428571 0.000113362803579602
37.8571428571428 4.65959734752325e-05
38.5714285714286 1.64185323768553e-05
39.2857142857143 3.67906559159857e-06
