-40 4.86268293803888e-05
-39.2857142857143 5.54533886937079e-05
-38.5714285714286 8.05343941356313e-05
-37.8571428571429 0.000138846563000763
-37.1428571428571 0.000264197364735505
-36.4285714285714 0.000522723363578687
-35.7142857142857 0.00104891724205327
-35 0.00209248213751719
-34.2857142857143 0.00402129971200882
-33.5714285714286 0.00698563437160754
-32.8571428571428 0.010017811986548
-32.1428571428571 0.0110873692984789
-31.4285714285714 0.0127328251781084
-30.7142857142857 0.0179982128898981
-30 0.019020777389155
-29.2857142857143 0.0131240036210017
-28.5714285714286 0.0117738571502746
-27.8571428571429 0.0137583810705162
-27.1428571428571 0.0163348213102705
-26.4285714285714 0.0228732639302829
-25.7142857142857 0.0296358304834163
-25 0.0278208224435445
-24.2857142857143 0.0195042798126856
-23.5714285714286 0.0149382437856245
-22.8571428571429 0.0131982763168529
-22.1428571428571 0.0127011076846384
-21.4285714285714 0.0173728942168998
-20.7142857142857 0.0214596948238842
-20 0.0167690523031165
-19.2857142857143 0.0119281672455048
-18.5714285714286 0.0101205324605805
-17.8571428571429 0.00731674667555826
-17.1428571428571 0.00506994577171408
-16.4285714285714 0.00657466032014126
-15.7142857142857 0.00699614739411374
-15 0.00142184088842299
-14.2857142857143 0.0018848203819347
-13.5714285714286 0.00578289699591448
-12.8571428571429 0.00447078935594461
-12.1428571428571 0.00392834816797437
-11.4285714285714 0.00681617236056114
-10.7142857142857 0.00952746555951827
-10 0.00799246174478104
-9.28571428571429 0.00880027777125625
-8.57142857142858 0.015071535141348
-7.85714285714286 0.0146089412681187
-7.14285714285715 0.0106223237724221
-6.42857142857143 0.0126577451777965
-5.71428571428572 0.0172839878701435
-5 0.0199617989182663
-4.28571428571429 0.021792182845374
-3.57142857142858 0.0292878610147048
-2.85714285714286 0.0358664790431471
-2.14285714285715 0.0308121759946368
-1.42857142857143 0.0223663389177665
-0.714285714285718 0.0220341074790136
-3.99680288865056e-15 0.0232946539664921
0.71428571428571 0.0220341071808484
1.42857142857142 0.0223663385992808
2.14285714285714 0.0308121756873646
2.85714285714285 0.0358664782437859
3.57142857142857 0.0292878600273815
4.28571428571428 0.0217921822630232
5 0.0199617984661532
5.71428571428571 0.017283987243031
6.42857142857143 0.012657744525998
7.14285714285714 0.0106223233114092
7.85714285714285 0.0146089407550482
8.57142857142857 0.0150715342189321
9.28571428571428 0.00880027697956708
10 0.00799246147458952
10.7142857142857 0.00952746527865986
11.4285714285714 0.0068161719665812
12.1428571428571 0.00392834797864972
12.8571428571429 0.00447078937327964
13.5714285714286 0.00578289696431087
14.2857142857143 0.00188482058183148
15 0.00142184170132382
15.7142857142857 0.00699614825757443
16.4285714285714 0.00657466080334239
17.1428571428571 0.00506994625697362
17.8571428571429 0.00731674719130138
18.5714285714286 0.0101205329502111
19.2857142857143 0.0119281681383259
20 0.0167690536340779
20.7142857142857 0.021459695798866
21.4285714285714 0.0173728947120159
22.1428571428571 0.0127011081958219
22.8571428571428 0.0131982766786866
23.5714285714286 0.0149382438619766
24.2857142857143 0.0195042797533259
25 0.0278208221030611
25.7142857142857 0.029635829635315
26.4285714285714 0.0228732629670728
27.1428571428571 0.0163348207023755
27.8571428571428 0.0137583805874004
28.5714285714286 0.0117738567926592
29.2857142857143 0.0131240036212478
30 0.0190207773704838
30.7142857142857 0.0179982125651683
31.4285714285714 0.012732825032532
32.1428571428571 0.0110873694581957
32.8571428571428 0.0100178118407499
33.5714285714286 0.0069856337741326
34.2857142857143 0.00402129892863167
35 0.00209248127144164
35.7142857142857 0.00104891644066261
36.4285714285714 0.000522722624583759
37.1428571428571 0.00026419674220231
37.8571428571428 0.000138846003373894
38.5714285714286 8.05339127637082e-05
39.2857142857143 5.5453007345824e-05
