-40 7.7324693408269e-11
-39.2857142857143 1.65227685951745e-10
-38.5714285714286 5.63708880237347e-10
-37.8571428571429 1.81172400976972e-09
-37.1428571428571 5.73570628706057e-09
-36.4285714285714 1.76755157565899e-08
-35.7142857142857 5.40703772460027e-08
-35 1.6068413609939e-07
-34.2857142857143 4.61096641229338e-07
-33.5714285714286 1.21738566132298e-06
-32.8571428571428 2.68850573321744e-06
-32.1428571428571 3.87341079501368e-06
-31.4285714285714 3.36199536779709e-06
-30.7142857142857 3.58576468525159e-06
-30 4.19940639845807e-06
-29.2857142857143 3.63317959413653e-06
-28.5714285714286 5.88969126389862e-06
-27.8571428571429 1.44791406069384e-05
-27.1428571428571 2.97025362182663e-05
-26.4285714285714 4.08067754154289e-05
-25.7142857142857 4.06297818603896e-05
-25 3.82443990966533e-05
-24.2857142857143 3.0850173242427e-05
-23.5714285714286 3.41727034046862e-05
-22.8571428571429 8.09850027546518e-05
-22.1428571428571 0.000194489458320286
-21.4285714285714 0.000339427321639864
-20.7142857142857 0.000378713612872184
-20 0.000360883980070705
-19.2857142857143 0.000356530543545617
-18.5714285714286 0.000323245360045808
-17.8571428571429 0.000531786630035355
-17.1428571428571 0.00125759242284356
-16.4285714285714 0.00238903353254705
-15.7142857142857 0.00257024626170702
-15 0.00161018680720666
-14.2857142857143 0.0021362768928316
-13.5714285714286 0.00265833310799325
-12.8571428571429 0.0019419731293861
-12.1428571428571 0.0031099931700454
-11.4285714285714 0.00938811356850528
-10.7142857142857 0.0260237470963023
-10 0.0545795393355047
-9.28571428571429 0.076258016295179
-8.57142857142858 0.0688880607355424
-7.85714285714286 0.0396403364172106
-7.14285714285715 0.015150256022826
-6.42857142857143 0.00627334927594249
-5.71428571428572 0.0103835252409366
-5 0.0277992301858676
-4.28571428571429 0.0558900375110009
-3.57142857142858 0.0750533842259714
-2.85714285714286 0.0783592637573288
-2.14285714285715 0.0691133616342935
-1.42857142857143 0.0428543077177915
-0.714285714285718 0.0186360992010581
-3.99680288865056e-15 0.0104235726706413
0.71428571428571 0.0186360923646572
1.42857142857142 0.0428542926926346
2.14285714285714 0.0691133360876679
2.85714285714285 0.078359233045438
3.57142857142857 0.0750533651568821
4.28571428571428 0.0558900374008387
5 0.0277992407254013
5.71428571428571 0.0103835372173119
6.42857142857143 0.00627336000104127
7.14285714285714 0.0151502629429466
7.85714285714285 0.0396403268043972
8.57142857142857 0.0688880207605028
9.28571428571428 0.0762579720091655
10 0.0545795246423739
10.7142857142857 0.0260237530800175
11.4285714285714 0.00938812093153709
12.1428571428571 0.00310999244982169
12.8571428571429 0.00194195536205902
13.5714285714286 0.00265830352344263
14.2857142857143 0.00213627226366063
15 0.0016101966062208
15.7142857142857 0.00257022831456616
16.4285714285714 0.00238900493462923
17.1428571428571 0.00125757556721378
17.8571428571429 0.000531779241054561
18.5714285714286 0.000323240681183601
19.2857142857143 0.000356524611427678
20 0.000360877378150913
20.7142857142857 0.00037870737291818
21.4285714285714 0.000339422311052859
22.1428571428571 0.000194486564981916
22.8571428571428 8.09837894408566e-05
23.5714285714286 3.41725405924399e-05
24.2857142857143 3.08504656570403e-05
25 3.82441149153861e-05
25.7142857142857 4.06290044248604e-05
26.4285714285714 4.08065975734079e-05
27.1428571428571 2.97028228329544e-05
27.8571428571428 1.44793254070588e-05
28.5714285714286 5.88976835984868e-06
29.2857142857143 3.63333820695703e-06
30 4.19978744960949e-06
30.7142857142857 3.58628207730357e-06
31.4285714285714 3.36249625351661e-06
32.1428571428571 3.87378857685156e-06
32.8571428571428 2.68869413421988e-06
33.5714285714286 1.21745305232676e-06
34.2857142857143 4.61117279385952e-07
35 1.60689839752364e-07
35.7142857142857 5.40715988666993e-08
36.4285714285714 1.76755818523793e-08
37.1428571428571 5.73555831723954e-09
37.8571428571428 1.81165051476512e-09
38.5714285714286 5.63690462109602e-10
39.2857142857143 1.65234338639275e-10
