-40 1.40264762762803e-10
-39.2857142857143 1.85851278862797e-10
-38.5714285714286 3.95110284513836e-10
-37.8571428571429 1.02514748716928e-09
-37.1428571428571 2.95023713032519e-09
-36.4285714285714 8.66552304857651e-09
-35.7142857142857 2.57891765965469e-08
-35 7.55794628031121e-08
-34.2857142857143 2.16301938387021e-07
-33.5714285714286 5.80804121416453e-07
-32.8571428571428 1.36656546646657e-06
-32.1428571428571 2.3480775608695e-06
-31.4285714285714 2.67360418605476e-06
-30.7142857142857 2.63565000189968e-06
-30 2.36891669879391e-06
-29.2857142857143 1.78995450543167e-06
-28.5714285714286 2.75377188023464e-06
-27.8571428571429 6.82163814524631e-06
-27.1428571428571 1.40888332357313e-05
-26.4285714285714 1.9296832812835e-05
-25.7142857142857 1.90269799715102e-05
-25 1.83656163870046e-05
-24.2857142857143 1.4820756899784e-05
-23.5714285714286 1.38502677681319e-05
-22.8571428571429 3.03361233340196e-05
-22.1428571428571 7.32364537637174e-05
-21.4285714285714 0.00012975973018228
-20.7142857142857 0.000149380580406655
-20 0.000143774203864519
-19.2857142857143 0.000134606992562579
-18.5714285714286 0.000109067591652712
-17.8571428571429 0.000168782172538589
-17.1428571428571 0.000424640953900196
-16.4285714285714 0.000916759136518672
-15.7142857142857 0.0013310933484955
-15 0.001319412548064
-14.2857142857143 0.00122900761762261
-13.5714285714286 0.00099689557163221
-12.8571428571429 0.000890261334191272
-12.1428571428571 0.002148410140638
-11.4285714285714 0.00666388237758976
-10.7142857142857 0.018146124845672
-10 0.0374856116836981
-9.28571428571429 0.0514364379109598
-8.57142857142858 0.0455011418067989
-7.85714285714286 0.0254231636998287
-7.14285714285715 0.00913378152679478
-6.42857142857143 0.00314933262929201
-5.71428571428572 0.00614980533737397
-5 0.0226357256961934
-4.28571428571429 0.0640045583145087
-3.57142857142858 0.119654626171369
-2.85714285714286 0.135777071156376
-2.14285714285715 0.0927835224331295
-1.42857142857143 0.0387759876816299
-0.714285714285718 0.010986012241858
-3.99680288865056e-15 0.00394896686011683
0.71428571428571 0.0109860263776431
1.42857142857142 0.0387760223284541
2.14285714285714 0.0927835776467827
2.85714285714285 0.13577713670706
3.57142857142857 0.119654692648356
4.28571428571428 0.06400460797615
5 0.0226357501079495
5.71428571428571 0.00614981544663455
6.42857142857143 0.0031493412407265
7.14285714285714 0.00913379535420625
7.85714285714285 0.0254231712839061
8.57142857142857 0.0455011171312104
9.28571428571428 0.0514364016987504
10 0.0374856044202638
10.7142857142857 0.0181461353980979
11.4285714285714 0.00666389017260377
12.1428571428571 0.00214841445802232
12.8571428571429 0.00089026783397062
13.5714285714286 0.000996906054665382
14.2857142857143 0.0012290135021429
15 0.00131941540078289
15.7142857142857 0.00133110256734899
16.4285714285714 0.000916769088437219
17.1428571428571 0.000424646378161454
17.8571428571429 0.000168784951040007
18.5714285714286 0.000109070150757254
19.2857142857143 0.000134609216857674
20 0.000143774829349612
20.7142857142857 0.000149381683189021
21.4285714285714 0.000129762027797291
22.1428571428571 7.32381949687658e-05
22.8571428571428 3.03369891598808e-05
23.5714285714286 1.38508527297913e-05
24.2857142857143 1.48214868074308e-05
25 1.83661204284137e-05
25.7142857142857 1.90271825709086e-05
26.4285714285714 1.92973754207465e-05
27.1428571428571 1.4089539164158e-05
27.8571428571428 6.82208615571005e-06
28.5714285714286 2.75401307121127e-06
29.2857142857143 1.79017290571134e-06
30 2.36917833984452e-06
30.7142857142857 2.63586561014191e-06
31.4285714285714 2.67382740378487e-06
32.1428571428571 2.34832434945164e-06
32.8571428571428 1.36672627301718e-06
33.5714285714286 5.80875848444807e-07
34.2857142857143 2.1632907561267e-07
35 7.55887959479638e-08
35.7142857142857 2.57920329916872e-08
36.4285714285714 8.66622186697292e-09
37.1428571428571 2.95035430828648e-09
37.8571428571428 1.02515770063874e-09
38.5714285714286 3.95104959266115e-10
39.2857142857143 1.85853217505148e-10
