-40 4.31336409551567e-11
-39.2857142857143 1.06388885878906e-10
-38.5714285714286 3.92010879625582e-10
-37.8571428571429 1.28141255927449e-09
-37.1428571428571 4.06525187644168e-09
-36.4285714285714 1.2557611955666e-08
-35.7142857142857 3.86490443536063e-08
-35 1.16713280613192e-07
-34.2857142857143 3.44801450395381e-07
-33.5714285714286 9.60325744773982e-07
-32.8571428571428 2.35923310232938e-06
-32.1428571428571 4.29954617171127e-06
-31.4285714285714 5.22359489669887e-06
-30.7142857142857 4.9402263115088e-06
-30 4.00966456949714e-06
-29.2857142857143 3.75063274802454e-06
-28.5714285714286 7.78778131526959e-06
-27.8571428571429 1.93884448960789e-05
-27.1428571428571 3.82249665804123e-05
-26.4285714285714 4.91329035707643e-05
-25.7142857142857 4.70239474811425e-05
-25 4.81044906670106e-05
-24.2857142857143 4.30332034610093e-05
-23.5714285714286 4.86564167852279e-05
-22.8571428571429 0.000108689231254075
-22.1428571428571 0.000246094022905794
-21.4285714285714 0.000390734357333204
-20.7142857142857 0.000366792584316054
-20 0.000339502251596097
-19.2857142857143 0.000409362866242716
-18.5714285714286 0.000380119605722429
-17.8571428571429 0.000543322663872965
-17.1428571428571 0.00124251955851288
-16.4285714285714 0.00238122733677328
-15.7142857142857 0.00263755919426792
-15 0.00172857508411407
-14.2857142857143 0.00216846963586356
-13.5714285714286 0.00260565177330461
-12.8571428571429 0.00188431250737381
-12.1428571428571 0.003183606916466
-11.4285714285714 0.0102694658642892
-10.7142857142857 0.0304784882459486
-10 0.0690753910762529
-9.28571428571429 0.102578784417399
-8.57142857142858 0.0945671714875568
-7.85714285714286 0.053531826942361
-7.14285714285715 0.0198091156448532
-6.42857142857143 0.00722854373377078
-5.71428571428572 0.00961004255310857
-5 0.0240157901253202
-4.28571428571429 0.0439623573105488
-3.57142857142858 0.0503518029018542
-2.85714285714286 0.049955138491072
-2.14285714285715 0.0519119441683162
-1.42857142857143 0.0378066394383423
-0.714285714285718 0.0183707668456902
-3.99680288865056e-15 0.0110653902288492
0.71428571428571 0.0183707819498694
1.42857142857142 0.0378066748187161
2.14285714285714 0.0519119947396837
2.85714285714285 0.0499551901923463
3.57142857142857 0.0503518539441353
4.28571428571428 0.043962399356933
5 0.024015811844752
5.71428571428571 0.00961004879365038
6.42857142857143 0.00722854140668588
7.14285714285714 0.0198091059441377
7.85714285714285 0.0535318056018411
8.57142857142857 0.0945671356366534
9.28571428571428 0.102578744117438
10 0.069075361651052
10.7142857142857 0.0304784738550354
11.4285714285714 0.0102694603103353
12.1428571428571 0.0031836060210553
12.8571428571429 0.00188431616601646
13.5714285714286 0.00260565904208669
14.2857142857143 0.00216847471741807
15 0.00172857887743284
15.7142857142857 0.00263756605029519
16.4285714285714 0.00238123343358637
17.1428571428571 0.00124252277253791
17.8571428571429 0.000543324719735967
18.5714285714286 0.000380121963065978
19.2857142857143 0.000409364528445517
20 0.000339502072139565
20.7142857142857 0.000366793129131865
21.4285714285714 0.000390736360613721
22.1428571428571 0.000246095512797267
22.8571428571428 0.000108689943831038
23.5714285714286 4.86569001326028e-05
24.2857142857143 4.30337330002286e-05
25 4.81046757926493e-05
25.7142857142857 4.70238189626526e-05
26.4285714285714 4.91331467585349e-05
27.1428571428571 3.82254379636224e-05
27.8571428571428 1.93887320312755e-05
28.5714285714286 7.78790929523008e-06
29.2857142857143 3.75074354335879e-06
30 4.00987351340217e-06
30.7142857142857 4.94054355824442e-06
31.4285714285714 5.22392368752548e-06
32.1428571428571 4.29976881885805e-06
32.8571428571428 2.35933183500685e-06
33.5714285714286 9.60358618822741e-07
34.2857142857143 3.44810399826348e-07
35 1.16714905951252e-07
35.7142857142857 3.86488527420244e-08
36.4285714285714 1.25571710226274e-08
37.1428571428571 4.06492508789793e-09
37.8571428571428 1.2812258952188e-09
38.5714285714286 3.91904616058555e-10
39.2857142857143 1.06337424535114e-10
