-34 0.000116639406787306
-33.2916666666667 0.000218424642498652
-32.5833333333333 0.000583537592091749
-31.875 0.00130883507494478
-31.1666666666667 0.00244897130604441
-30.4583333333333 0.00362970534784475
-29.75 0.00405078864913898
-29.0416666666667 0.00500405222050472
-28.3333333333333 0.00686793142685202
-27.625 0.00643339049383477
-26.9166666666667 0.00478072910592017
-26.2083333333333 0.00460824041860358
-25.5 0.00506490789544836
-24.7916666666667 0.00595539018282184
-24.0833333333333 0.00792407013052188
-23.375 0.00922539687952869
-22.6666666666667 0.00839815907869715
-21.9583333333333 0.00710248508181221
-21.25 0.00606022683059428
-20.5416666666667 0.00550152761804497
-19.8333333333333 0.00575962047210772
-19.125 0.00718477867416778
-18.4166666666667 0.00879961395021423
-17.7083333333333 0.00886141854176697
-17 0.00951597556484491
-16.2916666666667 0.0107874030076021
-15.5833333333333 0.00974219086860389
-14.875 0.0101212062188194
-14.1666666666667 0.0127604663088998
-13.4583333333333 0.0154385233032151
-12.75 0.0179784530399119
-12.0416666666667 0.0241097736622163
-11.3333333333333 0.0300825575231153
-10.625 0.0273439891310859
-9.91666666666666 0.0205540653530937
-9.20833333333333 0.0206564557197053
-8.49999999999999 0.0235062030578722
-7.79166666666666 0.0247847969383266
-7.08333333333333 0.0281049382902758
-6.37499999999999 0.0390317547861224
-5.66666666666666 0.0453976113409421
-4.95833333333333 0.0377094540221035
-4.24999999999999 0.0279418777538085
-3.54166666666666 0.0270271918740848
-2.83333333333333 0.0279198966495236
-2.12499999999999 0.0270510997281243
-1.41666666666666 0.0288193044316102
-0.708333333333325 0.0382086262985089
8.43769498715119e-15 0.0438929129381166
0.708333333333342 0.0377372476133809
1.41666666666668 0.0285024186957547
2.12500000000001 0.0261574828906359
2.83333333333334 0.0259756197547409
3.54166666666668 0.0244353457840969
4.25000000000001 0.0249579577640993
4.95833333333334 0.033461552218045
5.66666666666668 0.0400254445119235
6.37500000000001 0.0346323850001854
7.08333333333334 0.0251812270101487
7.79166666666668 0.021832493985886
8.50000000000001 0.0203114162608241
9.20833333333334 0.0178029258789818
9.91666666666667 0.0179140892691876
10.625 0.0237885102674022
11.3333333333333 0.0259501004064793
12.0416666666667 0.0209345005364291
12.75 0.0158150334346481
13.4583333333333 0.0134366367767335
14.1666666666667 0.0109952616092234
14.875 0.00889776517112113
15.5833333333333 0.00890250397744334
16.2916666666667 0.00982040915175368
17 0.0085486478459635
17.7083333333333 0.00824529845153762
18.4166666666667 0.00835104604892356
19.125 0.00679673987752325
19.8333333333333 0.0056080744648195
20.5416666666667 0.00560715383496563
21.25 0.0063460918744178
21.9583333333333 0.00764356733898419
22.6666666666667 0.00924295065537941
23.375 0.0100263690894381
24.0833333333333 0.00843446341148324
24.7916666666667 0.00639628694525466
25.5 0.00555727232441796
26.2083333333333 0.00506249375585182
26.9166666666667 0.0051796586005459
27.625 0.00693120237071446
28.3333333333333 0.00736704129356997
29.0416666666667 0.00531069937530236
29.75 0.00433349670898988
30.4583333333333 0.00393529139120955
31.1666666666667 0.002668901142468
31.875 0.00143530388908394
32.5833333333333 0.000647876826680784
33.2916666666667 0.00024488156438184
