-34 0.000263407465295984
-33.2916666666667 0.000376132710628915
-32.5833333333333 0.000756721723775756
-31.875 0.00152931966491078
-31.1666666666667 0.0028067564890626
-30.4583333333333 0.00427537198541114
-29.75 0.00508781446351853
-29.0416666666667 0.0065619209526111
-28.3333333333333 0.00890769434290894
-27.625 0.00875908783552213
-26.9166666666667 0.00797432055597297
-26.2083333333333 0.00919318449566886
-25.5 0.0103631611622116
-24.7916666666667 0.0106972709113512
-24.0833333333333 0.012764234930297
-23.375 0.0179602978631015
-22.6666666666667 0.0196030189021828
-21.9583333333333 0.0152968623708214
-21.25 0.0118369394743991
-20.5416666666667 0.0121428237413602
-19.8333333333333 0.0126647786673623
-19.125 0.0126822403005922
-18.4166666666667 0.0144151322913574
-17.7083333333333 0.018202626239504
-17 0.0195826400265096
-16.2916666666667 0.0170308051614202
-15.5833333333333 0.0143242481862733
-14.875 0.0151601921228174
-14.1666666666667 0.0171870443087441
-13.4583333333333 0.0182743192790274
-12.75 0.0196502112144311
-12.0416666666667 0.0257998559640276
-11.3333333333333 0.031639597119403
-10.625 0.0282152681671218
-9.91666666666666 0.0210545030692915
-9.20833333333333 0.0202406899576907
-8.49999999999999 0.0212348822163486
-7.79166666666666 0.0209268277477223
-7.08333333333333 0.0234018702951252
-6.37499999999999 0.0305482396433086
-5.66666666666666 0.0312105084920171
-4.95833333333333 0.0243165796625018
-4.24999999999999 0.0184224965512032
-3.54166666666666 0.0154044635276768
-2.83333333333333 0.0125111283160539
-2.12499999999999 0.0110386225593438
-1.41666666666666 0.0115331287670615
-0.708333333333325 0.00921565511625996
8.43769498715119e-15 0.00592379327501639
0.708333333333342 0.00921648775016865
1.41666666666668 0.0115338980840097
2.12500000000001 0.0110388388541811
2.83333333333334 0.0125109242213019
3.54166666666668 0.0154040244863471
4.25000000000001 0.0184217716298211
4.95833333333334 0.0243153022370559
5.66666666666668 0.0312088876467953
6.37500000000001 0.0305468053672359
7.08333333333334 0.0234007159968186
7.79166666666668 0.0209260170899342
8.50000000000001 0.0212345512023777
9.20833333333334 0.0202407740138219
9.91666666666667 0.0210549767257232
10.625 0.0282161925701016
11.3333333333333 0.0316408507552163
12.0416666666667 0.0258013577787932
12.75 0.0196520250847735
13.4583333333333 0.0182762337627826
14.1666666666667 0.0171887741583333
14.875 0.0151615224315752
15.5833333333333 0.0143252026559085
16.2916666666667 0.0170319488707736
17 0.0195843186796677
17.7083333333333 0.0182042716084801
18.4166666666667 0.0144159999253432
19.125 0.0126826224322797
19.8333333333333 0.0126651917494109
20.5416666666667 0.0121433439788141
21.25 0.0118377298604058
21.9583333333333 0.0152982380945778
22.6666666666667 0.0196046184015747
23.375 0.0179615580682793
24.0833333333333 0.0127650116981422
24.7916666666667 0.0106976433694384
25.5 0.0103631823871003
26.2083333333333 0.00919292153268111
26.9166666666667 0.00797383125594557
27.625 0.00875836975083813
28.3333333333333 0.00890692560304432
29.0416666666667 0.00656139893985325
29.75 0.00508746772521975
30.4583333333333 0.0042750588093362
31.1666666666667 0.00280648632269772
31.875 0.00152911365378873
32.5833333333333 0.000756576015772072
33.2916666666667 0.000376052359583915
