-34 0.000801125963012198
-33.2916666666667 0.000884670051410611
-32.5833333333333 0.0011515567800282
-31.875 0.00165668732444007
-31.1666666666667 0.00241977722071281
-30.4583333333333 0.00321613573705379
-29.75 0.00380263438119793
-29.0416666666667 0.0051315047659277
-28.3333333333333 0.00646651125870264
-27.625 0.0058574606998247
-26.9166666666667 0.00499325090549584
-26.2083333333333 0.00539705655666991
-25.5 0.00595914395913899
-24.7916666666667 0.00632264681731873
-24.0833333333333 0.00732904514128647
-23.375 0.00950392276634846
-22.6666666666667 0.0107157078638254
-21.9583333333333 0.00932800824043101
-21.25 0.00765292221363605
-20.5416666666667 0.00820421690734955
-19.8333333333333 0.00940245618313141
-19.125 0.0102782728690016
-18.4166666666667 0.0122070908851901
-17.7083333333333 0.0165474304450064
-17 0.0186514231041135
-16.2916666666667 0.0153725176133948
-15.5833333333333 0.0115863130451037
-14.875 0.0113948693756459
-14.1666666666667 0.0121163988968978
-13.4583333333333 0.012805302365473
-12.75 0.015252384698634
-12.0416666666667 0.0195282333799416
-11.3333333333333 0.0208695281430263
-10.625 0.0180987927392773
-9.91666666666666 0.0148145215319037
-9.20833333333333 0.0149498899692791
-8.49999999999999 0.0169870944290155
-7.79166666666666 0.0188820277354398
-7.08333333333333 0.0204731427527151
-6.37499999999999 0.0255929205542658
-5.66666666666666 0.0326391233852128
-4.95833333333333 0.0319430585542974
-4.24999999999999 0.0244538966020305
-3.54166666666666 0.0237790788037225
-2.83333333333333 0.027595126241145
-2.12499999999999 0.0300676419674409
-1.41666666666666 0.0344861052937907
-0.708333333333325 0.0491746437467307
8.43769498715119e-15 0.0590791786423328
0.708333333333342 0.0491746279390571
1.41666666666668 0.0344860972373936
2.12500000000001 0.0300676420877972
2.83333333333334 0.0275951290062886
3.54166666666668 0.0237790868944461
4.25000000000001 0.0244539058730283
4.95833333333334 0.0319430616954731
5.66666666666668 0.0326391390241541
6.37500000000001 0.0255929554268108
7.08333333333334 0.0204731773610267
7.79166666666668 0.0188820714071029
8.50000000000001 0.0169871610805365
9.20833333333334 0.0149499682343464
9.91666666666667 0.0148145986173261
10.625 0.0180989072015272
11.3333333333333 0.0208697000944248
12.0416666666667 0.0195283847212982
12.75 0.0152524804658337
13.4583333333333 0.0128053892880079
14.1666666666667 0.0121164826763085
14.875 0.0113949284266212
15.5833333333333 0.0115863507345549
16.2916666666667 0.0153725720107279
17 0.018651482001308
17.7083333333333 0.0165474543207701
18.4166666666667 0.012207101473078
19.125 0.0102782867618351
19.8333333333333 0.00940245339733474
20.5416666666667 0.00820418924879913
21.25 0.00765287324619073
21.9583333333333 0.00932793741737387
22.6666666666667 0.0107156166769493
23.375 0.00950383226137155
24.0833333333333 0.00732897854631959
24.7916666666667 0.0063225915691013
25.5 0.00595908287268653
26.2083333333333 0.00539698829976011
26.9166666666667 0.00499317116221038
27.625 0.00585735303503762
28.3333333333333 0.00646639037144892
29.0416666666667 0.00513140705444909
29.75 0.00380256267530354
30.4583333333333 0.0032160792380202
31.1666666666667 0.00241973821574295
31.875 0.00165666323452999
32.5833333333333 0.00115154285703569
33.2916666666667 0.000884662934632826
