-34 2.59591465674098e-07
-33.2916666666667 2.58175944131426e-07
-32.5833333333333 6.12582215885729e-07
-31.875 2.04818667310443e-06
-31.1666666666667 7.40231540294945e-06
-30.4583333333333 2.53053211688964e-05
-29.75 6.62156518557142e-05
-29.0416666666667 0.000105353911339028
-28.3333333333333 0.00010250569147434
-27.625 0.00010280685992637
-26.9166666666667 0.000215753256648338
-26.2083333333333 0.000601290835863993
-25.5 0.00161170317938113
-24.7916666666667 0.00393669103165741
-24.0833333333333 0.00773101630666513
-23.375 0.0108278238792963
-22.6666666666667 0.0112061272721489
-21.9583333333333 0.00862746005534903
-21.25 0.00459927889263685
-20.5416666666667 0.00273415769550117
-19.8333333333333 0.00487960363142635
-19.125 0.0116198688196815
-18.4166666666667 0.0196478723831357
-17.7083333333333 0.0200616255823999
-17 0.0185399570048396
-16.2916666666667 0.0204175837749281
-15.5833333333333 0.0154437794659385
-14.875 0.00802229904181561
-14.1666666666667 0.00734720055758667
-13.4583333333333 0.0150165339683132
-12.75 0.0249765988106648
-12.0416666666667 0.0224313273238094
-11.3333333333333 0.0177412858244551
-10.625 0.0241569731347559
-9.91666666666666 0.0221373153674769
-9.20833333333333 0.0116395016224229
-8.49999999999999 0.00692657449460604
-7.79166666666666 0.0120418318429233
-7.08333333333333 0.0268182568591142
-6.37499999999999 0.0419649882213968
-5.66666666666666 0.0459414782208772
-4.95833333333333 0.0380332703307083
-4.24999999999999 0.0222102554524257
-3.54166666666666 0.00914085312716804
-2.83333333333333 0.00513303290100853
-2.12499999999999 0.0107709508643354
-1.41666666666666 0.0275538036926367
-0.708333333333325 0.0490142806389596
8.43769498715119e-15 0.0576021125927135
0.708333333333342 0.0462329575173976
1.41666666666668 0.024811704849648
2.12500000000001 0.0100412421415437
2.83333333333334 0.00823234914234073
3.54166666666668 0.018937008318185
4.25000000000001 0.0376797086449984
4.95833333333334 0.0444061061693049
5.66666666666668 0.0384710473411531
6.37500000000001 0.0423267958408434
7.08333333333334 0.0386178413341122
7.79166666666668 0.0214316035536981
8.50000000000001 0.0122377109343562
9.20833333333334 0.0177209311646606
9.91666666666667 0.0324632376861923
10.625 0.0344787498033405
11.3333333333333 0.0237655754057838
12.0416666666667 0.0305555284716804
12.75 0.0356254213682331
13.4583333333333 0.0219033196989707
14.1666666666667 0.0102143694006732
14.875 0.00923233444168201
15.5833333333333 0.0170447507740781
16.2916666666667 0.0234253061341169
17 0.0222405117019722
17.7083333333333 0.0232547218389841
18.4166666666667 0.0217533405413649
19.125 0.0126856278155794
19.8333333333333 0.00531605416768007
20.5416666666667 0.00289450090762196
21.25 0.00486398019069299
21.9583333333333 0.0096595266571533
22.6666666666667 0.013022754062032
23.375 0.0121681355734656
24.0833333333333 0.00801031144294977
24.7916666666667 0.00376422296853968
25.5 0.00142948398445599
26.2083333333333 0.000489543648740577
26.9166666666667 0.000166452306384759
27.625 9.63343274637093e-05
28.3333333333333 0.000104923022703348
29.0416666666667 0.000109486041418712
29.75 8.28575217808442e-05
30.4583333333333 4.0099742236934e-05
31.1666666666667 1.43415175218572e-05
31.875 4.69457205762196e-06
32.5833333333333 1.55747588643994e-06
33.2916666666667 5.57471545513306e-07
