-34 2.20298678907181e-07
-33.2916666666667 8.85547327662933e-07
-32.5833333333333 3.59677806937474e-06
-31.875 1.17451922063086e-05
-31.1666666666667 3.38129361259141e-05
-30.4583333333333 7.98761025319391e-05
-29.75 0.000117777611348299
-29.0416666666667 0.000108175513984545
-28.3333333333333 0.000166966770299151
-27.625 0.000311658722878097
-26.9166666666667 0.00059226855710329
-26.2083333333333 0.00143047635239176
-25.5 0.00355090569108088
-24.7916666666667 0.00795739595932416
-24.0833333333333 0.0138339721846924
-23.375 0.0170442559851796
-22.6666666666667 0.0177627644956283
-21.9583333333333 0.0159679599528712
-21.25 0.00986340443621625
-20.5416666666667 0.005499913040846
-19.8333333333333 0.00747572910883908
-19.125 0.0169338217651676
-18.4166666666667 0.0301140926263982
-17.7083333333333 0.035117035228297
-17 0.0355609076005925
-16.2916666666667 0.0354595766626331
-15.5833333333333 0.0243276683326034
-14.875 0.0113694561391278
-14.1666666666667 0.00808982421019542
-13.4583333333333 0.0158209090138259
-12.75 0.0298665241617967
-12.0416666666667 0.035657393899609
-11.3333333333333 0.0351155456485178
-10.625 0.0361730693472163
-9.91666666666666 0.0270579658418731
-9.20833333333333 0.0133237781439097
-8.49999999999999 0.00731803987112669
-7.79166666666666 0.0106396894236344
-7.08333333333333 0.0205788986672213
-6.37499999999999 0.0275770740666617
-5.66666666666666 0.0286492911413521
-4.95833333333333 0.0276730405378106
-4.24999999999999 0.0198511554936142
-3.54166666666666 0.0098752724798732
-2.83333333333333 0.00593140605599197
-2.12499999999999 0.00893203797912214
-1.41666666666666 0.0162877115971799
-0.708333333333325 0.0195831410018404
8.43769498715119e-15 0.01845950015353
0.708333333333342 0.0195534042001938
1.41666666666668 0.0160918731295513
2.12500000000001 0.008568084139499
2.83333333333334 0.00543585321340279
3.54166666666668 0.00943091729898201
4.25000000000001 0.0209979200774895
4.95833333333334 0.0341725793553498
5.66666666666668 0.0398693711357181
6.37500000000001 0.0359228088741698
7.08333333333334 0.0229952218565173
7.79166666666668 0.0104043898563069
8.50000000000001 0.00630016300692992
9.20833333333334 0.0115726945651096
9.91666666666667 0.0252717328342696
10.625 0.0381105771778471
11.3333333333333 0.0420700050187341
12.0416666666667 0.0411881569235521
12.75 0.0306941590535885
13.4583333333333 0.0150991235656918
14.1666666666667 0.00744717495238456
14.875 0.0103800117774903
15.5833333333333 0.0217736500259543
16.2916666666667 0.0304799366485194
17 0.0296366105122922
17.7083333333333 0.0307362825305075
18.4166666666667 0.0279963467781335
19.125 0.0162824813069133
19.8333333333333 0.00736504296143262
20.5416666666667 0.00527077529459835
21.25 0.00886082582282486
21.9583333333333 0.0137638410714357
22.6666666666667 0.0149402821441269
23.375 0.0146377622937068
24.0833333333333 0.0123048913411356
24.7916666666667 0.00718180784969872
25.5 0.00321162750748939
26.2083333333333 0.00129177569140242
26.9166666666667 0.000531011820958627
27.625 0.00027734583753336
28.3333333333333 0.000153745782493978
29.0416666666667 0.000106060056652467
29.75 0.000111011922306731
30.4583333333333 7.29498521593667e-05
31.1666666666667 3.04528619997172e-05
31.875 1.04705690052723e-05
32.5833333333333 3.1567463162979e-06
33.2916666666667 7.50311639928012e-07
