-34 1.63383919268577e-06
-33.2916666666667 2.26429455102663e-06
-32.5833333333333 5.01256848014367e-06
-31.875 1.37687305309354e-05
-31.1666666666667 3.95523546792377e-05
-30.4583333333333 0.000101619085081754
-29.75 0.000179151834659335
-29.0416666666667 0.000193550116624065
-28.3333333333333 0.000182665669841497
-27.625 0.000161743081597991
-26.9166666666667 0.000195436022981294
-26.2083333333333 0.000606572758964378
-25.5 0.00211026043877387
-24.7916666666667 0.00664863972336189
-24.0833333333333 0.0171197176384799
-23.375 0.0299602471021384
-22.6666666666667 0.0319636819477734
-21.9583333333333 0.0204594766905259
-21.25 0.00793206711659121
-20.5416666666667 0.00253143328559383
-19.8333333333333 0.00378705518677268
-19.125 0.0137839208812335
-18.4166666666667 0.0389884720038833
-17.7083333333333 0.0723532324574056
-17 0.0816382693180124
-16.2916666666667 0.0560827047263508
-15.5833333333333 0.0239986166207437
-14.875 0.00722266009960297
-14.1666666666667 0.00320125588961802
-13.4583333333333 0.00799402964343461
-12.75 0.0222471647119231
-12.0416666666667 0.0404796466402755
-11.3333333333333 0.0471997062003607
-10.625 0.0363225103580958
-9.91666666666666 0.0185152981558407
-9.20833333333333 0.00672840022766445
-8.49999999999999 0.00248649134296313
-7.79166666666666 0.00346870748532351
-7.08333333333333 0.00880009963182061
-6.37499999999999 0.0155065154340294
-5.66666666666666 0.0183541484051877
-4.95833333333333 0.0154649873097791
-4.24999999999999 0.00901151167272682
-3.54166666666666 0.00377223011028481
-2.83333333333333 0.0015977122377337
-2.12499999999999 0.00208822532751515
-1.41666666666666 0.00561153921294833
-0.708333333333325 0.0114699273930104
8.43769498715119e-15 0.0145992795314065
0.708333333333342 0.0114699271154266
1.41666666666668 0.00561153896237512
2.12500000000001 0.00208822525952966
2.83333333333334 0.00159771240835805
3.54166666666668 0.00377223080355802
4.25000000000001 0.00901151345839079
4.95833333333334 0.0154649903421171
5.66666666666668 0.0183541515299375
6.37500000000001 0.0155065174722583
7.08333333333334 0.00880010054505205
7.79166666666668 0.00346870779184513
8.50000000000001 0.00248649134751249
9.20833333333334 0.00672840006447438
9.91666666666667 0.0185152978311548
10.625 0.036322509833066
11.3333333333333 0.0471997054408824
12.0416666666667 0.0404796459636311
12.75 0.0222471643612634
13.4583333333333 0.00799402955430385
14.1666666666667 0.00320125588041577
14.875 0.00722266011757266
15.5833333333333 0.0239986166750766
16.2916666666667 0.0560827047593003
17 0.0816382692385716
17.7083333333333 0.0723532323991607
18.4166666666667 0.0389884721230791
19.125 0.013783921026739
19.8333333333333 0.00378705521086336
20.5416666666667 0.00253143298347855
21.25 0.00793206602143218
21.9583333333333 0.0204594741895424
22.6666666666667 0.0319636782491255
23.375 0.0299602435923123
24.0833333333333 0.0171197154855007
24.7916666666667 0.00664863879093636
25.5 0.00211026009593384
26.2083333333333 0.000606572610860268
26.9166666666667 0.000195435915086146
27.625 0.000161743048271818
28.3333333333333 0.000182665822400215
29.0416666666667 0.000193550269643474
29.75 0.000179151823931965
30.4583333333333 0.000101619035185307
31.1666666666667 3.95523321147724e-05
31.875 1.37687237987006e-05
32.5833333333333 5.01256717522974e-06
33.2916666666667 2.26429334447348e-06
