-34 1.25159700582706e-06
-33.2916666666667 2.37264777173313e-06
-32.5833333333333 7.19565018468437e-06
-31.875 2.13205896402258e-05
-31.1666666666667 5.84854609001391e-05
-30.4583333333333 0.000133775057112437
-29.75 0.000189898618014403
-29.0416666666667 0.000154045120838705
-28.3333333333333 0.000196460766007726
-27.625 0.000293300019153354
-26.9166666666667 0.000402463596348101
-26.2083333333333 0.000897099562165802
-25.5 0.00233227967655813
-24.7916666666667 0.005681108543806
-24.0833333333333 0.0113642335004107
-23.375 0.0164598396432427
-22.6666666666667 0.0171893652630376
-21.9583333333333 0.0128445076448785
-21.25 0.00637090343519368
-20.5416666666667 0.00285940644432163
-19.8333333333333 0.00397762933460639
-19.125 0.0101693336937059
-18.4166666666667 0.0201802118491888
-17.7083333333333 0.0266977587795684
-17 0.027220187553695
-16.2916666666667 0.0234768031611984
-15.5833333333333 0.0143188324169628
-14.875 0.00665644238962982
-14.1666666666667 0.00604972904576022
-13.4583333333333 0.0133648236046288
-12.75 0.0258978413229772
-12.0416666666667 0.03240327550734
-11.3333333333333 0.032143258644106
-10.625 0.0306628760855646
-9.91666666666666 0.0214296706542436
-9.20833333333333 0.0104905827583703
-8.49999999999999 0.00747208889288648
-7.79166666666666 0.0137555922620029
-7.08333333333333 0.0252408731517571
-6.37499999999999 0.0285624681751266
-5.66666666666666 0.0261206636920053
-4.95833333333333 0.0285660997436105
-4.24999999999999 0.0235918188184219
-3.54166666666666 0.0125198934683272
-2.83333333333333 0.00807625663457335
-2.12499999999999 0.0131551116853848
-1.41666666666666 0.0240151611881926
-0.708333333333325 0.0271088271000051
8.43769498715119e-15 0.0236198875178514
0.708333333333342 0.0263296323250345
1.41666666666668 0.0231172845946875
2.12500000000001 0.0126269843301152
2.83333333333334 0.00828905607018658
3.54166666666668 0.0141291925546556
4.25000000000001 0.0274378194259446
4.95833333333334 0.0340614301247128
5.66666666666668 0.0310563126725507
6.37500000000001 0.0321038743156982
7.08333333333334 0.0274397616779664
7.79166666666668 0.0147452578161679
8.50000000000001 0.00819689325845022
9.20833333333334 0.0124837119188525
9.91666666666667 0.0269941618260872
10.625 0.0410207674075818
11.3333333333333 0.043774878983726
12.0416666666667 0.0406118766697162
12.75 0.0297886934150183
13.4583333333333 0.0146677874521907
14.1666666666667 0.00675344165350048
14.875 0.00881775111147764
15.5833333333333 0.0210787211700194
16.2916666666667 0.0374708272021466
17 0.044837793558695
17.7083333333333 0.0404817859077592
18.4166666666667 0.0272794055513259
19.125 0.0128276912062474
19.8333333333333 0.0048396823538471
20.5416666666667 0.00342487126548669
21.25 0.00788202687223677
21.9583333333333 0.0165823448843992
22.6666666666667 0.0223752168314669
23.375 0.0202331619286929
24.0833333333333 0.0128016150066857
24.7916666666667 0.00599660212387542
25.5 0.00236940163970877
26.2083333333333 0.00088635703836695
26.9166666666667 0.000397521101079828
27.625 0.000308436380532784
28.3333333333333 0.000219973257534149
29.0416666666667 0.000174066921832164
29.75 0.000207163745545624
30.4583333333333 0.000144283218131255
31.1666666666667 6.28035015612967e-05
31.875 2.28407339477213e-05
32.5833333333333 7.70412759663189e-06
33.2916666666667 2.52678103224566e-06
