-34 2.01794352637695e-07
-33.2916666666667 3.19574984622985e-07
-32.5833333333333 9.33122832176636e-07
-31.875 3.43845628311574e-06
-31.1666666666667 1.34943143009678e-05
-30.4583333333333 4.99363216019277e-05
-29.75 0.000140075407783193
-29.0416666666667 0.000226345128939613
-28.3333333333333 0.000196280529236462
-27.625 0.000155387698657006
-26.9166666666667 0.000349830432063616
-26.2083333333333 0.00112635109016266
-25.5 0.00344420965579362
-24.7916666666667 0.00973016521335141
-24.0833333333333 0.0225835418954197
-23.375 0.0366499890636163
-22.6666666666667 0.0389436910551195
-21.9583333333333 0.0268256850002978
-21.25 0.0120978409046435
-20.5416666666667 0.00540146347271211
-19.8333333333333 0.00783680472113008
-19.125 0.0186686204225982
-18.4166666666667 0.0310250657808877
-17.7083333333333 0.0289229461045633
-17 0.0253811882366246
-16.2916666666667 0.032189520170903
-15.5833333333333 0.027215874618082
-14.875 0.014283850957158
-14.1666666666667 0.00968464699415618
-13.4583333333333 0.0167799584866098
-12.75 0.0299768634780021
-12.0416666666667 0.0325252949066398
-11.3333333333333 0.0293120327069443
-10.625 0.0328076065567584
-9.91666666666666 0.027044549587362
-9.20833333333333 0.0136267248352942
-8.49999999999999 0.00611180288344566
-7.79166666666666 0.00700249901769984
-7.08333333333333 0.0157309481091676
-6.37499999999999 0.0267684278611997
-5.66666666666666 0.0309726103249418
-4.95833333333333 0.0256805455136752
-4.24999999999999 0.0147077559800184
-3.54166666666666 0.0058865965844436
-2.83333333333333 0.00236576052919421
-2.12499999999999 0.00326209421342774
-1.41666666666666 0.00821415790039405
-0.708333333333325 0.0149388028052849
8.43769498715119e-15 0.0180394660159763
0.708333333333342 0.0149388038172601
1.41666666666668 0.008214158941834
2.12500000000001 0.0032620949368836
2.83333333333334 0.00236576144197123
3.54166666666668 0.00588659849022486
4.25000000000001 0.0147077592446162
4.95833333333334 0.0256805483243778
5.66666666666668 0.0309726113982435
6.37500000000001 0.0267684293381935
7.08333333333334 0.015730950324511
7.79166666666668 0.00700250017288894
8.50000000000001 0.00611180241703502
9.20833333333334 0.013626722506899
9.91666666666667 0.0270445449941485
10.625 0.0328076000797123
11.3333333333333 0.029312025542981
12.0416666666667 0.0325252887306427
12.75 0.0299768598585966
13.4583333333333 0.0167799570607583
14.1666666666667 0.00968464580140995
14.875 0.0142838482838255
15.5833333333333 0.0272158704493513
16.2916666666667 0.0321895188487949
17 0.0253811916197335
17.7083333333333 0.0289229467249513
18.4166666666667 0.0310250615247587
19.125 0.0186686166358698
19.8333333333333 0.00783680293798273
20.5416666666667 0.00540146318603899
21.25 0.012097841936078
21.9583333333333 0.0268256872640452
22.6666666666667 0.0389436940747085
23.375 0.0366499919343619
24.0833333333333 0.0225835437077802
24.7916666666667 0.00973016599858105
25.5 0.00344420994918526
26.2083333333333 0.00112635123408871
26.9166666666667 0.000349830488693752
27.625 0.000155387567176057
28.3333333333333 0.000196280138057398
29.0416666666667 0.000226344666122239
29.75 0.000140075130259116
30.4583333333333 4.99362338636727e-05
31.1666666666667 1.3494303837042e-05
31.875 3.438466028881e-06
32.5833333333333 9.33135221060916e-07
33.2916666666667 3.19585066089036e-07
