-59 2.34890319660022e-06
-58.2625 2.71141199385687e-06
-57.525 4.27872876125966e-06
-56.7875 8.19234188362447e-06
-56.05 1.72651528622952e-05
-55.3125 3.76856842891588e-05
-54.575 8.31362520197184e-05
-53.8375 0.000181709413155616
-53.1 0.000381465679866387
-52.3625 0.000719884229256033
-51.625 0.00105507263899689
-50.8875 0.000987842829572838
-50.15 0.00110015727224523
-49.4125 0.00187094409959313
-48.675 0.00190963052723849
-47.9375 0.00177570482996673
-47.2 0.00248873525487574
-46.4625 0.00328836530594265
-45.725 0.00356826343443796
-44.9875 0.00441840869671047
-44.25 0.00609614384987869
-43.5125 0.00595383356279308
-42.775 0.00445982628648782
-42.0375 0.00488832777335931
-41.3 0.00595204437802768
-40.5625 0.00657690107525959
-39.825 0.00836187602214681
-39.0875 0.0111022834830627
-38.35 0.0109584323191331
-37.6125 0.00796989033473793
-36.875 0.00746309379223133
-36.1375 0.0084033027971627
-35.4 0.00913012128806807
-34.6625 0.0113540269081964
-33.925 0.0147671303383165
-33.1875 0.0148823427622552
-32.45 0.0113127780065954
-31.7125 0.00941203169132405
-30.975 0.00968527890706928
-30.2375 0.0100294495252618
-29.5 0.0117981018448845
-28.7625 0.0153858839138037
-28.025 0.0163340677022323
-27.2875 0.0135135277865561
-26.55 0.0105861532623825
-25.8125 0.00993978383319626
-25.075 0.00966223129353632
-24.3375 0.0100720529201201
-23.6 0.0128490592820201
-22.8625 0.0148740995814343
-22.125 0.0135969685197698
-21.3875 0.01084540498377
-20.65 0.00940826214920022
-19.9125 0.00901896454936165
-19.175 0.00869077843072298
-18.4375 0.00958361846574683
-17.7 0.0119969592612159
-16.9625 0.012892188426996
-16.225 0.0115675650352622
-15.4875 0.00928906023066036
-14.75 0.00862568720084743
-14.0125 0.00873621352221484
-13.275 0.00881609434645444
-12.5375 0.0100472228497009
-11.8 0.0127006123202211
-11.0625 0.0137346063012066
-10.325 0.0115604197322929
-9.58749999999996 0.00923441286976559
-8.84999999999996 0.00938976424648773
-8.11249999999996 0.00974610479429136
-7.37499999999996 0.00977580117431837
-6.63749999999996 0.0118954412292949
-5.89999999999996 0.0152014804706524
-5.16249999999996 0.0149900735281655
-4.42499999999996 0.0113208138117956
-3.68749999999996 0.0100852269754885
-2.94999999999996 0.0107566052355392
-2.21249999999996 0.0106885663929773
-1.47499999999996 0.0108630933439661
-0.737499999999961 0.0142845243556278
3.86357612569554e-14 0.0168740728515091
0.737500000000039 0.0145370257555809
1.47500000000004 0.0108505005889219
2.21250000000004 0.0106702665914165
2.95000000000004 0.0110188722234998
3.68750000000004 0.0105254447315338
4.42500000000004 0.0116883749520606
5.16250000000004 0.0154509654992181
5.90000000000004 0.0160164413194868
6.63750000000004 0.0125469193002983
7.37500000000004 0.0101315499134452
8.11250000000004 0.0101877764878336
8.85000000000004 0.00995509414660752
9.58750000000004 0.00979678795020783
10.325 0.012214604431853
11.0625 0.01462634049139
11.8 0.0135095305556398
12.5375 0.010531558849297
13.275 0.00921067648239605
14.0125 0.00908494361533245
14.75 0.00886351963125792
15.4875 0.00952687005943146
16.225 0.0119339749860586
16.9625 0.0131481548322462
17.7 0.0120858733321732
18.4375 0.00970881124033048
19.175 0.00879087997833528
19.9125 0.00900743465122298
20.65 0.00935870530843603
21.3875 0.0108371878238733
22.125 0.0134473757603019
22.8625 0.0146349831367868
23.6 0.0127967920186908
24.3375 0.0100507534996228
25.075 0.00956606910461791
25.8125 0.00988097805782572
26.55 0.0105871273477878
27.2875 0.0133976403370271
28.025 0.0162215423472327
28.7625 0.0155947408934797
29.5 0.0120745273738739
30.2375000000001 0.01016767560517
30.9750000000001 0.00988367986836584
31.7125000000001 0.00972433555701427
32.4500000000001 0.0116269439361599
33.1875 0.0153374709445072
33.9250000000001 0.0155510505283818
34.6625000000001 0.0121340103319223
35.4000000000001 0.00964371193046402
36.1375000000001 0.00888334518736315
36.8750000000001 0.00799035293292099
37.6125000000001 0.00854104736424942
38.3500000000001 0.0117694684163474
39.0875000000001 0.0121618481063702
39.8250000000001 0.00929955768762788
40.5625000000001 0.00723513477257204
41.3000000000001 0.00654089631968676
42.0375000000001 0.00543664529650084
42.7750000000001 0.00497631125985271
43.5125000000001 0.00663459404503019
44.2500000000001 0.0069068932059497
44.9875000000001 0.00508801386424957
45.7250000000001 0.00406760730850956
46.4625000000001 0.00372847693310758
47.2000000000001 0.00284400248209668
47.9375000000001 0.00204202014585512
48.6750000000001 0.00220349327302828
49.4125000000001 0.0021845313619086
50.1500000000001 0.00129695006392618
50.8875000000001 0.00116049685134017
51.6250000000001 0.00123725984198346
52.3625000000001 0.000840820629921146
53.1000000000001 0.000444153486388716
53.8375000000001 0.00021152641982239
54.5750000000001 9.68237310705735e-05
55.3125000000001 4.38332246086882e-05
56.0500000000001 1.99995395291198e-05
56.7875000000001 9.40481270638992e-06
57.5250000000001 4.80521713998243e-06
58.2625000000001 2.90848579979052e-06
