-59 8.23255320364893e-06
-58.2625 9.68992746580174e-06
-57.525 1.52211109991777e-05
-56.7875 2.89300759062122e-05
-56.05 6.08275364238989e-05
-55.3125 0.000132706141231608
-54.575 0.000292719674036223
-53.8375 0.00063891898267923
-53.1 0.00133269457513504
-52.3625 0.00247255446662631
-51.625 0.00355222680871804
-50.8875 0.00330153760225549
-50.15 0.00343576258703414
-49.4125 0.005790925556601
-48.675 0.00595557886927571
-47.9375 0.00461385002722972
-47.2 0.00553939468563724
-46.4625 0.00696934240179473
-45.725 0.00761979574165216
-44.9875 0.00990562297971465
-44.25 0.0131927817907112
-43.5125 0.0122302435736316
-42.775 0.00890023445020698
-42.0375 0.00907117773351116
-41.3 0.0100901954071171
-40.5625 0.0110760217815876
-39.825 0.0150096976529338
-39.0875 0.018380196145678
-38.35 0.0159461041678523
-37.6125 0.0113747168129239
-36.875 0.0105669039312706
-36.1375 0.0107082531320147
-35.4 0.0119517789098797
-34.6625 0.0163770208202771
-33.925 0.0182246309802181
-33.1875 0.014753958079861
-32.45 0.0110048761021392
-31.7125 0.00962975794212348
-30.975 0.00828742123490402
-30.2375 0.0080829317827068
-29.5 0.0110922569466133
-28.7625 0.0119054183661532
-28.025 0.00887055268706814
-27.2875 0.00741148301130099
-26.55 0.00720273595628458
-25.8125 0.00586963876846866
-25.075 0.00481494550524848
-24.3375 0.00597308845748859
-23.6 0.00718993272135382
-22.8625 0.00526278120045452
-22.125 0.00480017420071226
-21.3875 0.00550497493336197
-20.65 0.00450255793615002
-19.9125 0.00384001128992466
-19.175 0.00447394905679793
-18.4375 0.00547957656913974
-17.7 0.00513642497629126
-16.9625 0.00576415485896716
-16.225 0.00737342336050533
-15.4875 0.00606888481194042
-14.75 0.0052322438647659
-14.0125 0.00630610162086539
-13.275 0.00743088031741231
-12.5375 0.00783561598188508
-11.8 0.00982389971857536
-11.0625 0.0127491793389656
-10.325 0.0116060881658179
-9.58749999999996 0.00875621561784533
-8.84999999999996 0.00943351662655567
-8.11249999999996 0.0108046513802603
-7.37499999999996 0.0110161561806959
-6.63749999999996 0.0129216170769886
-5.89999999999996 0.0174950465187342
-5.16249999999996 0.0181226502403831
-4.42499999999996 0.0135122761949789
-3.68749999999996 0.0120035471334979
-2.94999999999996 0.01318946112842
-2.21249999999996 0.013195998791233
-1.47499999999996 0.0132328642583796
-0.737499999999961 0.0177023855159299
3.86357612569554e-14 0.0210548454197649
0.737500000000039 0.0177023855947932
1.47500000000004 0.0132328643186577
2.21250000000004 0.0131959988463041
2.95000000000004 0.0131894612179446
3.68750000000004 0.0120035472337421
4.42500000000004 0.0135122763044701
5.16250000000004 0.018122650456912
5.90000000000004 0.0174950467933003
6.63750000000004 0.0129216172862615
7.37500000000004 0.0110161563485607
8.11250000000004 0.0108046515685137
8.85000000000004 0.00943351680391201
9.58750000000004 0.00875621576361639
10.325 0.0116060883845527
11.0625 0.0127491796698079
11.8 0.00982389997188945
12.5375 0.00783561612469742
13.275 0.00743088047613492
14.0125 0.00630610177648441
14.75 0.00523224395719624
15.4875 0.00606888489088516
16.225 0.00737342353650012
16.9625 0.00576415500048597
17.7 0.00513642496579206
18.4375 0.00547957654960459
19.175 0.00447394907787689
19.9125 0.00384001125361577
20.65 0.00450255783919908
21.3875 0.00550497486428367
22.125 0.00480017410706592
22.8625 0.00526278095457788
23.6 0.00718993244068007
24.3375 0.00597308828009403
25.075 0.00481494532500026
25.8125 0.00586963853529048
26.55 0.00720273572354295
27.2875 0.00741148273835628
28.025 0.00887055225339046
28.7625 0.0119054179025063
29.5 0.0110922566356197
30.2375000000001 0.00808293152737587
30.9750000000001 0.00828742096059745
31.7125000000001 0.00962975768910222
32.4500000000001 0.0110048758284129
33.1875 0.0147539576843818
33.9250000000001 0.0182246306166344
34.6625000000001 0.016377020627369
35.4000000000001 0.0119517787689008
36.1375000000001 0.0107082529890797
36.8750000000001 0.0105669038133253
37.6125000000001 0.0113747166483597
38.3500000000001 0.0159461039012159
39.0875000000001 0.018380195985157
39.8250000000001 0.0150096975994243
40.5625000000001 0.0110760216847633
41.3000000000001 0.0100901953376407
42.0375000000001 0.00907117776491165
42.7750000000001 0.00890023458939652
43.5125000000001 0.0122302438335711
44.2500000000001 0.0131927822063959
44.9875000000001 0.00990562343134694
45.7250000000001 0.00761979608721651
46.4625000000001 0.00696934263824334
47.2000000000001 0.00553939475272032
47.9375000000001 0.00461384979348518
48.6750000000001 0.00595557835949359
49.4125000000001 0.00579092518291215
50.1500000000001 0.00343576225571886
50.8875000000001 0.00330153701621183
51.6250000000001 0.00355222626586063
52.3625000000001 0.00247255417207832
53.1000000000001 0.00133269452921992
53.8375000000001 0.00063891903887887
54.5750000000001 0.000292719950773417
55.3125000000001 0.000132706628461311
56.0500000000001 6.08281257400877e-05
56.7875000000001 2.89305584279193e-05
57.5250000000001 1.52213527839709e-05
58.2625000000001 9.68998096328901e-06
