-59 3.15696677715099e-07
-58.2625 6.52317827112242e-07
-57.525 1.73060903862875e-06
-56.7875 4.30533488926328e-06
-56.05 1.01647959989715e-05
-55.3125 2.32100578522598e-05
-54.575 5.18708304182697e-05
-53.8375 0.000113165488478947
-53.1 0.000235712529401886
-52.3625 0.000441863534710731
-51.625 0.000650449704943752
-50.8875 0.000641437251515138
-50.15 0.0007462015933658
-49.4125 0.00118174315302923
-48.675 0.0011735821841522
-47.9375 0.00111911369717362
-47.2 0.00157134484025171
-46.4625 0.00206578144516125
-45.725 0.0023288738242536
-44.9875 0.00299913172971023
-44.25 0.00395909645553633
-43.5125 0.00373202184401436
-42.775 0.00293591922377436
-42.0375 0.0034363445803895
-41.3 0.00434669493858397
-40.5625 0.00497272277775479
-39.825 0.00622260154105573
-39.0875 0.00815488251708327
-38.35 0.00825750079511404
-37.6125 0.006161037820567
-36.875 0.00599321239952444
-36.1375 0.00723652699502659
-35.4 0.00826015840537889
-34.6625 0.0100019816394973
-33.925 0.0131820036076229
-33.1875 0.0143220627329748
-32.45 0.0113421710099574
-31.7125 0.00936977366704444
-30.975 0.0104001504846439
-30.2375 0.0115305446887641
-29.5 0.0130817883997496
-28.7625 0.0172808786855853
-28.025 0.0204819118929499
-27.2875 0.018031403433169
-26.55 0.0135338936843916
-25.8125 0.013243712522485
-25.075 0.0140627488092768
-24.3375 0.0145210258484899
-23.6 0.0181186826222531
-22.8625 0.0235375099131011
-22.125 0.0230733985991087
-21.3875 0.0174007517420677
-20.65 0.0147122096488859
-19.9125 0.0148157091827101
-19.175 0.014062330941825
-18.4375 0.0147067626314053
-17.7 0.0200776795535399
-16.9625 0.0224828652060744
-16.225 0.0181843035609825
-15.4875 0.0136793415413737
-14.75 0.0127717181026385
-14.0125 0.0116908571990719
-13.275 0.0103561348821983
-12.5375 0.0125065435175483
-11.8 0.0158942548851045
-11.0625 0.0140608708845742
-10.325 0.0104104777649576
-9.58749999999996 0.00882300928757219
-8.84999999999996 0.00759166867761491
-8.11249999999996 0.00589673792737428
-7.37499999999996 0.00560420714176205
-6.63749999999996 0.00724853000680962
-5.89999999999996 0.00659752493726312
-5.16249999999996 0.00508348774975211
-4.42499999999996 0.00481383750709655
-3.68749999999996 0.00418576841605591
-2.94999999999996 0.00325958520988899
-2.21249999999996 0.00308548774950612
-1.47499999999996 0.00374840329071844
-0.737499999999961 0.00363869682330646
3.86357612569554e-14 0.00316391049191254
0.737500000000039 0.00424501177764504
1.47500000000004 0.00402542636952005
2.21250000000004 0.00337602167358676
2.95000000000004 0.00405994025797049
3.68750000000004 0.00528038234784923
4.42500000000004 0.00591621026303323
5.16250000000004 0.0068509341146898
5.90000000000004 0.00909662911299799
6.63750000000004 0.00924244272585542
7.37500000000004 0.00695081691848075
8.11250000000004 0.007389499072767
8.85000000000004 0.00918448113315354
9.58750000000004 0.0102573424368164
10.325 0.0122452023046373
11.0625 0.0167442751681419
11.8 0.0182701075529052
12.5375 0.0140365075287266
13.275 0.0117197943598609
14.0125 0.013011243715086
14.75 0.0137819162764548
15.4875 0.0145810034416
16.225 0.0195663935874821
16.9625 0.0238384087055955
17.7 0.0208576688116404
18.4375 0.0153283814258071
19.175 0.0146730926146294
19.9125 0.0151840793774676
20.65 0.0148770219615355
21.3875 0.0176450438856392
22.125 0.0233114246876985
22.8625 0.0233896701992592
23.6 0.0179057321906997
24.3375 0.0144583711331796
25.075 0.0138992634098039
25.8125 0.012925297102278
26.55 0.0132285349340574
27.2875 0.0176838440891872
28.025 0.0198045196234266
28.7625 0.0164956649808261
29.5 0.0125456000120548
30.2375000000001 0.0111519013339653
30.9750000000001 0.00998026885812378
31.7125000000001 0.00890702640805268
32.4500000000001 0.0107699106706359
33.1875 0.013542610514201
33.9250000000001 0.012305640451776
34.6625000000001 0.00924696269906941
35.4000000000001 0.00776084581432616
36.1375000000001 0.00690205389800274
36.8750000000001 0.00575287952412826
37.6125000000001 0.00595777345809006
38.3500000000001 0.00800236839673529
39.0875000000001 0.00782864313999877
39.8250000000001 0.00587655090357909
40.5625000000001 0.00470170259659479
41.3000000000001 0.00412682669827704
42.0375000000001 0.00324100696824382
42.7750000000001 0.0027665974517198
43.5125000000001 0.00352541675678222
44.2500000000001 0.00363109978282398
44.9875000000001 0.00266994664138408
45.7250000000001 0.00213993091830954
46.4625000000001 0.00192924206477731
47.2000000000001 0.00144285478339926
47.9375000000001 0.000985872194491208
48.6750000000001 0.00096689966006482
49.4125000000001 0.000953836665849032
50.1500000000001 0.000580607357514479
50.8875000000001 0.000495357166991912
51.6250000000001 0.000515665288010154
52.3625000000001 0.000349002668012063
53.1000000000001 0.000184223784269377
53.8375000000001 8.78669146067243e-05
54.5750000000001 4.01560218822627e-05
55.3125000000001 1.79276537540313e-05
56.0500000000001 7.80946268813155e-06
56.7875000000001 3.2674033211337e-06
57.5250000000001 1.28364746427844e-06
58.2625000000001 4.8586869288272e-07
