-59 3.31025837071201e-06
-58.2625 3.85608178938852e-06
-57.525 5.91210204583449e-06
-56.7875 1.09297712004515e-05
-56.05 2.23688443579772e-05
-55.3125 4.75195794673098e-05
-54.575 0.000102106408846148
-53.8375 0.000217240982238257
-53.1 0.000441335046347244
-52.3625 0.000797791745152702
-51.625 0.00114572778094872
-50.8875 0.00118796710445555
-50.15 0.00135247379412446
-49.4125 0.00200200315021086
-48.675 0.00196579614770504
-47.9375 0.00153383132129509
-47.2 0.00187700920035095
-46.4625 0.00244731610156588
-45.725 0.00286219678230187
-44.9875 0.00380580251569645
-44.25 0.00491127522506871
-43.5125 0.00447048450637794
-42.775 0.00334651042122084
-42.0375 0.00362793333835613
-41.3 0.00433212352710413
-40.5625 0.00507680456433139
-39.825 0.00670193829225764
-39.0875 0.00818393175336027
-38.35 0.00755806130466049
-37.6125 0.00554826840106869
-36.875 0.00519787406415597
-36.1375 0.00589848154356858
-35.4 0.00705371057544748
-34.6625 0.0088828743619611
-33.925 0.010442762495073
-33.1875 0.0103462980569018
-32.45 0.00824016132609386
-31.7125 0.00662683321444602
-30.975 0.00670990907454256
-30.2375 0.00737702046406406
-29.5 0.00885735266745701
-28.7625 0.0111987162386883
-28.025 0.0124338538274054
-27.2875 0.010887822341252
-26.55 0.00828183368005255
-25.8125 0.0076477329651295
-25.075 0.00763899007846227
-24.3375 0.00797494087554089
-23.6 0.0102125039139226
-22.8625 0.0124985911611538
-22.125 0.0117658802759719
-21.3875 0.00912499855411064
-20.65 0.00782688064378634
-19.9125 0.00784998207190713
-19.175 0.00788537382306365
-18.4375 0.00869643517397817
-17.7 0.0110541143264221
-16.9625 0.0125404744272607
-16.225 0.0116212549231604
-15.4875 0.00918069761726093
-14.75 0.00879143355845891
-14.0125 0.00973777069959758
-13.275 0.0103774848116666
-12.5375 0.0117181997727141
-11.8 0.0156315604645996
-11.0625 0.0182080786575268
-10.325 0.0154090864018819
-9.58749999999996 0.011967960933105
-8.84999999999996 0.0128719269044224
-8.11249999999996 0.0141372959172229
-7.37499999999996 0.0142255362514811
-6.63749999999996 0.0175712114914684
-5.89999999999996 0.0241158254618304
-5.16249999999996 0.0240792708720295
-4.42499999999996 0.0174405036940069
-3.68749999999996 0.0155585854988478
-2.94999999999996 0.0171183022067037
-2.21249999999996 0.0168798066027581
-1.47499999999996 0.0168648214825148
-0.737499999999961 0.0234653537278439
3.86357612569554e-14 0.0285071403751428
0.737500000000039 0.0234653536416235
1.47500000000004 0.016864821486758
2.21250000000004 0.0168798066086894
2.95000000000004 0.0171183021360707
3.68750000000004 0.0155585853979206
4.42500000000004 0.0174405036088662
5.16250000000004 0.0240792707246914
5.90000000000004 0.0241158252662821
6.63750000000004 0.0175712114324601
7.37500000000004 0.0142255362492236
8.11250000000004 0.0141372959137863
8.85000000000004 0.0128719269546934
9.58750000000004 0.0119679609985307
10.325 0.0154090864082247
11.0625 0.0182080788223274
11.8 0.0156315608587935
12.5375 0.0117182001126793
13.275 0.0103774850782992
14.0125 0.00973777105713435
14.75 0.00879143393176528
15.4875 0.00918069791543531
16.225 0.0116212554548428
16.9625 0.0125404752191798
17.7 0.0110541148277618
18.4375 0.00869643543437164
19.175 0.00788537412749217
19.9125 0.0078499822456211
20.65 0.00782688058149323
21.3875 0.00912499858605788
22.125 0.0117658804482581
22.8625 0.0124985907343907
23.6 0.0102125031414026
24.3375 0.0079749404579927
25.075 0.00763898959700146
25.8125 0.00764773213564073
26.55 0.00828183278999874
27.2875 0.0108878214230837
28.025 0.012433852087033
28.7625 0.0111987140501548
29.5 0.00885735122660209
30.2375000000001 0.0073770193593337
30.9750000000001 0.00670990776254468
31.7125000000001 0.00662683190244651
32.4500000000001 0.00824015989212831
33.1875 0.0103462958507212
33.9250000000001 0.0104427601247743
34.6625000000001 0.00888287287932613
35.4000000000001 0.0070537095264018
36.1375000000001 0.005898480488196
36.8750000000001 0.00519787321307546
37.6125000000001 0.00554826753000008
38.3500000000001 0.0075580600024949
39.0875000000001 0.00818393069882899
39.8250000000001 0.00670193781271783
40.5625000000001 0.00507680410389487
41.3000000000001 0.00433212307630438
42.0375000000001 0.00362793316997179
42.7750000000001 0.00334651050312881
43.5125000000001 0.0044704847627642
44.2500000000001 0.00491127578457765
44.9875000000001 0.00380580317411733
45.7250000000001 0.00286219718926887
46.4625000000001 0.00244731637430209
47.2000000000001 0.00187700943936043
47.9375000000001 0.00153383151943728
48.6750000000001 0.0019657964244044
49.4125000000001 0.00200200353432705
50.1500000000001 0.00135247403878815
50.8875000000001 0.00118796721074021
51.6250000000001 0.00114572792775648
52.3625000000001 0.00079779190344772
53.1000000000001 0.000441335203873681
53.8375000000001 0.000217241118610831
54.5750000000001 0.000102106618264257
55.3125000000001 4.75198753156043e-05
56.0500000000001 2.23691823019173e-05
56.7875000000001 1.09300522344747e-05
57.5250000000001 5.91225694562724e-06
58.2625000000001 3.85612987539327e-06
