-59 9.06134792134119e-06
-58.2625 1.06013577688862e-05
-57.525 1.62275750776699e-05
-56.7875 2.94924643132708e-05
-56.05 5.86497926840662e-05
-55.3125 0.000121056382926587
-54.575 0.000252620455293583
-53.8375 0.000522361638489569
-53.1 0.00103939966789142
-52.3625 0.00187271603565571
-51.625 0.00266836670181189
-50.8875 0.00271319700601243
-50.15 0.00344510205999293
-49.4125 0.00501247410061099
-48.675 0.00451618044238308
-47.9375 0.00407943758247948
-47.2 0.0052811314859889
-46.4625 0.00641370784662263
-45.725 0.00764964490849947
-44.9875 0.010844910967179
-44.25 0.0128490974662413
-43.5125 0.0104203230943062
-42.775 0.00760578618125884
-42.0375 0.0077623603418925
-41.3 0.00824498996926334
-40.5625 0.00940014051391496
-39.825 0.0134335714537617
-39.0875 0.0156066051994657
-38.35 0.0127845795368147
-37.6125 0.00910123933170275
-36.875 0.00835292053285982
-36.1375 0.00831500394736159
-35.4 0.00904756799029161
-34.6625 0.0120334809169309
-33.925 0.0136779965224969
-33.1875 0.0124327595543495
-32.45 0.00998908204218901
-31.7125 0.00825934698631701
-30.975 0.00802986288468505
-30.2375 0.00875068893624566
-29.5 0.010595048149115
-28.7625 0.0127153669878422
-28.025 0.0143477123437787
-27.2875 0.0138760059785872
-26.55 0.0105322930502317
-25.8125 0.00934300648976524
-25.075 0.00992874162010778
-24.3375 0.010756621488918
-23.6 0.0134555897896305
-22.8625 0.0176542591408945
-22.125 0.0180672329235473
-21.3875 0.0137808159067518
-20.65 0.01074925815407
-19.9125 0.0102276758748957
-19.175 0.00967110474069836
-18.4375 0.0106244304060729
-17.7 0.0144977814009734
-16.9625 0.0153446611901452
-16.225 0.0124339250071342
-15.4875 0.00952132949933026
-14.75 0.00821793221801002
-14.0125 0.00716935865616425
-13.275 0.00687475873373758
-12.5375 0.00846442318457706
-11.8 0.00943804846422504
-11.0625 0.00890755771022675
-10.325 0.00835067980070779
-9.58749999999996 0.00679242253441194
-8.84999999999996 0.00597268262686419
-8.11249999999996 0.00618311275200784
-7.37499999999996 0.00697155368630598
-6.63749999999996 0.00842335519818433
-5.89999999999996 0.0102305236280143
-5.16249999999996 0.0112175106391172
-4.42499999999996 0.00922330634280864
-3.68749999999996 0.00731126512533167
-2.94999999999996 0.00742697921897217
-2.21249999999996 0.00783213306129544
-1.47499999999996 0.0088458205317521
-0.737499999999961 0.0119970648660853
3.86357612569554e-14 0.0137775229119154
0.737500000000039 0.0119518350407539
1.47500000000004 0.00881473043758883
2.21250000000004 0.00778157070011176
2.95000000000004 0.00733015728127019
3.68750000000004 0.00719542628447121
4.42500000000004 0.00910534136023098
5.16250000000004 0.01102647571316
5.90000000000004 0.00998041827564027
6.63750000000004 0.00824171862888741
7.37500000000004 0.00683264954663216
8.11250000000004 0.00599521532285316
8.85000000000004 0.00575056328341166
9.58750000000004 0.00656467969548562
10.325 0.00804478682380322
11.0625 0.00850050993602646
11.8 0.00908699483374486
12.5375 0.00824956759903374
13.275 0.00667307001269333
14.0125 0.00697713724637647
14.75 0.00806423474385699
15.4875 0.00934291919700507
16.225 0.0121900372841346
16.9625 0.0151814336348674
17.7 0.0144331282948046
18.4375 0.0105473523996005
19.175 0.00962369063392483
19.9125 0.0102506212135021
20.65 0.0107982881045812
21.3875 0.0138392918509275
22.125 0.0182389078318667
22.8625 0.0178471751246978
23.6 0.013515293834136
24.3375 0.0108034295615087
25.075 0.0100089135276353
25.8125 0.00939161071619412
26.55 0.0105789769693719
27.2875 0.0139895014567459
28.025 0.014366498945895
28.7625 0.0125611897196133
29.5 0.0104661861046423
30.2375000000001 0.00868050979503396
30.9750000000001 0.00790004369016806
31.7125000000001 0.00808587958536695
32.4500000000001 0.00979842005643142
33.1875 0.0120616802786599
33.9250000000001 0.0131596891857518
34.6625000000001 0.0116410179672697
35.4000000000001 0.00877573255866638
36.1375000000001 0.00801605008851894
36.8750000000001 0.00804825545635136
37.6125000000001 0.00878729818963889
38.3500000000001 0.0122937043462333
39.0875000000001 0.0150010127487613
39.8250000000001 0.0129879730381232
40.5625000000001 0.00910805466270147
41.3000000000001 0.00796580832650381
42.0375000000001 0.00751881560921293
42.7750000000001 0.00738009316801316
43.5125000000001 0.0100929479543162
44.2500000000001 0.012495407725615
44.9875000000001 0.0105905594796953
45.7250000000001 0.00745601289627624
46.4625000000001 0.00624115285893859
47.2000000000001 0.00515763157511962
47.9375000000001 0.00400852865847849
48.6750000000001 0.00447041407283584
49.4125000000001 0.00497973659429159
50.1500000000001 0.00342818891474468
50.8875000000001 0.00269705045710134
51.6250000000001 0.00265244302309859
52.3625000000001 0.0018630434189373
53.1000000000001 0.00103475901602088
53.8375000000001 0.000520454212975566
54.5750000000001 0.000251934433096762
55.3125000000001 0.000120841181930554
56.0500000000001 5.85946047067285e-05
56.7875000000001 2.94851785768837e-05
57.5250000000001 1.6230308196572e-05
58.2625000000001 1.06036467313869e-05
