-59 7.4139664342524e-07
-58.2625 1.29698940611693e-06
-57.525 3.29275493898395e-06
-56.7875 7.98708640382074e-06
-56.05 1.83145033563957e-05
-55.3125 4.05261359040603e-05
-54.575 8.75826973891668e-05
-53.8375 0.000184883224548865
-53.1 0.000374602718752993
-52.3625 0.000689911572269016
-51.625 0.00100213140372985
-50.8875 0.00101588017822416
-50.15 0.0013009975267445
-49.4125 0.0019355651531542
-48.675 0.00181295231385591
-47.9375 0.00182282383174631
-47.2 0.00251246761068686
-46.4625 0.00313532397851406
-45.725 0.00357213653806228
-44.9875 0.00481998147138824
-44.25 0.00607042421524207
-43.5125 0.00534887693090009
-42.775 0.00418923985463828
-42.0375 0.004756538976847
-41.3 0.00564847052522336
-40.5625 0.00646888927478798
-39.825 0.00867958097048161
-39.0875 0.0110005176153448
-38.35 0.0102422527679358
-37.6125 0.00735022999016712
-36.875 0.00675250511301847
-36.1375 0.00729182556772419
-35.4 0.00785330948722168
-34.6625 0.0100891523051975
-33.925 0.0130541817472563
-33.1875 0.0128593414389362
-32.45 0.00973643560162542
-31.7125 0.00800427482171262
-30.975 0.00816814167859215
-30.2375 0.0085437531226695
-29.5 0.00993726321221482
-28.7625 0.012792964633114
-28.025 0.0142191663791317
-27.2875 0.0127803680575852
-26.55 0.00988681006373616
-25.8125 0.00928227890555804
-25.075 0.00995885063343009
-24.3375 0.0107612859018227
-23.6 0.0129710720046146
-22.8625 0.0166863290921567
-22.125 0.017988330357432
-21.3875 0.0145926157384945
-20.65 0.011791745577976
-19.9125 0.0123422965991187
-19.175 0.0128417274636503
-18.4375 0.0135514010531815
-17.7 0.0181808728225248
-16.9625 0.0224179065110746
-16.225 0.0198001024124871
-15.4875 0.0142138642053219
-14.75 0.0130287940509181
-14.0125 0.0128554135722423
-13.275 0.0118951678107053
-12.5375 0.0140185599797517
-11.8 0.018935394794929
-11.0625 0.018211193502263
-10.325 0.0132015968838523
-9.58749999999996 0.0104682178897817
-8.84999999999996 0.00927258077569756
-8.11249999999996 0.00738161302378589
-7.37499999999996 0.006752737147917
-6.63749999999996 0.00888641048890552
-5.89999999999996 0.00845945883517944
-5.16249999999996 0.00612029886515944
-4.42499999999996 0.00537114796968186
-3.68749999999996 0.00460721877270226
-2.94999999999996 0.00321185185265271
-2.21249999999996 0.00267325099461883
-1.47499999999996 0.00336305627764192
-0.737499999999961 0.00287211579094515
3.86357612569554e-14 0.00169436794615465
0.737500000000039 0.00313386015820567
1.47500000000004 0.00354296850962435
2.21250000000004 0.0029658400920038
2.95000000000004 0.00377213837595898
3.68750000000004 0.00527755395119193
4.42500000000004 0.00605378941690001
5.16250000000004 0.00722578959793733
5.90000000000004 0.00990677689207756
6.63750000000004 0.00993750206787531
7.37500000000004 0.00755653776299247
8.11250000000004 0.00846891690448488
8.85000000000004 0.0105579059946898
9.58750000000004 0.0117860787577067
10.325 0.0149716860019504
11.0625 0.0205666170307721
11.8 0.0209667855540755
12.5375 0.0152618282674283
13.275 0.013062251218267
14.0125 0.0139677118701167
14.75 0.0139181715441637
15.4875 0.0152462452901081
16.225 0.0212113613700585
16.9625 0.0233624197450569
17.7 0.018554997562179
18.4375 0.0139974275395933
19.175 0.0131161040335711
19.9125 0.0122095484689292
20.65 0.0115080681391877
21.3875 0.0142542775536164
22.125 0.0169949829988669
22.8625 0.0155701068362102
23.6 0.0126256763563639
24.3375 0.0104904882187296
25.075 0.00949499918720886
25.8125 0.00900110505317129
26.55 0.00961674849708509
27.2875 0.0121237269706378
28.025 0.0141106066859118
28.7625 0.0136852527872966
29.5 0.0106830169909428
30.2375000000001 0.00894992240735453
30.9750000000001 0.00891941569029348
31.7125000000001 0.00900810933690526
32.4500000000001 0.0108397782299832
33.1875 0.0150067005616585
33.9250000000001 0.0160534685458105
34.6625000000001 0.0123602069847257
35.4000000000001 0.00942633913414142
36.1375000000001 0.00902176735125949
36.8750000000001 0.00851547909827216
37.6125000000001 0.00916687131444553
38.3500000000001 0.0130827286647682
39.0875000000001 0.01450480281086
39.8250000000001 0.0112580516859595
40.5625000000001 0.00815905703121058
41.3000000000001 0.007263965873385
42.0375000000001 0.00616581583698379
42.7750000000001 0.00549521413176494
43.5125000000001 0.00724323484263988
44.2500000000001 0.00811705040317822
44.9875000000001 0.006291785737583
45.7250000000001 0.00469258761274352
46.4625000000001 0.00413381042521329
47.2000000000001 0.00322709306452152
47.9375000000001 0.0022331289991634
48.6750000000001 0.00207776699516975
49.4125000000001 0.00212498398548031
50.1500000000001 0.00139885042077757
50.8875000000001 0.00110930050187617
51.6250000000001 0.00109426087800604
52.3625000000001 0.000745869408600499
53.1000000000001 0.000401445295494071
53.8375000000001 0.000195911699517001
54.5750000000001 9.15453421140887e-05
55.3125000000001 4.17658863847785e-05
56.0500000000001 1.86293660031851e-05
56.7875000000001 8.02485670135745e-06
57.5250000000001 3.27254022948108e-06
58.2625000000001 1.28024425584553e-06
