-59 1.67681457106727e-11
-58.2625 4.61469333502642e-11
-57.525 1.82388946767732e-10
-56.7875 6.02231230611002e-10
-56.05 1.9272079427708e-09
-55.3125 6.06183590266926e-09
-54.575 1.93178909435725e-08
-53.8375 6.16613859417235e-08
-53.1 1.97104747312287e-07
-52.3625 6.03659960243082e-07
-51.625 1.59867484982693e-06
-50.8875 2.97576609111392e-06
-50.15 3.79880295068266e-06
-49.4125 3.9564993996093e-06
-48.675 3.34786351859069e-06
-47.9375 4.05802448896465e-06
-47.2 9.36493381698551e-06
-46.4625 2.14575384943033e-05
-45.725 3.55169842662591e-05
-44.9875 3.71983407494558e-05
-44.25 3.71490773532423e-05
-43.5125 3.76051515699596e-05
-42.775 2.74789580475461e-05
-42.0375 3.80439985060232e-05
-41.3 9.09838359383462e-05
-40.5625 0.000165427186470149
-39.825 0.00016824904671466
-39.0875 0.000145702392273156
-38.35 0.000185274611126608
-37.6125 0.000161016133024193
-36.875 0.000167212276659612
-36.1375 0.000367966970334121
-35.4 0.000723901283737353
-34.6625 0.00085544378279285
-33.925 0.00075502639532488
-33.1875 0.000783628885582276
-32.45 0.00063324370884782
-31.7125 0.000663815418611257
-30.975 0.00182446036300694
-30.2375 0.005276581242902
-29.5 0.0111081432132337
-28.7625 0.0147835009533909
-28.025 0.0120950309977852
-27.2875 0.00600216228429348
-26.55 0.00234817638483145
-25.8125 0.0028768938479876
-25.075 0.00798061954175974
-24.3375 0.0173620819738295
-23.6 0.0244157505728344
-22.8625 0.0257408607850008
-22.125 0.0232116697800938
-21.3875 0.0143676567487291
-20.65 0.0066580254263445
-19.9125 0.00690764744935624
-19.175 0.0156028948953335
-18.4375 0.025431042872896
-17.7 0.0222841095873254
-16.9625 0.0208224803462763
-16.225 0.0263468816778303
-15.4875 0.019144173785371
-14.75 0.00905440146103769
-14.0125 0.00764414542164216
-13.275 0.0155268077206776
-12.5375 0.02478702730044
-11.8 0.0244627520700492
-11.0625 0.0249445438528576
-10.325 0.0245664138560857
-9.58749999999996 0.0145466197392567
-8.84999999999996 0.00662104280079126
-8.11249999999996 0.00686302249082199
-7.37499999999996 0.0153883511127321
-6.63749999999996 0.0267958330085872
-5.89999999999996 0.0318870933128183
-5.16249999999996 0.0305103832450688
-4.42499999999996 0.0212729837879121
-3.68749999999996 0.00968454988387849
-2.94999999999996 0.00470946223866931
-2.21249999999996 0.00765387189353914
-1.47499999999996 0.0175002136832909
-0.737499999999961 0.0271127316851641
3.86357612569554e-14 0.0304051242173826
0.737500000000039 0.0285886063833038
1.47500000000004 0.0186966118641802
2.21250000000004 0.00809473627953095
2.95000000000004 0.00460705378677253
3.68750000000004 0.00890947009245693
4.42500000000004 0.0195475180121375
5.16250000000004 0.0285714462113117
5.90000000000004 0.0310351128378698
6.63750000000004 0.0267148550202735
7.37500000000004 0.0153442427397678
8.11250000000004 0.00676927908972387
8.85000000000004 0.006384068397745
9.58750000000004 0.0138766643107409
10.325 0.0232967569173289
11.0625 0.0236519578718155
11.8 0.0236219376681395
12.5375 0.0241676487169965
13.275 0.0151163840704344
14.0125 0.00742309446318907
14.75 0.00882152716872267
15.4875 0.0186579681317191
16.225 0.0256000901549208
16.9625 0.0202255429031343
17.7 0.0219109117342126
18.4375 0.0250995086693439
19.175 0.015392798200718
19.9125 0.00681097223839868
20.65 0.00653655746738349
21.3875 0.0139948266739681
22.125 0.0224334790456196
22.8625 0.024927927150253
23.6 0.0240102590319771
24.3375 0.0172666329126899
25.075 0.0079778815130472
25.8125 0.00288709240078313
26.55 0.00231910643867645
27.2875 0.00581814988228384
28.025 0.0116684754081974
28.7625 0.0143549880324132
29.5 0.0109414261014225
30.2375000000001 0.00527907382930835
30.9750000000001 0.00184870925383797
31.7125000000001 0.000674550223822102
32.4500000000001 0.000629028194690106
33.1875 0.000770465519452929
33.9250000000001 0.000739950799161596
34.6625000000001 0.000843060568462084
35.4000000000001 0.000717750840634657
36.1375000000001 0.000366092441496656
36.8750000000001 0.000166286698491813
37.6125000000001 0.0001591080776928
38.3500000000001 0.000182505843772733
39.0875000000001 0.000142986301534588
39.8250000000001 0.000165573425338982
40.5625000000001 0.000163584766498081
41.3000000000001 9.02266322298763e-05
42.0375000000001 3.77533298603732e-05
42.7750000000001 2.70870270419205e-05
43.5125000000001 3.69140162470074e-05
44.2500000000001 3.6407721794509e-05
44.9875000000001 3.6432943757588e-05
45.7250000000001 3.48303951806593e-05
46.4625000000001 2.10706243752348e-05
47.2000000000001 9.20346771373182e-06
47.9375000000001 3.98900541926011e-06
48.6750000000001 3.30409595584182e-06
49.4125000000001 3.92496859238437e-06
50.1500000000001 3.77537968971619e-06
50.8875000000001 2.95884493994806e-06
51.6250000000001 1.59164280398916e-06
52.3625000000001 6.01525095999658e-07
53.1000000000001 1.96589488589689e-07
53.8375000000001 6.15942333715799e-08
54.5750000000001 1.93332237428291e-08
55.3125000000001 6.07285521452389e-09
56.0500000000001 1.93334353496789e-09
56.7875000000001 6.04049092612419e-10
57.5250000000001 1.8319610462561e-10
58.2625000000001 4.61146311038646e-11
