-59 1.19354552283796e-09
-58.2625 1.64922246206801e-09
-57.525 3.47398022429641e-09
-56.7875 8.93514760112348e-09
-56.05 2.53961946683844e-08
-55.3125 7.39854697826113e-08
-54.575 2.19292221305562e-07
-53.8375 6.45603741272316e-07
-53.1 1.86323824966186e-06
-52.3625 5.00457855438158e-06
-51.625 1.11132970034126e-05
-50.8875 1.57554973774275e-05
-50.15 1.57739159501766e-05
-49.4125 2.03055792943873e-05
-48.675 2.22388328186765e-05
-47.9375 2.48669387222845e-05
-47.2 5.03043013006513e-05
-46.4625 0.00010854546738457
-45.725 0.000165817224513724
-44.9875 0.000152166463588082
-44.25 0.00015668727144665
-43.5125 0.000185431153634129
-42.775 0.000134529726838465
-42.0375 0.00015335986566209
-41.3 0.000346525443030821
-40.5625 0.000630530535109635
-39.825 0.00064725360948135
-39.0875 0.000570325883824897
-38.35 0.000740619327747492
-37.6125 0.000627726047346362
-36.875 0.000550043089756459
-36.1375 0.0011077832039582
-35.4 0.00213310121412386
-34.6625 0.00238196842598605
-33.925 0.0020525866541363
-33.1875 0.00263771467491614
-32.45 0.00249080098267902
-31.7125 0.00216821279522563
-30.975 0.00405615990661113
-30.2375 0.00794153247440462
-29.5 0.00923944288558206
-28.7625 0.00723407862356264
-28.025 0.00895226788487661
-27.2875 0.00928059724070245
-26.55 0.0054347562480915
-25.8125 0.00453349535714885
-25.075 0.00941998767550264
-24.3375 0.0177332803490792
-23.6 0.0197494762168806
-22.8625 0.0183543283416673
-22.125 0.0210131674641542
-21.3875 0.0163239519211807
-20.65 0.00788465986911469
-19.9125 0.00555060265573861
-19.175 0.0105476740063622
-18.4375 0.0183077910525519
-17.7 0.0192088001771999
-16.9625 0.0194128101239614
-16.225 0.0212531990391566
-15.4875 0.0143743031962602
-14.75 0.00644818422095115
-14.0125 0.00445334138619006
-13.275 0.00839142161448439
-12.5375 0.014825042246066
-11.8 0.0176088667369703
-11.0625 0.0179963146562189
-10.325 0.0149007393752206
-9.58749999999996 0.00780166864545477
-8.84999999999996 0.00368895076928729
-8.11249999999996 0.00537300980651694
-7.37499999999996 0.0145234156306508
-6.63749999999996 0.030263331974588
-5.89999999999996 0.0409185295903505
-5.16249999999996 0.0358559027106887
-4.42499999999996 0.0196887818486717
-3.68749999999996 0.00685173026965086
-2.94999999999996 0.00294824576222406
-2.21249999999996 0.00783443622464463
-1.47499999999996 0.0257259877012483
-0.737499999999961 0.056152206968781
3.86357612569554e-14 0.0736501755896745
0.737500000000039 0.0575522212135329
1.47500000000004 0.0267761412523636
2.21250000000004 0.00817561545563757
2.95000000000004 0.0029610773777467
3.68750000000004 0.00674450673679647
4.42500000000004 0.0197471096166029
5.16250000000004 0.0369076699622465
5.90000000000004 0.0431725582334841
6.63750000000004 0.0322357850920316
7.37500000000004 0.0152997680010807
8.11250000000004 0.00537010519634743
8.85000000000004 0.00322195410214562
9.58750000000004 0.00703561277762955
10.325 0.0150248238518958
11.0625 0.0208406385574965
11.8 0.0211449425235137
12.5375 0.0159693302678298
13.275 0.00797855488645144
14.0125 0.00363260941227136
14.75 0.00501339939667118
15.4875 0.0122053358173747
16.225 0.02097432247134
16.9625 0.0240632734240536
17.7 0.0239236923633354
18.4375 0.0186978227968516
19.175 0.00931079443316608
19.9125 0.00438640740473569
20.65 0.00629650588586638
21.3875 0.0138690327202277
22.125 0.0197039135399657
22.8625 0.0199448371553537
23.6 0.0208303206036212
24.3375 0.0166880423927789
25.075 0.00826835798935372
25.8125 0.00384667220624845
26.55 0.0047444411596646
27.2875 0.00828401494471845
28.025 0.00825108119366528
28.7625 0.0070568318576309
29.5 0.0087871574852479
30.2375000000001 0.00731217137671612
30.9750000000001 0.00367125168485751
31.7125000000001 0.0019335635120818
32.4500000000001 0.00221014243956046
33.1875 0.00234635116346589
33.9250000000001 0.0018386676833117
34.6625000000001 0.00212844983950361
35.4000000000001 0.00189837713917699
36.1375000000001 0.000987927973980953
36.8750000000001 0.000487985540829839
37.6125000000001 0.000547914110933124
38.3500000000001 0.000644678787678368
39.0875000000001 0.000492490661757294
39.8250000000001 0.000561637088882645
40.5625000000001 0.000555831370684889
41.3000000000001 0.000309972934471244
42.0375000000001 0.000137656172555374
42.7750000000001 0.000116083234425736
43.5125000000001 0.000157180887704834
44.2500000000001 0.000131890652217151
44.9875000000001 0.000127547716793058
45.7250000000001 0.000139695195629138
46.4625000000001 9.17831807867859e-05
47.2000000000001 4.24138916443189e-05
47.9375000000001 2.06383359425436e-05
48.6750000000001 1.90316533053199e-05
49.4125000000001 1.9418760102212e-05
50.1500000000001 1.63785373490113e-05
50.8875000000001 1.5001394325788e-05
51.6250000000001 9.75586331195555e-06
52.3625000000001 4.17882144501815e-06
53.1000000000001 1.50305876426875e-06
53.8375000000001 5.10082963787982e-07
54.5750000000001 1.71277399711707e-07
55.3125000000001 5.74125229124792e-08
56.0500000000001 1.96963578212592e-08
56.7875000000001 7.01225948462606e-09
57.5250000000001 2.82575172705837e-09
58.2625000000001 1.45200634563098e-09
