-59 5.05870145298237e-12
-58.2625 1.60527496786125e-11
-57.525 6.48795179167384e-11
-56.7875 2.19474568400171e-10
-56.05 7.07680316930576e-10
-55.3125 2.23700398607648e-09
-54.575 7.08716301036441e-09
-53.8375 2.23060361488514e-08
-53.1 6.94290361826811e-08
-52.3625 2.04589464741141e-07
-51.625 5.16162286347131e-07
-50.8875 8.99773890851176e-07
-50.15 1.05451692814536e-06
-49.4125 1.05153489559658e-06
-48.675 8.37026732925075e-07
-47.9375 8.3928656327951e-07
-47.2 1.90908592256517e-06
-46.4625 4.52522021050462e-06
-45.725 7.55424102379936e-06
-44.9875 7.74882360870365e-06
-44.25 7.50686241353067e-06
-43.5125 7.72595895534365e-06
-42.775 6.36084679900534e-06
-42.0375 1.02117643255006e-05
-41.3 2.40538663572218e-05
-40.5625 4.07408648809224e-05
-39.825 3.53551885729224e-05
-39.0875 2.83890847146632e-05
-38.35 4.33163451938635e-05
-37.6125 3.83866811472132e-05
-36.875 3.56206781501416e-05
-36.1375 7.78888059932638e-05
-35.4 0.00016721151080668
-34.6625 0.000228912155620209
-33.925 0.000214608031569204
-33.1875 0.000190054895616134
-32.45 0.000139277189294014
-31.7125 0.000143143173281994
-30.975 0.000407726635041674
-30.2375 0.00121539508638562
-29.5 0.00262345647200377
-28.7625 0.00350088869108324
-28.025 0.00281303879376398
-27.2875 0.00140205587423253
-26.55 0.00071445876499171
-25.8125 0.00140460429219699
-25.075 0.00405646648101001
-24.3375 0.00894116256198417
-23.6 0.0132167130737785
-22.8625 0.0141993557853291
-22.125 0.0119865551866882
-21.3875 0.00680981154623138
-20.65 0.00316990678795549
-19.9125 0.00439801182443495
-19.175 0.0122770952887728
-18.4375 0.0271812991828185
-17.7 0.0402897789119416
-16.9625 0.0421121833821973
-16.225 0.0313291075041982
-15.4875 0.0150377493375718
-14.75 0.00528888145795244
-14.0125 0.00467927195324015
-13.275 0.014564118711988
-12.5375 0.0377589476089239
-11.8 0.0607628115338241
-11.0625 0.0587218108269329
-10.325 0.034223979762163
-9.58749999999996 0.0128389215846221
-8.84999999999996 0.00458513639880436
-8.11249999999996 0.00582924459333869
-7.37499999999996 0.0151432868926784
-6.63749999999996 0.0290147821845426
-5.89999999999996 0.0370930901229622
-5.16249999999996 0.0342972228426337
-4.42499999999996 0.0218641885890453
-3.68749999999996 0.00980522783122534
-2.94999999999996 0.0058335206591803
-2.21249999999996 0.00950716381286125
-1.47499999999996 0.0154773661434996
-0.737499999999961 0.00971298493904427
3.86357612569554e-14 0.000818514548774853
0.737500000000039 0.00971299000779348
1.47500000000004 0.0154773510743739
2.21250000000004 0.00950713277564409
2.95000000000004 0.00583346957595212
3.68750000000004 0.0098050770055159
4.42500000000004 0.0218637342993966
5.16250000000004 0.0342963850455154
5.90000000000004 0.0370922870890942
6.63750000000004 0.0290143611241983
7.37500000000004 0.0151431191779159
8.11250000000004 0.00582918300021398
8.85000000000004 0.00458519555763974
9.58750000000004 0.0128392263989099
10.325 0.034224672138066
11.0625 0.0587227625316665
11.8 0.0607636720509634
12.5375 0.0377594876776524
13.275 0.0145643603457119
14.0125 0.00467942406986784
14.75 0.00528922002271134
15.4875 0.0150386057862478
16.225 0.0313305388661647
16.9625 0.0421137243356146
17.7 0.0402912919658793
18.4375 0.0271826069406542
19.175 0.0122778337477568
19.9125 0.00439830627048331
20.65 0.00316995051735146
21.3875 0.00680952601202999
22.125 0.0119855312330328
22.8625 0.0141976371175451
23.6 0.0132153537069487
24.3375 0.00894069562691964
25.075 0.00405642408543446
25.8125 0.00140463356262088
26.55 0.000714464327568402
27.2875 0.00140205964532576
28.025 0.00281313221012878
28.7625 0.00350104506298761
29.5 0.0026235562136721
30.2375000000001 0.00121542614112142
30.9750000000001 0.000407732113917081
31.7125000000001 0.000143135254059404
32.4500000000001 0.000139255101605696
33.1875 0.00019002809418831
33.9250000000001 0.000214570629029139
34.6625000000001 0.00022886451289273
35.4000000000001 0.000167180155319965
36.1375000000001 7.78756847224116e-05
36.8750000000001 3.56120378655406e-05
37.6125000000001 3.83731363295343e-05
38.3500000000001 4.33023354760742e-05
39.0875000000001 2.83792245852441e-05
39.8250000000001 3.53410603500769e-05
40.5625000000001 4.07276062292674e-05
41.3000000000001 2.40481372939816e-05
42.0375000000001 1.02100671321969e-05
42.7750000000001 6.35861176379566e-06
43.5125000000001 7.72218252453954e-06
44.2500000000001 7.50432450044096e-06
44.9875000000001 7.74578668129091e-06
45.7250000000001 7.54960836990587e-06
46.4625000000001 4.52214646044676e-06
47.2000000000001 1.90785416269475e-06
47.9375000000001 8.38939685062702e-07
48.6750000000001 8.36828361693311e-07
49.4125000000001 1.05087421085931e-06
50.1500000000001 1.05360787785822e-06
50.8875000000001 8.99296438120825e-07
51.6250000000001 5.16150340876631e-07
52.3625000000001 2.0470511436239e-07
53.1000000000001 6.95218302386924e-08
53.8375000000001 2.23618296917891e-08
54.5750000000001 7.11774893285538e-09
55.3125000000001 2.25342489207778e-09
56.0500000000001 7.16601502053256e-10
56.7875000000001 2.2355242642778e-10
57.5250000000001 6.64162290187598e-11
58.2625000000001 1.64223067914971e-11
