-59 7.23664084951793e-12
-58.2625 5.60657885920107e-11
-57.525 2.36594040695938e-10
-56.7875 7.98471841833991e-10
-56.05 2.52942633757063e-09
-55.3125 7.82113898404101e-09
-54.575 2.40241162128287e-08
-53.8375 7.25865708436905e-08
-53.1 2.12582365137503e-07
-52.3625 5.75624616940907e-07
-51.625 1.31285232446687e-06
-50.8875 2.00522456313038e-06
-50.15 1.96337711220867e-06
-49.4125 2.05664142628119e-06
-48.675 2.09136322526015e-06
-47.9375 2.11613958933483e-06
-47.2 4.24934382648156e-06
-46.4625 9.77339276200065e-06
-45.725 1.56337396010786e-05
-44.9875 1.4341110225051e-05
-44.25 1.38990486587782e-05
-43.5125 1.62533061113773e-05
-42.775 1.19781999886289e-05
-42.0375 1.44576482227109e-05
-41.3 3.53879978922007e-05
-40.5625 7.19427831012758e-05
-39.825 9.08787252235992e-05
-39.0875 8.6029350645947e-05
-38.35 8.06285166634753e-05
-37.6125 5.69127963373019e-05
-36.875 6.55354385237811e-05
-36.1375 0.000192492223107501
-35.4 0.000518424987403896
-34.6625 0.000904910605394074
-33.925 0.000923613656303667
-33.1875 0.000626741322857719
-32.45 0.00045107101350463
-31.7125 0.000809980030475658
-30.975 0.00222592643593163
-30.2375 0.00519953853426299
-29.5 0.00851174444414447
-28.7625 0.00975850775072813
-28.025 0.00877799461389779
-27.2875 0.00561047990069896
-26.55 0.00288492961904422
-25.8125 0.0037105494438751
-25.075 0.00883758259755441
-24.3375 0.0149295223388011
-23.6 0.0122774274039317
-22.8625 0.00892898918928705
-22.125 0.014720689744139
-21.3875 0.0136565435097113
-20.65 0.00715223738423817
-19.9125 0.00628871902454295
-19.175 0.0129205737547293
-18.4375 0.0200633478530937
-17.7 0.0154996858444585
-16.9625 0.0137459128442064
-16.225 0.0201322786685799
-15.4875 0.0154252941336067
-14.75 0.00678567165666485
-14.0125 0.00442571637487377
-13.275 0.0106475857770428
-12.5375 0.0254196486904582
-11.8 0.0384009048750969
-11.0625 0.0367244241937526
-10.325 0.0224463364781504
-9.58749999999996 0.00915791960233549
-8.84999999999996 0.00452614110068495
-8.11249999999996 0.00834701552624237
-7.37499999999996 0.0205411718437263
-6.63749999999996 0.0345443438345538
-5.89999999999996 0.0396850551795619
-5.16249999999996 0.0378442140080044
-4.42499999999996 0.0266822819661222
-3.68749999999996 0.0126392048270842
-2.94999999999996 0.00863929649667013
-2.21249999999996 0.0173433106386633
-1.47499999999996 0.0324783671345058
-0.737499999999961 0.0304329630829061
3.86357612569554e-14 0.0194884303190215
0.737500000000039 0.0304558677872373
1.47500000000004 0.032483543831951
2.21250000000004 0.0173514985178919
2.95000000000004 0.00874997484584369
3.68750000000004 0.0129418590271551
4.42500000000004 0.0269010589890973
5.16250000000004 0.0371636852613097
5.90000000000004 0.0385691410567574
6.63750000000004 0.0343493263413129
7.37500000000004 0.0209485196053021
8.11250000000004 0.0085998822049745
8.85000000000004 0.0045230203654176
9.58750000000004 0.00906091076865723
10.325 0.0227980232544086
11.0625 0.0381029535746687
11.8 0.0399021443683332
12.5375 0.0259395712320423
13.275 0.0105988811538415
14.0125 0.00439210788649802
14.75 0.00693690615310314
15.4875 0.015740909153763
16.225 0.0203082157208467
16.9625 0.0138436538524302
17.7 0.0160680260813114
18.4375 0.0207298934001292
19.175 0.0132752223589212
19.9125 0.00659265963934975
20.65 0.00773828679071595
21.3875 0.0143402398866713
22.125 0.0141402005076619
22.8625 0.00735132326906445
23.6 0.0122316693596511
24.3375 0.016118680048211
25.075 0.00970757305134242
25.8125 0.00416710207397533
26.55 0.00324390899956247
27.2875 0.00575792555840412
28.025 0.00807497338825576
28.7625 0.00890840169523126
29.5 0.00878035647119778
30.2375000000001 0.00595836090581771
30.9750000000001 0.00269806793568563
31.7125000000001 0.00102853165833527
32.4500000000001 0.000581710764185382
33.1875 0.000721463785070261
33.9250000000001 0.00100005920249001
34.6625000000001 0.00101050021914817
35.4000000000001 0.000611758378110005
36.1375000000001 0.000238559797690053
36.8750000000001 8.35076096466044e-05
37.6125000000001 6.83517508839425e-05
38.3500000000001 9.44942896337732e-05
39.0875000000001 0.000103398536471071
39.8250000000001 0.000110666195162835
40.5625000000001 8.62713848058859e-05
41.3000000000001 4.20103169944288e-05
42.0375000000001 1.67648414887928e-05
42.7750000000001 1.26789361170038e-05
43.5125000000001 1.73524718061242e-05
44.2500000000001 1.60471292781619e-05
44.9875000000001 1.63059017114804e-05
45.7250000000001 1.65680788135132e-05
46.4625000000001 1.01591992082785e-05
47.2000000000001 4.42930698218867e-06
47.9375000000001 2.03206288768574e-06
48.6750000000001 1.68398273468272e-06
49.4125000000001 1.61852085075959e-06
50.1500000000001 1.55577073150065e-06
50.8875000000001 1.53199552287233e-06
51.6250000000001 9.70638309775642e-07
52.3625000000001 4.14086840486045e-07
53.1000000000001 1.49909292207132e-07
53.8375000000001 5.04801475312398e-08
54.5750000000001 1.64859349933107e-08
55.3125000000001 5.26044723222348e-09
56.0500000000001 1.65979324546182e-09
56.7875000000001 5.03465368725277e-10
57.5250000000001 1.38382646534092e-10
58.2625000000001 2.56328563998386e-11
