-59 6.88510392076331e-10
-58.2625 8.43081997263517e-10
-57.525 1.64560941643581e-09
-56.7875 4.08401418766561e-09
-56.05 1.1459089956755e-08
-55.3125 3.33654631709137e-08
-54.575 9.94820659154782e-08
-53.8375 2.96175754615643e-07
-53.1 8.72391876112293e-07
-52.3625 2.42396477518019e-06
-51.625 5.6568681923784e-06
-50.8875 8.70366611095767e-06
-50.15 9.51198494757975e-06
-49.4125 1.12894024840449e-05
-48.675 1.11437593636593e-05
-47.9375 1.23113940336233e-05
-47.2 2.55551778301822e-05
-46.4625 5.55899334348299e-05
-45.725 8.52096621666903e-05
-44.9875 7.84936158084811e-05
-44.25 8.10778997232725e-05
-43.5125 9.61561008793798e-05
-42.775 7.16199715289801e-05
-42.0375 8.65475340346238e-05
-41.3 0.000195946639072739
-40.5625 0.000354010741599598
-39.825 0.000361847746314151
-39.0875 0.000315330196911576
-38.35 0.000411360639285979
-37.6125 0.000353475469220678
-36.875 0.000314020083422343
-36.1375 0.000635326991477676
-35.4 0.00124209267268766
-34.6625 0.00144404109139912
-33.925 0.00125163818132354
-33.1875 0.00154966661991778
-32.45 0.00148774152322091
-31.7125 0.00128417933415227
-30.975 0.00237776986700134
-30.2375 0.00480273205949299
-29.5 0.00601536624579921
-28.7625 0.00500737036882345
-28.025 0.00567778074447371
-27.2875 0.00578079212280713
-26.55 0.00347035994278059
-25.8125 0.00300442973521037
-25.075 0.00651413739401261
-24.3375 0.0128366499241352
-23.6 0.0153747570168563
-22.8625 0.0143743987532722
-22.125 0.0150537147897702
-21.3875 0.0112080345523921
-20.65 0.00551321336662809
-19.9125 0.00505145734119906
-19.175 0.0113355134401329
-18.4375 0.0212645865928882
-17.7 0.0253185532182322
-16.9625 0.0254748201450609
-16.225 0.0235733671565233
-15.4875 0.014167517429871
-14.75 0.00642335511771124
-14.0125 0.0065633700706338
-13.275 0.0147492503220617
-12.5375 0.025571298420148
-11.8 0.0290300047958988
-11.0625 0.0291972173091066
-10.325 0.0247303434971471
-9.58749999999996 0.0133594796073191
-8.84999999999996 0.00657329791985526
-8.11249999999996 0.00886713281311331
-7.37499999999996 0.0198273856574228
-6.63749999999996 0.0312992526865398
-5.89999999999996 0.0335857278206838
-5.16249999999996 0.0325235512711034
-4.42499999999996 0.0248561533587179
-3.68749999999996 0.0123533810103402
-2.94999999999996 0.00685034452201985
-2.21249999999996 0.0115930031501172
-1.47499999999996 0.0259033464918439
-0.737499999999961 0.0393262883059081
3.86357612569554e-14 0.042389113712783
0.737500000000039 0.0385984052163031
1.47500000000004 0.0253574475375614
2.21250000000004 0.0114157374505812
2.95000000000004 0.00684364341240117
3.68750000000004 0.0124086933650531
4.42500000000004 0.0248247961847524
5.16250000000004 0.0319753559555735
5.90000000000004 0.0324123753882438
6.63750000000004 0.0302723044572875
7.37500000000004 0.0194227886511891
8.11250000000004 0.0088681932994317
8.85000000000004 0.00681582138778286
9.58750000000004 0.0137573260247299
10.325 0.0246650013172946
11.0625 0.02771732880076
11.8 0.0271904900247283
12.5375 0.0249755817958937
13.275 0.0149635397819539
14.0125 0.00698995339332177
14.75 0.00716914234379771
15.4875 0.015294480323295
16.225 0.0237163123337708
16.9625 0.0230536582800188
17.7 0.022864352710682
18.4375 0.0210604925383219
19.175 0.0119781979598934
19.9125 0.00565654820637676
20.65 0.00633860774877077
21.3875 0.0124839472573018
22.125 0.0157343903198763
22.8625 0.0135480550976559
23.6 0.0148129777812602
24.3375 0.0133796426954946
25.075 0.00711251976916415
25.8125 0.00336138947188971
26.55 0.0038293203059039
27.2875 0.0062992303590628
28.025 0.00604321450466996
28.7625 0.00510081842437258
29.5 0.00625123282190423
30.2375000000001 0.00512995371555874
30.9750000000001 0.00257775617123113
31.7125000000001 0.0014061550107116
32.4500000000001 0.00163379630313952
33.1875 0.00170132747736957
33.9250000000001 0.00136302452601498
34.6625000000001 0.00157603750205952
35.4000000000001 0.00136426474162842
36.1375000000001 0.000697710641277317
36.8750000000001 0.000346336263495355
37.6125000000001 0.000395048197321867
38.3500000000001 0.000461324381285583
39.0875000000001 0.000355855885601728
39.8250000000001 0.000406432003598196
40.5625000000001 0.000392917606317696
41.3000000000001 0.000214989079203753
42.0375000000001 9.47283182579592e-05
42.7750000000001 8.12221254400953e-05
43.5125000000001 0.000110855939988315
44.2500000000001 9.39793128525719e-05
44.9875000000001 9.13048915504464e-05
45.7250000000001 9.88022433502626e-05
46.4625000000001 6.43098074711174e-05
47.2000000000001 2.96581044507411e-05
47.9375000000001 1.45098642024853e-05
48.6750000000001 1.2810917183617e-05
49.4125000000001 1.17448626552949e-05
50.1500000000001 9.19118465689634e-06
50.8875000000001 9.09668725585905e-06
51.6250000000001 6.36550949596712e-06
52.3625000000001 2.85459438647265e-06
53.1000000000001 1.06008366108364e-06
53.8375000000001 3.66775882154064e-07
54.5750000000001 1.24489299468308e-07
55.3125000000001 4.198986041531e-08
56.0500000000001 1.44158469251438e-08
56.7875000000001 5.07685575777632e-09
57.5250000000001 1.97835549606548e-09
58.2625000000001 9.44206740963364e-10
