-59 1.15840390650892e-11
-58.2625 6.41691866386975e-11
-57.525 2.44059259321907e-10
-56.7875 7.8680953876404e-10
-56.05 2.39991053539268e-09
-55.3125 7.156914592602e-09
-54.575 2.11816057813664e-08
-53.8375 6.15855291388603e-08
-53.1 1.73193715070275e-07
-52.3625 4.47342038065873e-07
-51.625 9.44153337288599e-07
-50.8875 1.21430106518811e-06
-50.15 9.43023784883203e-07
-49.4125 1.22097092297956e-06
-48.675 1.54545109335663e-06
-47.9375 1.61653795298178e-06
-47.2 3.09410892211493e-06
-46.4625 6.8655685679629e-06
-45.725 1.09251809140607e-05
-44.9875 1.04682439424446e-05
-44.25 1.04712468623595e-05
-43.5125 1.21584564365703e-05
-42.775 1.02954477299363e-05
-42.0375 1.54791330710876e-05
-41.3 3.67067270347856e-05
-40.5625 6.85927022084312e-05
-39.825 7.48719310276908e-05
-39.0875 6.48099178071686e-05
-38.35 7.79669145957534e-05
-37.6125 6.85465579697621e-05
-36.875 6.82002616502228e-05
-36.1375 0.000152203422531779
-35.4 0.000336342247130889
-34.6625 0.000476710494995158
-33.925 0.000431810142439309
-33.1875 0.000398973793992846
-32.45 0.000351015315279536
-31.7125 0.000328954491328867
-30.975 0.000766681460415625
-30.2375 0.0020973774044094
-29.5 0.00416983501998302
-28.7625 0.00519738052704178
-28.025 0.00438194168091565
-27.2875 0.00272803582374661
-26.55 0.00135882770354337
-25.8125 0.00160611684808457
-25.075 0.0045621861704077
-24.3375 0.0110994998964123
-23.6 0.018588438685539
-22.8625 0.0214362810063761
-22.125 0.017508768773742
-21.3875 0.00928673154673224
-20.65 0.00384065543149975
-19.9125 0.00447300068017269
-19.175 0.0120534591064977
-18.4375 0.0263021736260001
-17.7 0.0390522185394838
-16.9625 0.0423822373389116
-16.225 0.0331217033511566
-15.4875 0.0165043686405499
-14.75 0.00655391710461384
-14.0125 0.00701092452446839
-13.275 0.0168826534210969
-12.5375 0.0302860682088407
-11.8 0.0360681546460507
-11.0625 0.0372498581233305
-10.325 0.0308406398868249
-9.58749999999996 0.0160705339728551
-8.84999999999996 0.00729754127863002
-8.11249999999996 0.00897945738613703
-7.37499999999996 0.0189495622163454
-6.63749999999996 0.0262157606366853
-5.89999999999996 0.0244286052315192
-5.16249999999996 0.0266116364615834
-4.42499999999996 0.0242696743246427
-3.68749999999996 0.0131040163936789
-2.94999999999996 0.00719585896142336
-2.21249999999996 0.0108459413181298
-1.47499999999996 0.020569379145314
-0.737499999999961 0.0225893279881218
3.86357612569554e-14 0.0182739274590301
0.737500000000039 0.0224332834718883
1.47500000000004 0.0204059776547728
2.21250000000004 0.0107724073348704
2.95000000000004 0.00735271272855853
3.68750000000004 0.0138009733064258
4.42500000000004 0.0259450473633609
5.16250000000004 0.0294915429563522
5.90000000000004 0.028327289462786
6.63750000000004 0.0298653827748713
7.37500000000004 0.020983950941731
8.11250000000004 0.00966724169753015
8.85000000000004 0.00734563193354097
9.58750000000004 0.0157366986368136
10.325 0.030186117814147
11.0625 0.0373121056377444
11.8 0.0381733529834987
12.5375 0.0330176699154614
13.275 0.0184297938259308
14.0125 0.00739045516844727
14.75 0.00587741783213077
15.4875 0.0140599223717144
16.225 0.0283513569638737
16.9625 0.0374354265642828
17.7 0.0364519100833681
18.4375 0.0254869417705117
19.175 0.011831826765391
19.9125 0.00427872043304773
20.65 0.003107113110659
21.3875 0.00711855867342944
22.125 0.0135810219912317
22.8625 0.0172774998494624
23.6 0.015681689595971
24.3375 0.00958908612988013
25.075 0.00397658860913751
25.8125 0.00138078916815008
26.55 0.00104459540793161
27.2875 0.00199099202375823
28.025 0.00317209314556139
28.7625 0.003870919218059
29.5 0.00324019767367593
30.2375000000001 0.00168714007904985
30.9750000000001 0.000629745998610281
31.7125000000001 0.000265979377136022
32.4500000000001 0.000272472469653337
33.1875 0.000306619241234132
33.9250000000001 0.000329724653491076
34.6625000000001 0.000367545256037779
35.4000000000001 0.000262421254643534
36.1375000000001 0.000119226082555308
36.8750000000001 5.26065597166251e-05
37.6125000000001 5.20032786696519e-05
38.3500000000001 5.99031390939728e-05
39.0875000000001 5.04059391453595e-05
39.8250000000001 5.78460771547238e-05
40.5625000000001 5.26874698528119e-05
41.3000000000001 2.8150319965029e-05
42.0375000000001 1.1672143769601e-05
42.7750000000001 7.06801912344071e-06
43.5125000000001 8.12878966192314e-06
44.2500000000001 7.47685497950939e-06
44.9875000000001 7.42608585890263e-06
45.7250000000001 7.27109847980266e-06
46.4625000000001 4.40744574274639e-06
47.2000000000001 1.92954913526218e-06
47.9375000000001 9.60629830785383e-07
48.6750000000001 9.02655978065951e-07
49.4125000000001 7.77306871182931e-07
50.1500000000001 6.54734535924261e-07
50.8875000000001 7.63723334289772e-07
51.6250000000001 5.58328103492256e-07
52.3625000000001 2.57275733104617e-07
53.1000000000001 9.80030614158527e-08
53.8375000000001 3.44402266787871e-08
54.5750000000001 1.171938655188e-08
55.3125000000001 3.90837627682624e-09
56.0500000000001 1.28564283806253e-09
56.7875000000001 4.06173531636207e-10
57.5250000000001 1.14543651124192e-10
58.2625000000001 2.38822525744943e-11
