-59 2.32369656022667e-12
-58.2625 3.45311944803984e-11
-57.525 1.73753140213898e-10
-56.7875 6.03976495632974e-10
-56.05 1.93567396618155e-09
-55.3125 6.01676303618626e-09
-54.575 1.87763613711869e-08
-53.8375 5.84147738683421e-08
-53.1 1.81032200677934e-07
-52.3625 5.3459900679085e-07
-51.625 1.3464794939623e-06
-50.8875 2.31296494673566e-06
-50.15 2.75952284168927e-06
-49.4125 2.94387441353191e-06
-48.675 2.50092262916151e-06
-47.9375 2.74408157510974e-06
-47.2 6.13888873116076e-06
-46.4625 1.41182429095068e-05
-45.725 2.38304752387641e-05
-44.9875 2.62214043961786e-05
-44.25 2.62147550212182e-05
-43.5125 2.47576334719831e-05
-42.775 1.7913741974777e-05
-42.0375 2.7172182436584e-05
-41.3 6.79512239087346e-05
-40.5625 0.000130076433786605
-39.825 0.000148978003680378
-39.0875 0.000137152982404874
-38.35 0.000145927586859973
-37.6125 0.000119025901347293
-36.875 0.000142741483826472
-36.1375 0.000328394066072065
-35.4 0.000621368912105052
-34.6625 0.000692986600563588
-33.925 0.00062579664337056
-33.1875 0.000715165394623318
-32.45 0.000613591926389478
-31.7125 0.000697897756120983
-30.975 0.00175820113139152
-30.2375 0.0044082612689177
-29.5 0.00796039735280175
-28.7625 0.00966515787978374
-28.025 0.00823937733937654
-27.2875 0.00475126397023718
-26.55 0.00216683738750515
-25.8125 0.00247562931543374
-25.075 0.00670399061680738
-24.3375 0.0157050013291968
-23.6 0.0247504994217166
-22.8625 0.0269719409197268
-22.125 0.0218379576681661
-21.3875 0.0119669087510656
-20.65 0.00487822631116506
-19.9125 0.00423926533726384
-19.175 0.0102147573607509
-18.4375 0.0206618694366722
-17.7 0.0268537624864293
-16.9625 0.027216247200031
-16.225 0.0229495395036783
-15.4875 0.012780209145713
-14.75 0.00493305930045781
-14.0125 0.00343150897603598
-13.275 0.00903047889726726
-12.5375 0.022252568547615
-11.8 0.0344366086773337
-11.0625 0.0328537137178105
-10.325 0.019437575868883
-9.58749999999996 0.00781706032279181
-8.84999999999996 0.00482742233435638
-8.11249999999996 0.00997015183862759
-7.37499999999996 0.0216208815638019
-6.63749999999996 0.0289838981656098
-5.89999999999996 0.0265728609016564
-5.16249999999996 0.0287015963671976
-4.42499999999996 0.0256739354048916
-3.68749999999996 0.0140806064583682
-2.94999999999996 0.0107065312128476
-2.21249999999996 0.020960959179823
-1.47499999999996 0.0356009651363633
-0.737499999999961 0.0234977358982819
3.86357612569554e-14 0.00379681491511872
0.737500000000039 0.0235480739967013
1.47500000000004 0.0355883528424211
2.21250000000004 0.0209551338939186
2.95000000000004 0.010887137270506
3.68750000000004 0.0146266301819815
4.42500000000004 0.0263372943201867
5.16250000000004 0.0284596106100726
5.90000000000004 0.0257613855663405
6.63750000000004 0.0290371060942871
7.37500000000004 0.0221749011713105
8.11250000000004 0.010293449729793
8.85000000000004 0.00493363905518829
9.58750000000004 0.00796323505255144
10.325 0.0199500606308134
11.0625 0.0336307550079962
11.8 0.0347532884136302
12.5375 0.0220331697103394
13.275 0.00879175736202439
14.0125 0.00336370460304652
14.75 0.00507637963167196
15.4875 0.0132715132986082
16.225 0.0237119511071714
16.9625 0.0274520598776591
17.7 0.0262813597744158
18.4375 0.0200881320422357
19.175 0.00997974121433148
19.9125 0.0042566087380154
20.65 0.00525920912615586
21.3875 0.0130242919821491
22.125 0.0233818309042752
22.8625 0.0279119500076775
23.6 0.0249112284107307
24.3375 0.0157570828783313
25.075 0.00676548541964986
25.8125 0.00254154195308322
26.55 0.002401884512531
27.2875 0.00549897091073461
28.025 0.00963253867082244
28.7625 0.0110335343882396
29.5 0.00869291897506829
30.2375000000001 0.00464771464296686
30.9750000000001 0.00181857009767164
31.7125000000001 0.000721371102214508
32.4500000000001 0.00065286852053393
33.1875 0.000770156169902973
33.9250000000001 0.000673354120249337
34.6625000000001 0.000742338952820176
35.4000000000001 0.000665152805221321
36.1375000000001 0.000351280025398083
36.8750000000001 0.000153367134525588
37.6125000000001 0.000129241706868308
38.3500000000001 0.000157762322429032
39.0875000000001 0.000147887619085849
39.8250000000001 0.000161063786887743
40.5625000000001 0.000140159814226792
41.3000000000001 7.27724087919255e-05
42.0375000000001 2.89361854066704e-05
42.7750000000001 1.92327157477147e-05
43.5125000000001 2.70008125681265e-05
44.2500000000001 2.9112457910746e-05
44.9875000000001 2.92220691973354e-05
45.7250000000001 2.61421874968497e-05
46.4625000000001 1.5285817582749e-05
47.2000000000001 6.59533872603794e-06
47.9375000000001 2.91077971929932e-06
48.6750000000001 2.55871229645874e-06
49.4125000000001 2.95286664059899e-06
50.1500000000001 2.76910616846762e-06
50.8875000000001 2.32141991824021e-06
51.6250000000001 1.34205635692921e-06
52.3625000000001 5.30240974476407e-07
53.1000000000001 1.78998800100893e-07
53.8375000000001 5.75688130876479e-08
54.5750000000001 1.84345321766836e-08
55.3125000000001 5.88835463635979e-09
56.0500000000001 1.88732262611467e-09
56.7875000000001 5.86489631927776e-10
57.5250000000001 1.66857256958777e-10
58.2625000000001 3.22510592936118e-11
