-59 5.683741457891e-12
-58.2625 2.48323137016286e-11
-57.525 1.23333452646213e-10
-56.7875 4.38641633227053e-10
-56.05 1.42945192030468e-09
-55.3125 4.50003731036838e-09
-54.575 1.40287127433021e-08
-53.8375 4.28113355050025e-08
-53.1 1.26684342512698e-07
-52.3625 3.48149096077841e-07
-51.625 8.10418116452859e-07
-50.8875 1.26871755676651e-06
-50.15 1.27705729792093e-06
-49.4125 1.33064986884233e-06
-48.675 1.37635807292351e-06
-47.9375 1.59603607230704e-06
-47.2 3.42179277051811e-06
-46.4625 7.85445282501015e-06
-45.725 1.27665714392619e-05
-44.9875 1.24085418635393e-05
-44.25 1.2176811558132e-05
-43.5125 1.33511127962578e-05
-42.775 9.77706581600192e-06
-42.0375 1.27311472352971e-05
-41.3 3.17727750007075e-05
-40.5625 6.51164649435173e-05
-39.825 8.32801986130169e-05
-39.0875 7.7987019634017e-05
-38.35 7.16391879076648e-05
-37.6125 5.16259288353396e-05
-36.875 6.24114751918048e-05
-36.1375 0.000179038426025659
-35.4 0.000462985479584907
-34.6625 0.000772478086954855
-33.925 0.000769003433178746
-33.1875 0.000548825563401595
-32.45 0.000434009695609962
-31.7125 0.000768102842917932
-30.975 0.00203113197642713
-30.2375 0.00453533861241942
-29.5 0.00683154938521641
-28.7625 0.0071223752741912
-28.025 0.00643959203681838
-27.2875 0.00448100077931672
-26.55 0.00248057112529803
-25.8125 0.00319678768393993
-25.075 0.00750764715539227
-24.3375 0.0126211071091796
-23.6 0.0100580986346529
-22.8625 0.00660281560874056
-22.125 0.0115339204711364
-21.3875 0.0112316344282646
-20.65 0.00601093195151007
-19.9125 0.00528275988003823
-19.175 0.010983551471893
-18.4375 0.0179765218999007
-17.7 0.0159200411326627
-16.9625 0.0144832115272845
-16.225 0.0180697182623661
-15.4875 0.0130274996247041
-14.75 0.00565318140806006
-14.0125 0.00400680894597372
-13.275 0.0103945293822093
-12.5375 0.0258002658976291
-11.8 0.0401818595591168
-11.0625 0.0383586759129518
-10.325 0.0225400648073145
-9.58749999999996 0.00863791046155653
-8.84999999999996 0.00405326586501254
-8.11249999999996 0.00798008739488531
-7.37499999999996 0.021102348531293
-6.63749999999996 0.038904330073024
-5.89999999999996 0.0481294492055473
-5.16249999999996 0.0441808586927365
-4.42499999999996 0.0281756708357393
-3.68749999999996 0.0121745529927304
-2.94999999999996 0.00755140321306918
-2.21249999999996 0.0156483419919026
-1.47499999999996 0.0329391359340532
-0.737499999999961 0.0413367417229373
3.86357612569554e-14 0.038544208081242
0.737500000000039 0.041326116753056
1.47500000000004 0.0329367239918385
2.21250000000004 0.0156445533585662
2.95000000000004 0.00750020288763192
3.68750000000004 0.0120345356399612
4.42500000000004 0.0280744595015616
5.16250000000004 0.044495715683295
5.90000000000004 0.0486457543544111
6.63750000000004 0.0389945961059882
7.37500000000004 0.0209139179324343
8.11250000000004 0.00786310477766428
8.85000000000004 0.00405469199430221
9.58750000000004 0.00868272980618745
10.325 0.0223772051765016
11.0625 0.037720637546589
11.8 0.0394870144722038
12.5375 0.0255595144574826
13.275 0.0104169733222691
14.0125 0.00402234001852435
14.75 0.00558323327877534
15.4875 0.0128815352980276
16.225 0.0179884128158506
16.9625 0.014438138986617
17.7 0.0156572807730509
18.4375 0.0176682633785585
19.175 0.0108195166995865
19.9125 0.00514217644131218
20.65 0.00573988060432178
21.3875 0.0109154441453963
22.125 0.0118024439652079
22.8625 0.00733250457115601
23.6 0.0100792369052543
24.3375 0.0120711053364537
25.075 0.00710527067781939
25.8125 0.00298561862894499
26.55 0.00231451878545501
27.2875 0.00441281594003108
28.025 0.00676487243460789
28.7625 0.00751571871712249
29.5 0.00670735183539338
30.2375000000001 0.00418433740144992
30.9750000000001 0.00181273090965907
31.7125000000001 0.000667003035048705
32.4500000000001 0.000373569741262865
33.1875 0.000504997778450164
33.9250000000001 0.000733633943283483
34.6625000000001 0.000723625633140514
35.4000000000001 0.000419802146569829
36.1375000000001 0.000157723602678094
36.8750000000001 5.40950958629161e-05
37.6125000000001 4.63306115607172e-05
38.3500000000001 6.5220890647801e-05
39.0875000000001 6.99481943166405e-05
39.8250000000001 7.41206719959957e-05
40.5625000000001 5.84829676342333e-05
41.3000000000001 2.87070318433345e-05
42.0375000000001 1.16627706941085e-05
42.7750000000001 9.45130294894532e-06
43.5125000000001 1.28407569261748e-05
44.2500000000001 1.11824557057793e-05
44.9875000000001 1.14987420105032e-05
45.7250000000001 1.23325003696586e-05
46.4625000000001 7.67474646117426e-06
47.2000000000001 3.33801002406845e-06
47.9375000000001 1.63442187407737e-06
48.6750000000001 1.56382130243893e-06
49.4125000000001 1.53196910657354e-06
50.1500000000001 1.46419039649433e-06
50.8875000000001 1.48645420078256e-06
51.6250000000001 9.68097996064541e-07
52.3625000000001 4.22637762933785e-07
53.1000000000001 1.55597852319751e-07
53.8375000000001 5.30124259176213e-08
54.5750000000001 1.75071618482386e-08
55.3125000000001 5.68112037873957e-09
56.0500000000001 1.83023903746843e-09
56.7875000000001 5.74531244984146e-10
57.5250000000001 1.68598544403523e-10
58.2625000000001 3.88782369257428e-11
