-59 3.13920740515043e-11
-58.2625 3.82909994090084e-11
-57.525 7.89515956076842e-11
-56.7875 1.89307712467731e-10
-56.05 5.29041900448183e-10
-55.3125 1.47852240733226e-09
-54.575 4.26228005703442e-09
-53.8375 1.20430611319838e-08
-53.1 3.3268810957942e-08
-52.3625 8.43497561931412e-08
-51.625 1.75218678299566e-07
-50.8875 2.22562257167039e-07
-50.15 1.79118528169831e-07
-49.4125 2.51076951781312e-07
-48.675 3.65011805596959e-07
-47.9375 5.41003842708426e-07
-47.2 1.20810971064053e-06
-46.4625 2.68570703463856e-06
-45.725 4.20431515004331e-06
-44.9875 3.86076234014891e-06
-44.25 4.00703583299982e-06
-43.5125 5.01502814361679e-06
-42.775 4.23870836882739e-06
-42.0375 6.03430751333586e-06
-41.3 1.38667916529252e-05
-40.5625 2.56369287421758e-05
-39.825 2.7498454460157e-05
-39.0875 2.3136352927334e-05
-38.35 3.03075715115338e-05
-37.6125 2.81740339418174e-05
-36.875 2.57659671926173e-05
-36.1375 5.28107666791801e-05
-35.4 0.000112714152198538
-34.6625 0.000155081491656361
-33.925 0.000136369926478492
-33.1875 0.000147957916214971
-32.45 0.00015744068115841
-31.7125 0.000136427252493378
-30.975 0.00023488039730549
-30.2375 0.0004996091052769
-29.5 0.000724785551046792
-28.7625 0.00066642107261779
-28.025 0.000693537802657911
-27.2875 0.000762056092324963
-26.55 0.000564057492472869
-25.8125 0.000689478167860953
-25.075 0.00155908949965211
-24.3375 0.00279417732809537
-23.6 0.0028721135068559
-22.8625 0.00247941050779938
-22.125 0.00309693478629684
-21.3875 0.00258293332242268
-20.65 0.00157744099872531
-19.9125 0.00239967848971124
-19.175 0.00580747486380735
-18.4375 0.0104240528385793
-17.7 0.0121366776441708
-16.9625 0.0123162285520439
-16.225 0.0112535554009
-15.4875 0.00639842512458545
-14.75 0.00302321987691714
-14.0125 0.00466697195603257
-13.275 0.0127883257675034
-12.5375 0.0263952714371775
-11.8 0.0363936389799665
-11.0625 0.0353898304371444
-10.325 0.0234651418140425
-9.58749999999996 0.00970074457655117
-8.84999999999996 0.00363390022208061
-8.11249999999996 0.00675081832963142
-7.37499999999996 0.0226194474628639
-6.63749999999996 0.0533932812686605
-5.89999999999996 0.0768356306007642
-5.16249999999996 0.0658857637643303
-4.42499999999996 0.033229936725436
-3.68749999999996 0.0102367433655157
-2.94999999999996 0.00319061935165697
-2.21249999999996 0.00868579568651278
-1.47499999999996 0.0323405502148146
-0.737499999999961 0.0755014292137755
3.86357612569554e-14 0.100399033388879
0.737500000000039 0.07550142281092
1.47500000000004 0.0323405453662504
2.21250000000004 0.00868579463843759
2.95000000000004 0.00319062356385545
3.68750000000004 0.0102367640507205
4.42500000000004 0.0332300012668167
5.16250000000004 0.0658858923462004
5.90000000000004 0.0768357843736846
6.63750000000004 0.0533933924882674
7.37500000000004 0.0226194971890164
8.11250000000004 0.00675083333704636
8.85000000000004 0.00363390213848374
9.58750000000004 0.00970074373448569
10.325 0.0234651467439369
11.0625 0.0353898443209963
11.8 0.0363936510449523
12.5375 0.0263952762146999
13.275 0.0127883290196462
14.0125 0.00466697436304821
14.75 0.00302321676483831
15.4875 0.00639840942671563
16.225 0.0112535265186334
16.9625 0.0123161999247739
17.7 0.0121366526722507
18.4375 0.0104240306528547
19.175 0.00580746236521063
19.9125 0.0023996754392194
20.65 0.00157744349646315
21.3875 0.00258293412548097
22.125 0.00309691866284741
22.8625 0.00247938084595538
23.6 0.00287209795257467
24.3375 0.0027941786808967
25.075 0.00155909339645211
25.8125 0.000689481238200968
26.55 0.000564061143564066
27.2875 0.00076205803960346
28.025 0.000693531271149339
28.7625 0.000666411189812928
29.5 0.000724783966194994
30.2375000000001 0.000499612931371603
30.9750000000001 0.000234883552776861
31.7125000000001 0.000136429098852326
32.4500000000001 0.000157441267938778
33.1875 0.000147956408655488
33.9250000000001 0.000136367843672995
34.6625000000001 0.000155081330997524
35.4000000000001 0.000112715134707603
36.1375000000001 5.28115294961432e-05
36.8750000000001 2.57664706030326e-05
37.6125000000001 2.81744402821622e-05
38.3500000000001 3.03074743261162e-05
39.0875000000001 2.31357932227923e-05
39.8250000000001 2.74983516552355e-05
40.5625000000001 2.56372742266619e-05
41.3000000000001 1.38670742978127e-05
42.0375000000001 6.03447786220645e-06
42.7750000000001 4.23892253988064e-06
43.5125000000001 5.01526760721552e-06
44.2500000000001 4.00709060338173e-06
44.9875000000001 3.86084168220888e-06
45.7250000000001 4.20455941298553e-06
46.4625000000001 2.68591279127176e-06
47.2000000000001 1.20820623265291e-06
47.9375000000001 5.41004835078101e-07
48.6750000000001 3.64935059366658e-07
49.4125000000001 2.51007780460516e-07
50.1500000000001 1.79074173664223e-07
50.8875000000001 2.22484071986717e-07
51.6250000000001 1.75149464314153e-07
52.3625000000001 8.43165632523053e-08
53.1000000000001 3.32562771681677e-08
53.8375000000001 1.20389202917924e-08
54.5750000000001 4.26086878200973e-09
55.3125000000001 1.47792821921036e-09
56.0500000000001 5.28701661536571e-10
56.7875000000001 1.89118511184588e-10
57.5250000000001 7.8848520685823e-11
58.2625000000001 3.82537062893167e-11
