-59 8.40013626795901e-11
-58.2625 1.07987028717502e-10
-57.525 2.29950123774152e-10
-56.7875 5.97113561668436e-10
-56.05 1.79442015776716e-09
-55.3125 5.45691578146523e-09
-54.575 1.71190715940184e-08
-53.8375 5.25500758165483e-08
-53.1 1.58284334871681e-07
-52.3625 4.42860565285995e-07
-51.625 1.0509863238674e-06
-50.8875 1.66115090179262e-06
-50.15 1.6894032035491e-06
-49.4125 1.78029071249722e-06
-48.675 1.7671377392101e-06
-47.9375 1.86604163470019e-06
-47.2 3.88698645042078e-06
-46.4625 8.80253295772499e-06
-45.725 1.327858620958e-05
-44.9875 1.01877813974804e-05
-44.25 9.33617872942787e-06
-43.5125 1.33854774343203e-05
-42.775 1.07661380606482e-05
-42.0375 1.25838889980768e-05
-41.3 2.94442147989348e-05
-40.5625 5.70465657167365e-05
-39.825 6.62722778094887e-05
-39.0875 6.043536456465e-05
-38.35 6.30888270095901e-05
-37.6125 4.91802615007305e-05
-36.875 6.0095169324568e-05
-36.1375 0.000183772760432805
-35.4 0.000533602414696435
-34.6625 0.00103403357111083
-33.925 0.00115723964096868
-33.1875 0.000815923329023363
-32.45 0.000660159035546043
-31.7125 0.00135690068577616
-30.975 0.00351557696931786
-30.2375 0.00731225417890264
-29.5 0.00969002002389353
-28.7625 0.00889472864824902
-28.025 0.00905215231598386
-27.2875 0.00762993442531357
-26.55 0.00432467367105149
-25.8125 0.00439653072869502
-25.075 0.00958618492044818
-24.3375 0.0158128153266878
-23.6 0.0113084766887056
-22.8625 0.0059937315914278
-22.125 0.0136228699429324
-21.3875 0.0146511379465171
-20.65 0.0073949087841083
-19.9125 0.00381516381022832
-19.175 0.00695729483415543
-18.4375 0.0162932138679675
-17.7 0.0250874401113445
-16.9625 0.0260606630393072
-16.225 0.0190508401163791
-15.4875 0.00946593518904005
-14.75 0.00456371143964361
-14.0125 0.00615092946117525
-13.275 0.0144204359987031
-12.5375 0.0252523342480944
-11.8 0.0293423570800744
-11.0625 0.0294521450457474
-10.325 0.0240583388621879
-9.58749999999996 0.0125099694978875
-8.84999999999996 0.00630736953145217
-8.11249999999996 0.00990179959967319
-7.37499999999996 0.0223792264687784
-6.63749999999996 0.0324169064390324
-5.89999999999996 0.030949698658367
-5.16249999999996 0.0313175514266714
-4.42499999999996 0.027069430174436
-3.68749999999996 0.0140306678813434
-2.94999999999996 0.0057002056169055
-2.21249999999996 0.00665160703358466
-1.47499999999996 0.0205342998266857
-0.737499999999961 0.0473573940043489
3.86357612569554e-14 0.0629222246908441
0.737500000000039 0.0473574215770652
1.47500000000004 0.0205342941021459
2.21250000000004 0.00665158086264397
2.95000000000004 0.0057002340299606
3.68750000000004 0.014030898039774
4.42500000000004 0.0270701292822945
5.16250000000004 0.0313188665603951
5.90000000000004 0.030951244484915
6.63750000000004 0.0324180546927215
7.37500000000004 0.0223797697743072
8.11250000000004 0.0099019665627706
8.85000000000004 0.00630735989646106
9.58750000000004 0.0125098569624525
10.325 0.0240581471076911
11.0625 0.0294518990952419
11.8 0.0293420981548733
12.5375 0.0252521167526612
13.275 0.0144203135971171
14.0125 0.00615090908083789
14.75 0.00456383950232488
15.4875 0.00946635402951473
16.225 0.0190516287568072
16.9625 0.0260615962112911
17.7 0.0250883114042439
18.4375 0.0162938712889321
19.175 0.00695761392835363
19.9125 0.00381521121538925
20.65 0.0073947647313191
21.3875 0.014650847533077
22.125 0.0136226001571434
22.8625 0.00599359453939228
23.6 0.0113082458340871
24.3375 0.0158125142536867
25.075 0.00958602330370176
25.8125 0.00439649314825539
26.55 0.00432465082600223
27.2875 0.00762970431755605
28.025 0.00905147369986028
28.7625 0.00889387897109437
29.5 0.00968948263706218
30.2375000000001 0.00731205854872491
30.9750000000001 0.00351552991475405
31.7125000000001 0.00135689844560225
32.4500000000001 0.000660164241039029
33.1875 0.000815899674333957
33.9250000000001 0.00115717882444054
34.6625000000001 0.0010339782251087
35.4000000000001 0.000533577585392722
36.1375000000001 0.000183765747082776
36.8750000000001 6.00917246946875e-05
37.6125000000001 4.9175383209206e-05
38.3500000000001 6.30873899293329e-05
39.0875000000001 6.04424815454959e-05
39.8250000000001 6.62761271409662e-05
40.5625000000001 5.70432075739402e-05
41.3000000000001 2.94410751905811e-05
42.0375000000001 1.2580813742628e-05
42.7750000000001 1.07599639312697e-05
43.5125000000001 1.33790050934475e-05
44.2500000000001 9.33504657695037e-06
44.9875000000001 1.01846796046554e-05
45.7250000000001 1.32706788195459e-05
46.4625000000001 8.79692828759521e-06
47.2000000000001 3.8844779451495e-06
47.9375000000001 1.86417998111584e-06
48.6750000000001 1.76433686651099e-06
49.4125000000001 1.77697544929168e-06
50.1500000000001 1.68592414178802e-06
50.8875000000001 1.65800539619469e-06
51.6250000000001 1.04916111574645e-06
52.3625000000001 4.42103838085239e-07
53.1000000000001 1.58005509324642e-07
53.8375000000001 5.24524788768725e-08
54.5750000000001 1.70836993380406e-08
55.3125000000001 5.44400153857295e-09
56.0500000000001 1.78959231250217e-09
56.7875000000001 5.95690509041978e-10
57.5250000000001 2.29537690715556e-10
58.2625000000001 1.07868797874748e-10
