0 -0.234654214439235 7.14646e-05
1 -0.234627286081081 0.00144143
2 -0.234627285522558 5.61018e-05
3 -0.234592740058265 0.000403
4 -0.234585325037132 0.000339478
5 -0.23457101775105 0.00365678
6 -0.234521807031519 6.03506e-05
7 -0.234521806843712 0.000912654
8 -0.234460166497068 5.71801e-05
9 -0.23440487215545 0.000100254
10 -0.234404310747737 4.53979e-05
11 -0.234116322738058 0.000128375
12 -0.234079988888416 2.76124e-05
13 -0.234079988868059 7.16806e-05
14 -0.234074796682921 8.04445e-05
15 -0.234054049257497 7.06859e-05
16 -0.234014142258748 7.62473e-05
17 -0.233889779867343 0.000119041
18 -0.233836076800996 0.000334641
19 -0.233832789406116 2.70837e-05
20 -0.233626155988743 6.88593e-05
21 -0.233562793075889 2.30785e-05
22 -0.233562793072884 4.86411e-05
23 -0.233448795400627 3.73988e-05
24 -0.23336223039766 0.000375839
25 -0.233328959476517 0.000302514
26 -0.233328959454891 0.000567487
27 -0.233139906479665 9.76024e-06
28 -0.233056058984788 6.67143e-06
29 -0.233056058971328 1.9401e-05
30 -0.2330248553309 1.12824e-05
31 -0.232942891499177 1.49616e-05
32 -0.232785763215809 1.07955e-05
33 -0.232785763190558 1.02373e-05
34 -0.232712284266043 9.66408e-06
35 -0.232456032807348 3.40946e-06
36 -0.232456032773662 9.85082e-06
37 -0.232315388030112 1.00581e-05
38 -0.232293073129766 2.84433e-06
39 -0.232104456192996 3.93702e-06
40 -0.232104456166467 2.08916e-05
41 -0.231975706515177 1.08388e-05
42 -0.231791440082029 1.76121e-06
43 -0.231755600966198 2.33025e-06
44 -0.231755600958026 2.93258e-06
45 -0.231546609904944 4.51912e-06
46 -0.230779847942809 6.27526e-07
47 -0.230779847933427 9.47584e-07
48 -0.230773823800869 1.1316e-06
49 -0.230762618668658 9.78277e-07
50 -0.148393541408792 5.38088e-09
51 -0.144127947627076 4.09585e-08
52 -0.144127943865559 6.25456e-08
53 -0.140211274591401 1.34239e-08
54 -0.137692005995679 8.77742e-09
55 -0.137682689239611 1.30382e-08
56 -0.134241338971613 7.86981e-09
57 -0.134241335175562 2.85449e-09
58 -0.129685174978933 1.08774e-08
59 -0.129685174946837 4.51893e-09
60 -0.128907296213139 2.02668e-08
61 -0.12678203172908 1.14019e-08
62 -0.126684413568832 1.23552e-08
63 -0.122125021170491 1.97922e-07
64 -0.122094790535757 2.83328e-07
65 -0.122094786418566 1.45709e-08
66 -0.120546098892502 9.34025e-09
67 -0.12052260221021 3.73693e-09
68 -0.119091088927569 4.7658e-08
69 -0.119091088886308 7.80626e-08
70 -0.118046464900039 2.16457e-08
71 -0.118046464847869 1.16776e-08
72 -0.116274827603556 4.68249e-08
73 -0.116077636395945 3.27659e-08
74 -0.114389031758648 1.80494e-07
75 -0.114378997612276 2.2247e-07
76 -0.114210761490021 1.53843e-07
77 -0.113981817601261 2.77603e-07
78 -0.111899119948411 1.53485e-07
79 -0.111899119879507 1.47315e-07
80 -0.110620134923848 2.04939e-07
81 -0.110620134856503 2.06144e-07
82 -0.108903461818284 1.11769e-06
83 -0.108903457807977 1.20454e-06
84 -0.108595547198412 2.0846e-06
85 -0.108510572135029 1.12946e-06
86 -0.108289489020553 7.66273e-07
87 -0.10828948901995 1.33841e-06
88 -0.107990506293834 6.43414e-06
89 -0.106209558792251 6.47484e-06
90 -0.106185948192494 8.60879e-06
91 -0.105223592040549 1.07857e-05
92 -0.105223591738675 1.50812e-05
93 -0.102877639933826 5.01268e-05
94 -0.102877639847218 6.35132e-05
95 -0.102611080525153 8.11052e-05
96 -0.10107336819468 0.000223324
97 -0.101006325749984 0.000156035
98 -0.10096011979804 0.000163901
99 -0.100604127225547 0.000205445
