-59 1.81125265310877e-06
-58.2625 2.38126910956049e-06
-57.525 4.57978707604841e-06
-56.7875 9.99316237461048e-06
-56.05 2.24297705723001e-05
-55.3125 5.02265068008657e-05
-54.575 0.000111423060145383
-53.8375 0.000242066693944173
-53.1 0.000498372666695939
-52.3625 0.000908941583403451
-51.625 0.0012772892035035
-50.8875 0.0011939309890523
-50.15 0.00136803072057858
-49.4125 0.00220337155294497
-48.675 0.00210614923297891
-47.9375 0.00177201896079665
-47.2 0.00232679301130789
-46.4625 0.00298705711314016
-45.725 0.00327837159725966
-44.9875 0.00418971673585463
-44.25 0.00561953574748044
-43.5125 0.00536292041029802
-42.775 0.00400965513253124
-42.0375 0.00431138733942825
-41.3 0.00514468248676896
-40.5625 0.00563462894166877
-39.825 0.00702040527535927
-39.0875 0.00922375579122104
-38.35 0.00932814929710401
-37.6125 0.00693123149545757
-36.875 0.00615165044161313
-36.1375 0.00677041794588405
-35.4 0.0072243418948922
-34.6625 0.00860988298026158
-33.925 0.0113482502457287
-33.1875 0.0120959416820967
-32.45 0.00979645305678143
-31.7125 0.00780164004069443
-30.975 0.0078525449426391
-30.2375 0.00812970089466655
-29.5 0.00890501795418219
-28.7625 0.0114936692766481
-28.025 0.0133213184782257
-27.2875 0.0122733926399699
-26.55 0.00957141163796991
-25.8125 0.00860139677118784
-25.075 0.0088333127707813
-24.3375 0.00911363023928401
-23.6 0.0106006270404568
-22.8625 0.013422516297104
-22.125 0.0143871107366741
-21.3875 0.0122306377157752
-20.65 0.00970617289385771
-19.9125 0.00964976912942627
-19.175 0.0100306638254619
-18.4375 0.0104043506464562
-17.7 0.0127877022883745
-16.9625 0.0158971845905687
-16.225 0.0156054790651569
-15.4875 0.011911346355098
-14.75 0.0104748836871294
-14.0125 0.0110959028185789
-13.275 0.0113220429482707
-12.5375 0.0123278923150758
-11.8 0.0163836652574646
-11.0625 0.018716374797183
-10.325 0.0158140154967537
-9.58749999999996 0.0119793618466892
-8.84999999999996 0.0118720988289471
-8.11249999999996 0.0122870473609066
-7.37499999999996 0.0122497689673381
-6.63749999999996 0.0149711995019573
-5.89999999999996 0.019512131116119
-5.16249999999996 0.0191805755052024
-4.42499999999996 0.0143544625087264
-3.68749999999996 0.0122163849501446
-2.94999999999996 0.0125858872301496
-2.21249999999996 0.0123439364313508
-1.47499999999996 0.0129157485318177
-0.737499999999961 0.0173833033331059
3.86357612569554e-14 0.020093224710226
0.737500000000039 0.016985869828595
1.47500000000004 0.0126744617750773
2.21250000000004 0.0120394000592694
2.95000000000004 0.0119609244290389
3.68750000000004 0.0114286734295865
4.42500000000004 0.0134630122791607
5.16250000000004 0.0176883587173716
5.90000000000004 0.0175964395131576
6.63750000000004 0.0135419293550316
7.37500000000004 0.0111689343284664
8.11250000000004 0.0110382063914658
8.85000000000004 0.0105616169556773
9.58750000000004 0.0106835162216803
10.325 0.0139414329649166
11.0625 0.0162354516599324
11.8 0.0143305962148555
12.5375 0.0109603549371968
13.275 0.00999080394097385
14.0125 0.00979618227646428
14.75 0.00939497338367199
15.4875 0.010682546454743
16.225 0.0138123271076453
16.9625 0.0142661145311091
17.7 0.0117897789461041
18.4375 0.00954029159790341
19.175 0.0091659690501869
19.9125 0.00901068856761066
20.65 0.00920226703035216
21.3875 0.0115033034896505
22.125 0.0137269740557255
22.8625 0.0131674589135493
23.6 0.0104360893928435
24.3375 0.00885956016011265
25.075 0.00869592186616767
25.8125 0.00859341051739578
26.55 0.00953976452017072
27.2875 0.012328839955113
28.025 0.0136324945896229
28.7625 0.0117986459124837
29.5 0.00905024866602091
30.2375000000001 0.00828570544912853
30.9750000000001 0.00805886436614734
31.7125000000001 0.00800254688889766
32.4500000000001 0.0100779359162921
33.1875 0.0125554673077863
33.9250000000001 0.0117722016687526
34.6625000000001 0.00888255760785214
35.4000000000001 0.007484588098117
36.1375000000001 0.00704525604060099
36.8750000000001 0.00638063884013571
37.6125000000001 0.00716062433250972
38.3500000000001 0.0096853608418969
39.0875000000001 0.00958265767153549
39.8250000000001 0.00721718604957292
40.5625000000001 0.00578675251450589
41.3000000000001 0.00531821435330402
42.0375000000001 0.00447998594991195
42.7750000000001 0.00426240320909207
43.5125000000001 0.00578221205388648
44.2500000000001 0.00599198127966036
44.9875000000001 0.00444416742800606
45.7250000000001 0.00349927850609189
46.4625000000001 0.00318619137113236
47.2000000000001 0.00246513641361408
47.9375000000001 0.00188016974376339
48.6750000000001 0.00225444272821987
49.4125000000001 0.00233007394590959
50.1500000000001 0.00144172680699203
50.8875000000001 0.00127313215335431
51.6250000000001 0.00135332253340575
52.3625000000001 0.00096198541053851
53.1000000000001 0.000528171216229045
53.8375000000001 0.000256409528507078
54.5750000000001 0.000117837835767014
55.3125000000001 5.30386481887178e-05
56.0500000000001 2.3648542921238e-05
56.7875000000001 1.05047134319215e-05
57.5250000000001 4.78715263612393e-06
58.2625000000001 2.45487702751795e-06
