-59 9.10504366020104e-07
-58.2625 1.63262170905414e-06
-57.525 4.35869558243723e-06
-56.7875 1.10684453807305e-05
-56.05 2.64984686532739e-05
-55.3125 6.09660557913384e-05
-54.575 0.000136723106061817
-53.8375 0.000297955338429704
-53.1 0.000610945281920602
-52.3625 0.00110039717885077
-51.625 0.0015249460446218
-50.8875 0.00144233178066929
-50.15 0.00165360544787675
-49.4125 0.00259973022204873
-48.675 0.00246148160531236
-47.9375 0.00196357699118706
-47.2 0.00248433590426336
-46.4625 0.00317646626341511
-45.725 0.00353673322588441
-44.9875 0.00460768703540981
-44.25 0.0061061269241077
-43.5125 0.00572558901265718
-42.775 0.00425834793937308
-42.0375 0.0045569836774899
-41.3 0.00539823851297762
-40.5625 0.00594975577374513
-39.825 0.00752304701727856
-39.0875 0.00975955336662718
-38.35 0.00971333584984793
-37.6125 0.00722522857233725
-36.875 0.00651545398836982
-36.1375 0.00724352957492215
-35.4 0.0078690269066751
-34.6625 0.00950130400394938
-33.925 0.0123033051274831
-33.1875 0.0131253162024346
-32.45 0.0108189500640901
-31.7125 0.00868227196794472
-30.975 0.00884306252906759
-30.2375 0.00942686367874263
-29.5 0.0104838381633316
-28.7625 0.0134019837970952
-28.025 0.0158627055909607
-27.2875 0.0150371202436517
-26.55 0.0117134468702868
-25.8125 0.0104982385384498
-25.075 0.0109988264999114
-24.3375 0.0113722946599596
-23.6 0.0131297503930542
-22.8625 0.0171538474830926
-22.125 0.0186450678426819
-21.3875 0.0154423501310324
-20.65 0.0120783460209893
-19.9125 0.0119572565030997
-19.175 0.0120264750276378
-18.4375 0.012142055980776
-17.7 0.015478653384685
-16.9625 0.0191525658433504
-16.225 0.017657612643232
-15.4875 0.0131130735894825
-14.75 0.0115763535780617
-14.0125 0.0114538514679952
-13.275 0.0108131375816312
-12.5375 0.012003404621553
-11.8 0.0160499282839417
-11.0625 0.0166007620325813
-10.325 0.0131501477847872
-9.58749999999996 0.010370016761377
-8.84999999999996 0.0097638907626288
-8.11249999999996 0.00901754100918146
-7.37499999999996 0.00875324592543607
-6.63749999999996 0.0110765254814561
-5.89999999999996 0.0128735969539349
-5.16249999999996 0.0115098410210014
-4.42499999999996 0.00913433195821882
-3.68749999999996 0.00792507205013652
-2.94999999999996 0.00743308346825455
-2.21249999999996 0.00709968388835698
-1.47499999999996 0.0078171649718423
-0.737499999999961 0.0096965601003488
3.86357612569554e-14 0.0102613873028871
0.737500000000039 0.00949761632935094
1.47500000000004 0.00769638379080111
2.21250000000004 0.00694724176155187
2.95000000000004 0.0071202450604786
3.68750000000004 0.00753076627384038
4.42500000000004 0.00868809756327154
5.16250000000004 0.0107628802058814
5.90000000000004 0.0119146567961455
6.63750000000004 0.0103610738819867
7.37500000000004 0.0082122111543252
8.11250000000004 0.00839240705197092
8.85000000000004 0.00910790103173757
9.58750000000004 0.00972135346141353
10.325 0.0122127865715686
11.0625 0.0153588828554928
11.8 0.0150222204583334
12.5375 0.0113188544015159
13.275 0.0101467573275055
14.0125 0.0108032482840529
14.75 0.0110357809618072
15.4875 0.0124979711055515
16.225 0.016760011466813
16.9625 0.0183360978694812
17.7 0.0149791206536192
18.4375 0.01170953219555
19.175 0.0115936329195686
19.9125 0.0116373502247074
20.65 0.011826104304869
21.3875 0.0150782663760388
22.125 0.0183146206951031
22.8625 0.0170261713781747
23.6 0.0130473863974634
24.3375 0.0112451134833787
25.075 0.0109300515124368
25.8125 0.0104942398701598
26.55 0.0116976042073791
27.2875 0.0150648740754421
28.025 0.0160184697467524
28.7625 0.0135546451312719
29.5 0.0105565356014214
30.2375000000001 0.00950495422702085
30.9750000000001 0.0089463393709055
31.7125000000001 0.00878283953312856
32.4500000000001 0.0109598514333472
33.1875 0.0133553405013619
33.9250000000001 0.01251552229132
34.6625000000001 0.009637796595822
35.4000000000001 0.00799929819796913
36.1375000000001 0.00738110524012718
36.8750000000001 0.00663007875741563
37.6125000000001 0.0073400557791898
38.3500000000001 0.00989214535843185
39.0875000000001 0.00993920917183356
39.8250000000001 0.00762154979630059
40.5625000000001 0.00602590439377603
41.3000000000001 0.00548510352787518
42.0375000000001 0.00464137931123745
42.7750000000001 0.00438486634291298
43.5125000000001 0.00593547429331656
44.2500000000001 0.00629256253065049
44.9875000000001 0.00473505788175352
45.7250000000001 0.00364731293996554
46.4625000000001 0.00327614720480951
47.2000000000001 0.00255358672056878
47.9375000000001 0.00201771422545483
48.6750000000001 0.00253571309802139
49.4125000000001 0.00266315391718123
50.1500000000001 0.00169049571266462
50.8875000000001 0.0014819776511458
51.6250000000001 0.00156300620174724
52.3625000000001 0.00112694948863834
53.1000000000001 0.000625861683368836
53.8375000000001 0.000305135051758253
54.5750000000001 0.000139934255138716
55.3125000000001 6.23738264020284e-05
56.0500000000001 2.7108639349033e-05
56.7875000000001 1.13245956759523e-05
57.5250000000001 4.46256718131524e-06
58.2625000000001 1.66951706798907e-06
