-59 5.45230452777451e-07
-58.2625 6.52905087464565e-07
-57.525 1.0683544463454e-06
-56.7875 2.13441182197997e-06
-56.05 4.71095919421428e-06
-55.3125 1.07805190056586e-05
-54.575 2.49150702805226e-05
-53.8375 5.68107053596425e-05
-53.1 0.000122972255928284
-52.3625 0.000234995602431532
-51.625 0.000339530896427367
-50.8875 0.000284774004951119
-50.15 0.000260300687530423
-49.4125 0.00051388184795012
-48.675 0.000560666020252108
-47.9375 0.00047153227178943
-47.2 0.000645707083850753
-46.4625 0.000888655889526824
-45.725 0.000901281212192811
-44.9875 0.000921969564580961
-44.25 0.00141708336708174
-43.5125 0.00164846772309451
-42.775 0.00126349748028786
-42.0375 0.00139327079587151
-41.3 0.00185626371993355
-40.5625 0.00202510668520928
-39.825 0.00204847786337677
-39.0875 0.00284903968279945
-38.35 0.0035709587153178
-37.6125 0.00286864509786295
-36.875 0.00258452900790317
-36.1375 0.00325036254073318
-35.4 0.00370931451604316
-34.6625 0.00377076067136813
-33.925 0.00487235172193818
-33.1875 0.0063769877303609
-32.45 0.00576630685113667
-31.7125 0.0045886835875862
-30.975 0.00523475660389845
-30.2375 0.00608328952791291
-29.5 0.00612396743103036
-28.7625 0.00713894140243729
-28.025 0.00967948537869608
-27.2875 0.00996506117319997
-26.55 0.00756016430974053
-25.8125 0.00742406153046295
-25.075 0.00873217613873493
-24.3375 0.00908757081810683
-23.6 0.00941785932178385
-22.8625 0.0126024295668293
-22.125 0.0149379170167906
-21.3875 0.0123650742236311
-20.65 0.0100476670763299
-19.9125 0.0112290498756239
-19.175 0.0122499747813176
-18.4375 0.011969613978808
-17.7 0.0141556403276544
-16.9625 0.0187227599151036
-16.225 0.0184260048044373
-15.4875 0.0137429700268252
-14.75 0.0131321142028947
-14.0125 0.0147367511408103
-13.275 0.014791394821812
-12.5375 0.0150586351187128
-11.8 0.0200305374909998
-11.0625 0.0234220510480383
-10.325 0.0194075599126349
-9.58749999999996 0.0152833598806162
-8.84999999999996 0.0162985756088659
-8.11249999999996 0.0171455701754745
-7.37499999999996 0.0163344608728251
-6.63749999999996 0.0188551865756724
-5.89999999999996 0.0249746139581791
-5.16249999999996 0.0247191859720058
-4.42499999999996 0.0184793723064777
-3.68749999999996 0.0168259018668024
-2.94999999999996 0.0181989020323353
-2.21249999999996 0.0177423684593774
-1.47499999999996 0.0173621679300563
-0.737499999999961 0.02270037621937
3.86357612569554e-14 0.0269257176703799
0.737500000000039 0.0227003762429656
1.47500000000004 0.0173621679363237
2.21250000000004 0.0177423684575994
2.95000000000004 0.0181989020424848
3.68750000000004 0.0168259018857882
4.42500000000004 0.0184793723267918
5.16250000000004 0.0247191860018108
5.90000000000004 0.0249746140005384
6.63750000000004 0.0188551866114028
7.37500000000004 0.0163344608980697
8.11250000000004 0.0171455702042813
8.85000000000004 0.0162985756426461
9.58750000000004 0.0152833599136725
10.325 0.0194075599511867
11.0625 0.0234220511031385
11.8 0.0200305375475172
12.5375 0.0150586351594888
13.275 0.0147913948603903
14.0125 0.0147367511854334
14.75 0.0131321142478672
15.4875 0.0137429700717235
16.225 0.0184260048652076
16.9625 0.0187227599881548
17.7 0.0141556403875178
18.4375 0.0119696140246992
19.175 0.0122499748301937
19.9125 0.0112290499268667
20.65 0.0100476671245377
21.3875 0.0123650742791536
22.125 0.0149379170914464
22.8625 0.0126024296401774
23.6 0.00941785937563038
24.3375 0.00908757086639572
25.075 0.00873217619058782
25.8125 0.00742406158025502
26.55 0.0075601643587199
27.2875 0.00996506123832115
28.025 0.00967948545427828
28.7625 0.00713894146384462
29.5 0.00612396747749674
30.2375000000001 0.00608328957580192
30.9750000000001 0.00523475665216426
31.7125000000001 0.00458868363216155
32.4500000000001 0.0057663069051569
33.1875 0.00637698779984101
33.9250000000001 0.00487235178605049
34.6625000000001 0.00377076071829178
35.4000000000001 0.00370931455910134
36.1375000000001 0.00325036258390946
36.8750000000001 0.00258452904399745
37.6125000000001 0.00286864513239783
38.3500000000001 0.00357095876354056
39.0875000000001 0.00284903973342873
39.8250000000001 0.0020484778975632
40.5625000000001 0.00202510671285879
41.3000000000001 0.00185626375175372
42.0375000000001 0.00139327082737154
42.7750000000001 0.00126349751492148
43.5125000000001 0.00164846777302679
44.2500000000001 0.00141708342389773
44.9875000000001 0.000921969611015545
45.7250000000001 0.00090128124996283
46.4625000000001 0.000888655922166784
47.2000000000001 0.00064570710079592
47.9375000000001 0.000471532261764888
48.6750000000001 0.000560665991674997
49.4125000000001 0.000513881834780089
50.1500000000001 0.000260300672963283
50.8875000000001 0.000284773966703846
51.6250000000001 0.000339530861430177
52.3625000000001 0.000234995584930289
53.1000000000001 0.000122972254649513
53.8375000000001 5.68107096787293e-05
54.5750000000001 2.4915089209991e-05
55.3125000000001 1.07805526824696e-05
56.0500000000001 4.71100225149972e-06
56.7875000000001 2.13444942232787e-06
57.5250000000001 1.06837551096285e-06
58.2625000000001 6.52911893694032e-07
