-59 2.45174328515631e-06
-58.2625 2.88768530143298e-06
-57.525 4.52741927315982e-06
-56.7875 8.57526658105136e-06
-56.05 1.79129043681472e-05
-55.3125 3.88770837500511e-05
-54.575 8.53565373643131e-05
-53.8375 0.000185454953337945
-53.1 0.000384083312953638
-52.3625 0.00070599211497199
-51.625 0.00099154069655816
-50.8875 0.000879442409495314
-50.15 0.000959506636225637
-49.4125 0.00166408212596492
-48.675 0.00165608076878456
-47.9375 0.00140357360939982
-47.2 0.00184588812792624
-46.4625 0.00237951962231946
-45.725 0.00254435417112294
-44.9875 0.00306387311423559
-44.25 0.00418344182681536
-43.5125 0.00420686234263924
-42.775 0.00315697806237483
-42.0375 0.00328839020500777
-41.3 0.00391210190415471
-40.5625 0.00426617244890124
-39.825 0.00509130164457581
-39.0875 0.00657776810202464
-38.35 0.00687410302485682
-37.6125 0.00528065871250454
-36.875 0.00460514706887264
-36.1375 0.00500677721422011
-35.4 0.00533567734401677
-34.6625 0.00609627952245157
-33.925 0.00768780532786639
-33.1875 0.00831935010911806
-32.45 0.00702798434715453
-31.7125 0.00560006181588308
-30.975 0.00564859880859108
-30.2375 0.0059857470882474
-29.5 0.0064803574596363
-28.7625 0.00777003908878816
-28.025 0.00891334835677557
-27.2875 0.0085983215849466
-26.55 0.00679176192474658
-25.8125 0.00614595638581862
-25.075 0.00656688130959055
-24.3375 0.00705106805022211
-23.6 0.00782540339790312
-22.8625 0.0093829673439985
-22.125 0.01049430123417
-21.3875 0.00927855753156286
-20.65 0.00742384570608838
-19.9125 0.00780573943629283
-19.175 0.00880221893122632
-18.4375 0.00935761213273754
-17.7 0.0108629202412476
-16.9625 0.0139184745063962
-16.225 0.014565644046481
-15.4875 0.0111012985854952
-14.75 0.00995111039578021
-14.0125 0.0114624290589456
-13.275 0.0124674582599008
-12.5375 0.0133251062302085
-11.8 0.0177925725349982
-11.0625 0.0218092248473845
-10.325 0.0187374177586669
-9.58749999999996 0.0138663084512005
-8.84999999999996 0.0143904554235834
-8.11249999999996 0.0159031154818435
-7.37499999999996 0.0160764635117778
-6.63749999999996 0.0193550797989421
-5.89999999999996 0.0267402944405961
-5.16249999999996 0.0272658567643038
-4.42499999999996 0.0197936676997972
-3.68749999999996 0.0167809304002798
-2.94999999999996 0.0180753224501327
-2.21249999999996 0.018069934191287
-1.47499999999996 0.0185969533897878
-0.737499999999961 0.0257942549631467
3.86357612569554e-14 0.0312029363833548
0.737500000000039 0.0257942550322149
1.47500000000004 0.0185969534132749
2.21250000000004 0.0180699342041064
2.95000000000004 0.0180753225061289
3.68750000000004 0.0167809304771953
4.42500000000004 0.0197936677700474
5.16250000000004 0.027265856893946
5.90000000000004 0.0267402946326665
6.63750000000004 0.0193550799404365
7.37500000000004 0.0160764636028738
8.11250000000004 0.0159031155867643
8.85000000000004 0.0143904555340938
9.58750000000004 0.0138663085515262
10.325 0.0187374178997409
11.0625 0.02180922504407
11.8 0.0177925726897513
12.5375 0.0133251063226215
13.275 0.0124674583463062
14.0125 0.011462429130526
14.75 0.00995111043733002
15.4875 0.0111012986326357
16.225 0.014565644121946
16.9625 0.0139184745381216
17.7 0.0108629202288991
18.4375 0.00935761213653684
19.175 0.00880221892478774
19.9125 0.00780573939154963
20.65 0.00742384564512389
21.3875 0.00927855746689119
22.125 0.0104943011103409
22.8625 0.00938296717958478
23.6 0.0078254032864283
24.3375 0.00705106796244253
25.075 0.0065668811954915
25.8125 0.00614595626076116
26.55 0.00679176179433671
27.2875 0.00859832138852052
28.025 0.00891334810953259
28.7625 0.00777003890326785
29.5 0.0064803573345166
30.2375000000001 0.00598574695189973
30.9750000000001 0.00564859867419727
31.7125000000001 0.00560006169686413
32.4500000000001 0.00702798419071908
33.1875 0.00831934990362621
33.9250000000001 0.00768780517087599
34.6625000000001 0.00609627943459743
35.4000000000001 0.00533567725491497
36.1375000000001 0.00500677712711039
36.8750000000001 0.00460514699920747
37.6125000000001 0.00528065862537861
38.3500000000001 0.00687410289495805
39.0875000000001 0.00657776799496024
39.8250000000001 0.00509130158085042
40.5625000000001 0.00426617238635864
41.3000000000001 0.00391210184690063
42.0375000000001 0.00328839017663726
42.7750000000001 0.00315697808242045
43.5125000000001 0.00420686239534177
44.2500000000001 0.00418344187681142
44.9875000000001 0.00306387317136833
45.7250000000001 0.00254435423494662
46.4625000000001 0.00237951964813944
47.2000000000001 0.00184588809295164
47.9375000000001 0.00140357350091621
48.6750000000001 0.00165608060127512
49.4125000000001 0.00166408195670792
50.1500000000001 0.00095950646564511
50.8875000000001 0.000879442210084624
51.6250000000001 0.000991540496777758
52.3625000000001 0.000705991957916442
53.1000000000001 0.000384083215602624
53.8375000000001 0.000185454883270934
54.5750000000001 8.53565307593408e-05
55.3125000000001 3.88771425183367e-05
56.0500000000001 1.7913007377325e-05
56.7875000000001 8.57535206998906e-06
57.5250000000001 4.52744608611683e-06
58.2625000000001 2.88767005255765e-06
