-59 1.66565951512127e-06
-58.2625 2.21111053328113e-06
-57.525 3.96757469980562e-06
-56.7875 8.16446669065734e-06
-56.05 1.76955712555206e-05
-55.3125 3.8895290444956e-05
-54.575 8.54734369543605e-05
-53.8375 0.000185016525875281
-53.1 0.000383248637068942
-52.3625 0.000714884429431293
-51.625 0.00104394715070495
-50.8875 0.00101036268383135
-50.15 0.00118310386766746
-49.4125 0.00189673021505383
-48.675 0.00185824337057029
-47.9375 0.0018040870394736
-47.2 0.00257489173881465
-46.4625 0.00337984040393975
-45.725 0.00371660267904348
-44.9875 0.00463695710161586
-44.25 0.00629694293702444
-43.5125 0.0062070888004604
-42.775 0.00473590813603066
-42.0375 0.0052798664070819
-41.3 0.00661769409361019
-40.5625 0.00736757067086528
-39.825 0.0089149453962958
-39.0875 0.0121347520838179
-38.35 0.0129658858404089
-37.6125 0.00973462518605522
-36.875 0.00856273155792101
-36.1375 0.00985907051714963
-35.4 0.0107175247019083
-34.6625 0.0122531406557606
-33.925 0.0168600153944232
-33.1875 0.0192744871638928
-32.45 0.0156770938765339
-31.7125 0.0119161974057678
-30.975 0.0122362317065517
-30.2375 0.0127690533129185
-29.5 0.0133678574748211
-28.7625 0.0177484037383974
-28.025 0.021920300120087
-27.2875 0.0196653253706004
-26.55 0.0142779552808589
-25.8125 0.012757398015658
-25.075 0.012652559939964
-24.3375 0.012122010759555
-23.6 0.0143092524274717
-22.8625 0.0190091616571891
-22.125 0.0189211033919893
-21.3875 0.0145768789685244
-20.65 0.0116644359145013
-19.9125 0.0109520846727369
-19.175 0.010000331048716
-18.4375 0.0100103484155814
-17.7 0.0130569454614831
-16.9625 0.0146369505428469
-16.225 0.0127431693141723
-15.4875 0.0100366582995405
-14.75 0.00870000925936122
-14.0125 0.00794646869263291
-13.275 0.00747893336213511
-12.5375 0.00856585585463162
-11.8 0.0105317292143445
-11.0625 0.0106203077056187
-10.325 0.00946864550839536
-9.58749999999996 0.00763009142665414
-8.84999999999996 0.00675579283331863
-8.11249999999996 0.00653881731066919
-7.37499999999996 0.00686674610366751
-6.63749999999996 0.00832654298189351
-5.89999999999996 0.00967888466566364
-5.16249999999996 0.0098509270483943
-4.42499999999996 0.00831266764554077
-3.68749999999996 0.00679236211049992
-2.94999999999996 0.00662541609739717
-2.21249999999996 0.00685444008943324
-1.47499999999996 0.00769183612378346
-0.737499999999961 0.00972826808337728
3.86357612569554e-14 0.010880558300621
0.737500000000039 0.0100743296579892
1.47500000000004 0.00785578488980735
2.21250000000004 0.00708006169964528
2.95000000000004 0.00715250448359381
3.68750000000004 0.00744737000863214
4.42500000000004 0.00901218861354835
5.16250000000004 0.0110782102081605
5.90000000000004 0.0112235142466831
6.63750000000004 0.00939582599057894
7.37500000000004 0.00769505224338189
8.11250000000004 0.00754204391123422
8.85000000000004 0.00776609573129395
9.58750000000004 0.008585935228322
10.325 0.0109160370218955
11.0625 0.0124420223707425
11.8 0.0118527576324914
12.5375 0.00940481359181911
13.275 0.00833745395170963
14.0125 0.00867184140310873
14.75 0.00917984481494421
15.4875 0.0106648229474474
16.225 0.0136167708101152
16.9625 0.0151167634504782
17.7 0.0131610946163486
18.4375 0.0101942016219088
19.175 0.0100492599608216
19.9125 0.0106891634301035
20.65 0.0112768799516181
21.3875 0.014141621425719
22.125 0.0180492684360714
22.8625 0.0178999839826317
23.6 0.013513835758567
24.3375 0.0114283434557264
25.075 0.0117629298104262
25.8125 0.0117320156941058
26.55 0.0130706690311373
27.2875 0.0179220292690135
28.025 0.0199029985194679
28.7625 0.016092390393351
29.5 0.0121145224488942
30.2375000000001 0.0115510758565148
30.9750000000001 0.011017643097554
31.7125000000001 0.0106596507439106
32.4500000000001 0.0139938120066155
33.1875 0.0172113476018904
33.9250000000001 0.0149789167011485
34.6625000000001 0.0108215224425116
35.4000000000001 0.00948725643232902
36.1375000000001 0.00871544058128602
36.8750000000001 0.00752145718961672
37.6125000000001 0.00853194773708637
38.3500000000001 0.0113785971810563
39.0875000000001 0.0105758759670102
39.8250000000001 0.00769795963080072
40.5625000000001 0.00638835643968308
41.3000000000001 0.00574200376756877
42.0375000000001 0.00454221537479293
42.7750000000001 0.00402438441232622
43.5125000000001 0.00524994043603125
44.2500000000001 0.00528887545136569
44.9875000000001 0.00385238817368109
45.7250000000001 0.00310277653162701
46.4625000000001 0.00283578362161427
47.2000000000001 0.00215259675188222
47.9375000000001 0.00149293029452791
48.6750000000001 0.00151326365724533
49.4125000000001 0.00153582896739901
50.1500000000001 0.000951952949460202
50.8875000000001 0.000813649039768987
51.6250000000001 0.000840972220432192
52.3625000000001 0.000572000130285688
53.1000000000001 0.000304688601000489
53.8375000000001 0.000146507515097779
54.5750000000001 6.75647687660377e-05
55.3125000000001 3.07485231837675e-05
56.0500000000001 1.40295639735561e-05
56.7875000000001 6.53439083068327e-06
57.5250000000001 3.26220857498383e-06
58.2625000000001 1.94768557474769e-06
