-59 8.39039783959581e-09
-58.2625 7.33727432261041e-07
-57.525 3.53209661566754e-06
-56.7875 1.03426012105823e-05
-56.05 2.57683071211252e-05
-55.3125 5.97205390493967e-05
-54.575 0.000133289679554608
-53.8375 0.000288080106724808
-53.1 0.000587988449058026
-52.3625 0.00106458090890245
-51.625 0.00149853108447706
-50.8875 0.00144450782344588
-50.15 0.00170619814415311
-49.4125 0.00266920017041264
-48.675 0.0025077374310757
-47.9375 0.00209683025292601
-47.2 0.00269829735788895
-46.4625 0.00338310301022982
-45.725 0.00380375723017183
-44.9875 0.00511371392051007
-44.25 0.00660704345677149
-43.5125 0.00596484233837506
-42.775 0.00428874386472336
-42.0375 0.00432980740304308
-41.3 0.00479554691637461
-40.5625 0.00514392018869089
-39.825 0.00689050641486643
-39.0875 0.00887521174653617
-38.35 0.00815768783591832
-37.6125 0.00579388881365106
-36.875 0.00513290240048517
-36.1375 0.00523285256332432
-35.4 0.00528824930874046
-34.6625 0.00662632679659457
-33.925 0.00853448503504512
-33.1875 0.0082229925612968
-32.45 0.00643253441855466
-31.7125 0.00529194344019475
-30.975 0.00513283486391216
-30.2375 0.00525582770849017
-29.5 0.00607428296469089
-28.7625 0.00756719484510043
-28.025 0.00830083788094552
-27.2875 0.00827403470593818
-26.55 0.00690821075674666
-25.8125 0.006059246934954
-25.075 0.00665732044966633
-24.3375 0.00754700985922258
-23.6 0.0085742224903767
-22.8625 0.0108232528952253
-22.125 0.0131420595017405
-21.3875 0.0120581489431685
-20.65 0.0091550102595727
-19.9125 0.0094775332506755
-19.175 0.0106953384846666
-18.4375 0.0112177371090205
-17.7 0.013851693297591
-16.9625 0.0187697044497964
-16.225 0.0190057561627124
-15.4875 0.0138977850899743
-14.75 0.012114413192471
-14.0125 0.0131680134357379
-13.275 0.013292128088775
-12.5375 0.0144842425846099
-11.8 0.0203210115172962
-11.0625 0.0230954764623856
-10.325 0.0184268128704556
-9.58749999999996 0.0137715272248539
-8.84999999999996 0.0137437493411057
-8.11249999999996 0.013651810539048
-7.37499999999996 0.0131294109725136
-6.63749999999996 0.0164704914684671
-5.89999999999996 0.0212034554541668
-5.16249999999996 0.0197438462183113
-4.42499999999996 0.0144975713612622
-3.68749999999996 0.0126919834859259
-2.94999999999996 0.0129298902564238
-2.21249999999996 0.0124404634336426
-1.47499999999996 0.0129714532385432
-0.737499999999961 0.0172364763616832
3.86357612569554e-14 0.0197911782518279
0.737500000000039 0.0170778947331893
1.47500000000004 0.0129030667893459
2.21250000000004 0.012377958150319
2.95000000000004 0.0127763878010504
3.68750000000004 0.0125160402371934
4.42500000000004 0.0143111588006152
5.16250000000004 0.0193592511295669
5.90000000000004 0.0207470031700025
6.63750000000004 0.0162130411721356
7.37500000000004 0.012944963194633
8.11250000000004 0.0134486174704002
8.85000000000004 0.0135976265605215
9.58750000000004 0.0136491004781943
10.325 0.0181794243909529
11.0625 0.0229061205807298
11.8 0.0203519070252428
12.5375 0.0145207476964642
13.275 0.0132922025999418
14.0125 0.0132573711177211
14.75 0.0122582921120748
15.4875 0.0140161257598469
16.225 0.0192920970844588
16.9625 0.0192440426128556
17.7 0.0141929136835545
18.4375 0.0114265506313336
19.175 0.0109401333081072
19.9125 0.00970877729668974
20.65 0.00934471016644878
21.3875 0.0123959619329853
22.125 0.0135713614621736
22.8625 0.0110311900448089
23.6 0.00865152874036326
24.3375 0.00766954457494028
25.075 0.00671087733927742
25.8125 0.00602468934992302
26.55 0.00693080857444258
27.2875 0.00825661308408765
28.025 0.00802843060750462
28.7625 0.00729130485056389
29.5 0.00594709082550057
30.2375000000001 0.00509313555342775
30.9750000000001 0.00492074879608748
31.7125000000001 0.00511012698855719
32.4500000000001 0.00615912486578851
33.1875 0.00775522698325101
33.9250000000001 0.00817801601211728
34.6625000000001 0.00646709889226824
35.4000000000001 0.00510528411451712
36.1375000000001 0.00506032939540696
36.8750000000001 0.0050364825532818
37.6125000000001 0.00566797336177662
38.3500000000001 0.00796969394978859
39.0875000000001 0.00884632293058944
39.8250000000001 0.00698474037770399
40.5625000000001 0.00515724345515882
41.3000000000001 0.00481074226714216
42.0375000000001 0.00440573276571726
42.7750000000001 0.00435064088476677
43.5125000000001 0.00601487906285687
44.2500000000001 0.00679320330798712
44.9875000000001 0.00534686386738943
45.7250000000001 0.00395044222682988
46.4625000000001 0.00350605433574036
47.2000000000001 0.00282904477224645
47.9375000000001 0.00219349181931896
48.6750000000001 0.00258448035839107
49.4125000000001 0.00279913680510191
50.1500000000001 0.00179891867629402
50.8875000000001 0.00150127702565872
51.6250000000001 0.00157030558576724
52.3625000000001 0.00111557380660084
53.1000000000001 0.000614382841231904
53.8375000000001 0.000301218592671231
54.5750000000001 0.000139739410255134
55.3125000000001 6.27941840528769e-05
56.0500000000001 2.72158763036863e-05
56.7875000000001 1.10309746411207e-05
57.5250000000001 3.84792362338827e-06
58.2625000000001 8.55251310076524e-07
