-59 2.58165195488079e-07
-58.2625 3.92563536326436e-07
-57.525 1.16233300887112e-06
-56.7875 3.07457519006651e-06
-56.05 7.36902755753911e-06
-55.3125 1.6736981292486e-05
-54.575 3.68442441436585e-05
-53.8375 7.88857888762993e-05
-53.1 0.000161196320239575
-52.3625 0.000296846139406463
-51.625 0.000424457605403827
-50.8875 0.000398655187855254
-50.15 0.000481547615591686
-49.4125 0.000776161217951152
-48.675 0.000746764439433776
-47.9375 0.000726925902981268
-47.2 0.0010162813863635
-46.4625 0.0013096735044692
-45.725 0.00144511441612653
-44.9875 0.00177864224210679
-44.25 0.00233023656550143
-43.5125 0.00227791193842943
-42.775 0.00178747590556955
-42.0375 0.001973532494895
-41.3 0.00243850461679861
-40.5625 0.0027959867499239
-39.825 0.00335342641357536
-39.0875 0.00423730300711578
-38.35 0.00451295950961636
-37.6125 0.00354366336250985
-36.875 0.00307598920239393
-36.1375 0.00345486346494786
-35.4 0.00386024715149363
-34.6625 0.00444268184055266
-33.925 0.00566266340954953
-33.1875 0.00640761213665441
-32.45 0.00557860211284394
-31.7125 0.00444333380485198
-30.975 0.00471897988055571
-30.2375 0.00531727999237839
-29.5 0.00578556759317822
-28.7625 0.00709546259532443
-28.025 0.00886087388462746
-27.2875 0.00877478738409902
-26.55 0.00672787319213638
-25.8125 0.00635439643977809
-25.075 0.00730844510739291
-24.3375 0.00794195818326657
-23.6 0.00897241246180797
-22.8625 0.0120450230263014
-22.125 0.0137789014994746
-21.3875 0.0113152327402492
-20.65 0.00894632572030652
-19.9125 0.00979063691690805
-19.175 0.0108907825549091
-18.4375 0.0114700269142105
-17.7 0.0146642570551859
-16.9625 0.0192709214223082
-16.225 0.018453330477068
-15.4875 0.0133246958819742
-14.75 0.0121258802284863
-14.0125 0.013438233867086
-13.275 0.0139446030819056
-12.5375 0.0156898292467331
-11.8 0.021949841183362
-11.0625 0.0250484056979577
-10.325 0.0200554438029889
-9.58749999999996 0.0149849544960978
-8.84999999999996 0.0151931987266254
-8.11249999999996 0.0157640693930808
-7.37499999999996 0.0157398736960221
-6.63749999999996 0.0198642895698083
-5.89999999999996 0.0265083926330635
-5.16249999999996 0.0255811376854336
-4.42499999999996 0.0185405821311225
-3.68749999999996 0.0159587100747849
-2.94999999999996 0.0167699324607081
-2.21249999999996 0.0165961126047085
-1.47499999999996 0.0173631353672735
-0.737499999999961 0.0238379616269134
3.86357612569554e-14 0.0285759732892521
0.737500000000039 0.0241351262792883
1.47500000000004 0.017516990221461
2.21250000000004 0.0167982670617264
2.95000000000004 0.0172329386604958
3.68750000000004 0.0165447007569117
4.42500000000004 0.019200622535971
5.16250000000004 0.0267319614073352
5.90000000000004 0.0279427651913131
6.63750000000004 0.0208667281477261
7.37500000000004 0.0164629253783998
8.11250000000004 0.0165797101061673
8.85000000000004 0.0159911612344929
9.58750000000004 0.0157193116981665
10.325 0.0211879615386983
11.0625 0.026524846518272
11.8 0.0230063851115806
12.5375 0.0163221156814384
13.275 0.0145289325265492
14.0125 0.0138411417836598
14.75 0.0122622281937152
15.4875 0.0134962816812113
16.225 0.0187273453783098
16.9625 0.0191226447235817
17.7 0.0142813269759962
18.4375 0.0112821612564581
19.175 0.0105767540795488
19.9125 0.00918999255892498
20.65 0.00824856029910347
21.3875 0.0104775658656695
22.125 0.012349984560276
22.8625 0.0104335484139596
23.6 0.0079065160872895
24.3375 0.00706537507227646
25.075 0.00629639609844764
25.8125 0.00537238158424855
26.55 0.00572728743327076
27.2875 0.00724492729570134
28.025 0.00707945921024177
28.7625 0.00585153899412321
29.5 0.00492720702494574
30.2375000000001 0.00446532035672624
30.9750000000001 0.00401222166695064
31.7125000000001 0.00389257734626873
32.4500000000001 0.00482160326391652
33.1875 0.00556230509862809
33.9250000000001 0.00518971060614548
34.6625000000001 0.0041875923992427
35.4000000000001 0.00360296867029497
36.1375000000001 0.00336638073417733
36.8750000000001 0.00317418849618449
37.6125000000001 0.00367883251849159
38.3500000000001 0.00481109386403438
39.0875000000001 0.00480078283766129
39.8250000000001 0.00381511865087097
40.5625000000001 0.00305005030827274
41.3000000000001 0.00273386581856225
42.0375000000001 0.00235141799767931
42.7750000000001 0.00229790667885734
43.5125000000001 0.00308336895337378
44.2500000000001 0.0032204985948312
44.9875000000001 0.00248205516585974
45.7250000000001 0.00196770821588831
46.4625000000001 0.00175760831323549
47.2000000000001 0.00136569567345804
47.9375000000001 0.00099623256357854
48.6750000000001 0.00107362949394375
49.4125000000001 0.00111769417282969
50.1500000000001 0.000695213668682381
50.8875000000001 0.000581932154214525
51.6250000000001 0.000614448875779169
52.3625000000001 0.000433038437671164
53.1000000000001 0.000237508166932926
53.8375000000001 0.000116744010083853
54.5750000000001 5.46614032810151e-05
55.3125000000001 2.4971494700973e-05
56.0500000000001 1.11330246828495e-05
56.7875000000001 4.76517350836073e-06
57.5250000000001 1.89920640867153e-06
58.2625000000001 6.69556295162276e-07
