-59 4.87233750839257e-06
-58.2625 5.79969222024484e-06
-57.525 9.14454625935481e-06
-56.7875 1.71056007394509e-05
-56.05 3.47487807429808e-05
-55.3125 7.27975702746494e-05
-54.575 0.000153618208424121
-53.8375 0.000320127889123119
-53.1 0.000636209003216174
-52.3625 0.00112963389907577
-51.625 0.00157595259409218
-50.8875 0.00158702105548645
-50.15 0.00198263071435618
-49.4125 0.00289990679028834
-48.675 0.00260988586338609
-47.9375 0.00224687847781346
-47.2 0.00290152549640976
-46.4625 0.00361118606011885
-45.725 0.00420131515850531
-44.9875 0.005749854618395
-44.25 0.00715493664321092
-43.5125 0.00627306501742972
-42.775 0.00461110424346148
-42.0375 0.00479293368944921
-41.3 0.00540502796171331
-40.5625 0.00596450473584994
-39.825 0.00791524463571508
-39.0875 0.0100517695558646
-38.35 0.0095218521720186
-37.6125 0.00698953990017174
-36.875 0.00620776693666596
-36.1375 0.00661835516415726
-35.4 0.00697401718147534
-34.6625 0.0083879781034814
-33.925 0.0108815521783396
-33.1875 0.0115251318824277
-32.45 0.00947679090061881
-31.7125 0.00738999257498634
-30.975 0.00730700504803544
-30.2375 0.00765316679786007
-29.5 0.00841743489091454
-28.7625 0.0109650521666396
-28.025 0.0132826717985532
-27.2875 0.0125236023329539
-26.55 0.00940872145011015
-25.8125 0.00802108132336594
-25.075 0.00797807092646867
-24.3375 0.00793072935676649
-23.6 0.00933606844781713
-22.8625 0.0124026663037886
-22.125 0.012905664417025
-21.3875 0.0104006173073249
-20.65 0.00814735766939128
-19.9125 0.00780834609156609
-19.175 0.007700004173523
-18.4375 0.00805151027504613
-17.7 0.010236800467289
-16.9625 0.012096405024503
-16.225 0.0116106166340314
-15.4875 0.00922700838561135
-14.75 0.0080798328647286
-14.0125 0.0085697177031693
-13.275 0.00919788947309887
-12.5375 0.0103300973018473
-11.8 0.0134528257718646
-11.0625 0.0160836413126712
-10.325 0.0146850299182833
-9.58749999999996 0.0110692100977169
-8.84999999999996 0.0110736312322257
-8.11249999999996 0.0123138472834311
-7.37499999999996 0.012780998270952
-6.63749999999996 0.0154538325405062
-5.89999999999996 0.021335311832185
-5.16249999999996 0.0223751687279556
-4.42499999999996 0.0167019690350577
-3.68749999999996 0.0139055106823637
-2.94999999999996 0.0150060037265292
-2.21249999999996 0.0151853084983314
-1.47499999999996 0.015844710366537
-0.737499999999961 0.0221450925659902
3.86357612569554e-14 0.0266010977876235
0.737500000000039 0.0220368071205859
1.47500000000004 0.0157397964400877
2.21250000000004 0.0150282738739385
2.95000000000004 0.0147688511579763
3.68750000000004 0.0136356847036604
4.42500000000004 0.0163295699294755
5.16250000000004 0.0217585597866608
5.90000000000004 0.0206626063288903
6.63750000000004 0.0149942117304024
7.37500000000004 0.012409033767613
8.11250000000004 0.0119424932187968
8.85000000000004 0.0107665986328529
9.58750000000004 0.0107491760687995
10.325 0.014168929162634
11.0625 0.0155757741629236
11.8 0.0131318362872204
12.5375 0.0100793986260879
13.275 0.00895421470069819
14.0125 0.0083734689258113
14.75 0.0079147856173742
15.4875 0.00903524280461407
16.225 0.0114248539613428
16.9625 0.0119148029619536
17.7 0.0100567433596717
18.4375 0.00789641364851792
19.175 0.00753215952298481
19.9125 0.00762889492047956
20.65 0.00799224665835885
21.3875 0.0102448117471105
22.125 0.0126470043739618
22.8625 0.0121458614383608
23.6 0.00919530405553679
24.3375 0.00779046782996498
25.075 0.00783378492313704
25.8125 0.00794172256849867
26.55 0.00935345138100288
27.2875 0.0123898699448925
28.025 0.0132418123135192
28.7625 0.0110646212272929
29.5 0.0084692349286881
30.2375000000001 0.0076956108424167
30.9750000000001 0.00742611705630069
31.7125000000001 0.00756252166876318
32.4500000000001 0.00969315503458114
33.1875 0.0119054821847562
33.9250000000001 0.0113246264055666
34.6625000000001 0.00867676365192634
35.4000000000001 0.00720753973394944
36.1375000000001 0.00687500588003831
36.8750000000001 0.00645358298767217
37.6125000000001 0.00729786641628662
38.3500000000001 0.0100054839603845
39.0875000000001 0.0105100111028859
39.8250000000001 0.00818369976090503
40.5625000000001 0.0061861178573822
41.3000000000001 0.00561436037764421
42.0375000000001 0.0049253432687073
42.7750000000001 0.00471552139319657
43.5125000000001 0.00643755176459395
44.2500000000001 0.00724630125807116
44.9875000000001 0.00572993076891561
45.7250000000001 0.0042028938021359
46.4625000000001 0.00363136656357743
47.2000000000001 0.00289291055838898
47.9375000000001 0.00224192782398232
48.6750000000001 0.00262927240655999
49.4125000000001 0.0028781575464218
50.1500000000001 0.00196066416097169
50.8875000000001 0.00158442745557958
51.6250000000001 0.00156279787924692
52.3625000000001 0.00112078392799322
53.1000000000001 0.0006330297277071
53.8375000000001 0.000318397000287187
54.5750000000001 0.000152449790315977
55.3125000000001 7.2093570922353e-05
56.0500000000001 3.43440777413555e-05
56.7875000000001 1.68633127872348e-05
57.5250000000001 9.00915177672083e-06
58.2625000000001 5.74033114181812e-06
