-59 7.10780621051262e-08
-58.2625 7.03535944887642e-08
-57.525 6.93548850897125e-08
-56.7875 6.90156141064962e-08
-56.05 7.3611839706836e-08
-55.3125 9.10311451275407e-08
-54.575 1.43764430027743e-07
-53.8375 3.08750878127523e-07
-53.1 8.17525570638895e-07
-52.3625 2.27014763726721e-06
-51.625 5.72679815202298e-06
-50.8875 1.04779045131076e-05
-50.15 1.29155940655543e-05
-49.4125 1.25873688565346e-05
-48.675 9.14110571560076e-06
-47.9375 6.07011717406911e-06
-47.2 9.9229115109682e-06
-46.4625 2.48050981211496e-05
-45.725 4.87871970011221e-05
-44.9875 6.135258575112e-05
-44.25 6.10368404479685e-05
-43.5125 5.44530936358014e-05
-42.775 3.38945910993825e-05
-42.0375 3.28487803021658e-05
-41.3 8.0903994941986e-05
-40.5625 0.000184280619155972
-39.825 0.000264023569132084
-39.0875 0.000255816642647324
-38.35 0.000250757318221082
-37.6125 0.000195073365769015
-36.875 0.000137378792680863
-36.1375 0.000259787446966035
-35.4 0.000642111841765286
-34.6625 0.0010759398638877
-33.925 0.0011034605222044
-33.1875 0.00105826425373531
-32.45 0.000948070761867015
-31.7125 0.000615161431663486
-30.975 0.000842088708358243
-30.2375 0.0022633765533193
-29.5 0.0050596813072507
-28.7625 0.00759498237613466
-28.025 0.00818344962266973
-27.2875 0.0067828107334504
-26.55 0.00372165357519095
-25.8125 0.00170495039791466
-25.075 0.00252636365308362
-24.3375 0.00695292791657455
-23.6 0.0141284171923011
-22.8625 0.018762634033612
-22.125 0.0183311124478178
-21.3875 0.0130614222157066
-20.65 0.00620336359978211
-19.9125 0.00365603997731061
-19.175 0.00721968207195258
-18.4375 0.0162891430026746
-17.7 0.0231756473899593
-16.9625 0.0232086263672517
-16.225 0.0232375487697696
-15.4875 0.0177403983012479
-14.75 0.00891901961272526
-14.0125 0.00725208316899614
-13.275 0.0151176474515754
-12.5375 0.0261872451049332
-11.8 0.0244455742525365
-11.0625 0.0216601193279018
-10.325 0.0272781649686567
-9.58749999999996 0.0206017398455979
-8.84999999999996 0.00966507360751379
-8.11249999999996 0.00806562089101992
-7.37499999999996 0.0177672824654503
-6.63749999999996 0.0323982912868775
-5.89999999999996 0.0384464803471357
-5.16249999999996 0.0372044098068777
-4.42499999999996 0.0283100018936188
-3.68749999999996 0.0136813676939048
-2.94999999999996 0.00525174033611685
-2.21249999999996 0.00641924093483157
-1.47499999999996 0.0195295196797516
-0.737499999999961 0.0429263945554858
3.86357612569554e-14 0.0558291514884067
0.737500000000039 0.0428383873486475
1.47500000000004 0.0194603890854705
2.21250000000004 0.00638968022743558
2.95000000000004 0.00524095804039881
3.68750000000004 0.0137009741113328
4.42500000000004 0.0284536608265058
5.16250000000004 0.037535029164787
5.90000000000004 0.0387264787912824
6.63750000000004 0.0324552034240407
7.37500000000004 0.017735056592569
8.11250000000004 0.00804682189839658
8.85000000000004 0.0096805434827416
9.58750000000004 0.0206632564630206
10.325 0.0273506115518874
11.0625 0.0216652121785392
11.8 0.0244306815413204
12.5375 0.0262114874374185
13.275 0.0151436765066818
14.0125 0.00728000056977019
14.75 0.00899487154952934
15.4875 0.017894228143047
16.225 0.0233788374546475
16.9625 0.0232811908700559
17.7 0.023276573984237
18.4375 0.0163992117842696
19.175 0.00727415372262974
19.9125 0.00366942051646412
20.65 0.0062278774148535
21.3875 0.0132066676456866
22.125 0.0186589653861754
22.8625 0.0190756030428863
23.6 0.0142578157897763
24.3375 0.00697359165548815
25.075 0.00252226654080374
25.8125 0.00168478547421069
26.55 0.0036663075947272
27.2875 0.00669657003984216
28.025 0.00809110668915375
28.7625 0.00749162621113528
29.5 0.00497264284008
30.2375000000001 0.00222014060079222
30.9750000000001 0.000823851893781237
31.7125000000001 0.000596516561087331
32.4500000000001 0.000919561057821366
33.1875 0.00103335217524106
33.9250000000001 0.00107629848181319
34.6625000000001 0.00104197041187062
35.4000000000001 0.000620421573816288
36.1375000000001 0.000249756459466076
36.8750000000001 0.000125761963943302
37.6125000000001 0.000174373827498894
38.3500000000001 0.000232890479599338
39.0875000000001 0.000242856415349763
39.8250000000001 0.000242265594653901
40.5625000000001 0.000164398932501286
41.3000000000001 7.15379195478439e-05
42.0375000000001 2.89340957180678e-05
42.7750000000001 2.90688491787136e-05
43.5125000000001 4.53376393672052e-05
44.2500000000001 4.92722358261074e-05
44.9875000000001 4.96279729390997e-05
45.7250000000001 4.06114951444213e-05
46.4625000000001 2.12288232711096e-05
47.2000000000001 8.88241712265464e-06
47.9375000000001 6.02589926998803e-06
48.6750000000001 9.21393294388354e-06
49.4125000000001 1.19358164123549e-05
50.1500000000001 1.1901015509859e-05
50.8875000000001 1.0198111098203e-05
51.6250000000001 5.88772202718596e-06
52.3625000000001 2.40724855273998e-06
53.1000000000001 8.81759946182724e-07
53.8375000000001 3.34273374564584e-07
54.5750000000001 1.53671123031892e-07
55.3125000000001 9.64162035625748e-08
56.0500000000001 7.98054191657232e-08
56.7875000000001 7.55301093795112e-08
57.5250000000001 7.40407828824735e-08
58.2625000000001 7.26998706234661e-08
