-59 5.43540511832495e-10
-58.2625 6.64186214488328e-10
-57.525 1.32240050705112e-09
-56.7875 3.47216663890307e-09
-56.05 1.03284320518506e-08
-55.3125 3.17466229067352e-08
-54.575 9.83250110634187e-08
-53.8375 2.97567054473536e-07
-53.1 8.63145156282614e-07
-52.3625 2.28174142479586e-06
-51.625 4.92685761190874e-06
-50.8875 6.6396099799714e-06
-50.15 5.49351010635492e-06
-49.4125 6.1340127682386e-06
-48.675 6.48952358788241e-06
-47.9375 4.66513349345227e-06
-47.2 6.73911548386242e-06
-46.4625 1.59608220716824e-05
-45.725 2.79184158768094e-05
-44.9875 2.73484447961656e-05
-44.25 2.52310795361999e-05
-43.5125 2.92648856483268e-05
-42.775 2.01794708731501e-05
-42.0375 1.518199671828e-05
-41.3 3.45993834701367e-05
-40.5625 8.61669834322791e-05
-39.825 0.000142970954000852
-39.0875 0.000155786679966322
-38.35 0.000135099806036261
-37.6125 8.45086593796e-05
-36.875 5.05934638641836e-05
-36.1375 0.00011063026238342
-35.4 0.00034166456708756
-34.6625 0.00076772666329932
-33.925 0.00106293769696738
-33.1875 0.000934513691387241
-32.45 0.000565047316945938
-31.7125 0.000368569153325895
-30.975 0.000741930049185574
-30.2375 0.00201806474375929
-29.5 0.00411563343855703
-28.7625 0.00537844980011364
-28.025 0.0054216699500956
-27.2875 0.00496021596257608
-26.55 0.00312790959466661
-25.8125 0.00182183690760448
-25.075 0.00304272393825027
-24.3375 0.00686253497777698
-23.6 0.00936673968075842
-22.8625 0.00653416361746842
-22.125 0.00693893395636924
-21.3875 0.00941037405993149
-20.65 0.00624303198580002
-19.9125 0.00342313675021985
-19.175 0.00535105197115774
-18.4375 0.0120701981003214
-17.7 0.0180135284404835
-16.9625 0.0188153999607956
-16.225 0.0182499610631313
-15.4875 0.0131808713636899
-14.75 0.00585800134404129
-14.0125 0.00305973011692375
-13.275 0.00708579206282741
-12.5375 0.0207398736142608
-11.8 0.0393404395268214
-11.0625 0.0440645456582028
-10.325 0.0291083437344871
-9.58749999999996 0.0115161016151585
-8.84999999999996 0.00391746664432436
-8.11249999999996 0.00569091547830632
-7.37499999999996 0.017486439437057
-6.63749999999996 0.0392628663992414
-5.89999999999996 0.056487191331059
-5.16249999999996 0.0532897993604771
-4.42499999999996 0.0323115622272517
-3.68749999999996 0.0126819787109667
-2.94999999999996 0.00602104130499319
-2.21249999999996 0.0122131603903302
-1.47499999999996 0.0305286661073549
-0.737499999999961 0.0499379000881955
3.86357612569554e-14 0.0563756887647264
0.737500000000039 0.0499374171884773
1.47500000000004 0.0305340133742521
2.21250000000004 0.01221457335612
2.95000000000004 0.00600543705742505
3.68750000000004 0.0126357922856749
4.42500000000004 0.032246809940933
5.16250000000004 0.0532562510780145
5.90000000000004 0.0564611488726475
6.63750000000004 0.0392064168332799
7.37500000000004 0.0174395781920919
8.11250000000004 0.00566108035044164
8.85000000000004 0.00387306829311023
9.58750000000004 0.0114314557938374
10.325 0.0290214872582373
11.0625 0.0440230968569566
11.8 0.0392735724504699
12.5375 0.0206414157215801
13.275 0.00702415486688146
14.0125 0.00302773425846803
14.75 0.00581568636971055
15.4875 0.013099126461522
16.225 0.0181455459026468
16.9625 0.018713170025453
17.7 0.0179179990887238
18.4375 0.0120090835005143
19.175 0.00532912556025504
19.9125 0.00341956313590747
20.65 0.00622869341522384
21.3875 0.00933272616823716
22.125 0.00678284711128034
22.8625 0.00640400660963394
23.6 0.00932653553300344
24.3375 0.00686527778354547
25.075 0.00305263991666132
25.8125 0.00183232026910009
26.55 0.00312024390348461
27.2875 0.00488369088237844
28.025 0.0053001534238578
28.7625 0.00532742912033608
29.5 0.00413721266156617
30.2375000000001 0.0020438485516198
30.9750000000001 0.000755650279330562
31.7125000000001 0.000376621589998438
32.4500000000001 0.000568854281283476
33.1875 0.000928868404278834
33.9250000000001 0.00105849888018093
34.6625000000001 0.000773387206404917
35.4000000000001 0.000348450145962379
36.1375000000001 0.000113976527046238
36.8750000000001 5.1689705308376e-05
37.6125000000001 8.47448861092172e-05
38.3500000000001 0.000135379695927959
39.0875000000001 0.000156674319971443
39.8250000000001 0.000144073674186566
40.5625000000001 8.68410115335779e-05
41.3000000000001 3.48784971214862e-05
42.0375000000001 1.50962253717035e-05
42.7750000000001 1.96056203645888e-05
43.5125000000001 2.8542970572536e-05
44.2500000000001 2.49113127457503e-05
44.9875000000001 2.69236723483324e-05
45.7250000000001 2.72448947795972e-05
46.4625000000001 1.5547260389333e-05
47.2000000000001 6.56229844970097e-06
47.9375000000001 4.46118002585301e-06
48.6750000000001 6.07055004962972e-06
49.4125000000001 5.59993626766006e-06
50.1500000000001 4.96476830809618e-06
50.8875000000001 6.16699385182946e-06
51.6250000000001 4.63896407562107e-06
52.3625000000001 2.1600585809691e-06
53.1000000000001 8.2011303871736e-07
53.8375000000001 2.83931613548335e-07
54.5750000000001 9.46795126004838e-08
55.3125000000001 3.13254094939451e-08
56.0500000000001 1.06843196702778e-08
56.7875000000001 3.84744285137537e-09
57.5250000000001 1.55966877520997e-09
58.2625000000001 7.68629189871358e-10
