-59 4.36103004906455e-08
-58.2625 4.34565802102795e-08
-57.525 4.44458581323505e-08
-56.7875 4.93118749932371e-08
-56.05 6.98059399460403e-08
-55.3125 1.40508165343837e-07
-54.575 3.71504554594591e-07
-53.8375 1.08664709127303e-06
-53.1 3.21820747827678e-06
-52.3625 9.03182788429562e-06
-51.625 2.16162053536095e-05
-50.8875 3.55374500486176e-05
-50.15 3.98017380212785e-05
-49.4125 4.17458006340122e-05
-48.675 3.59670184570406e-05
-47.9375 3.05592326544798e-05
-47.2 5.67036674211005e-05
-46.4625 0.000136295558691189
-45.725 0.000257227175873242
-44.9875 0.000320470374914389
-44.25 0.000333224053953361
-43.5125 0.000309750925933395
-42.775 0.000187666721015819
-42.0375 0.000155611305366612
-41.3 0.000356489076155242
-40.5625 0.000782270974426573
-39.825 0.00103846090326321
-39.0875 0.000952796338837614
-38.35 0.00106013516265004
-37.6125 0.000912755907350595
-36.875 0.000562383706138818
-36.1375 0.000823636452044471
-35.4 0.00190140853816981
-34.6625 0.00288748498720714
-33.925 0.00241529514440721
-33.1875 0.00247547022693806
-32.45 0.00296294377503146
-31.7125 0.00203318072723455
-30.975 0.00194677740407134
-30.2375 0.00417582497203431
-29.5 0.00746230790433744
-28.7625 0.00713904888821396
-28.025 0.00569502365257336
-27.2875 0.00778681413304179
-26.55 0.00682036557684311
-25.8125 0.00380838589511469
-25.075 0.00440090805218625
-24.3375 0.00959001741255788
-23.6 0.0143876051786933
-22.8625 0.0119320937727876
-22.125 0.0119939359273068
-21.3875 0.0143157028082072
-20.65 0.00928303899873069
-19.9125 0.00502923131852798
-19.175 0.00748931241994014
-18.4375 0.0161469371967721
-17.7 0.0223146993301062
-16.9625 0.0215082226126441
-16.225 0.0224930262265125
-15.4875 0.0183980706237361
-14.75 0.0092419864315175
-14.0125 0.00591904348035796
-13.275 0.0112068574418332
-12.5375 0.0222224905381187
-11.8 0.0280453718508293
-11.0625 0.0285348304622617
-10.325 0.0266315828213694
-9.58749999999996 0.016578427568654
-8.84999999999996 0.00806983149895667
-8.11249999999996 0.00895226147862405
-7.37499999999996 0.0193172468509676
-6.63749999999996 0.0300468362023165
-5.89999999999996 0.0300013824352667
-5.16249999999996 0.0308280327402862
-4.42499999999996 0.0282891397211899
-3.68749999999996 0.0158873331324544
-2.94999999999996 0.00895914695994973
-2.21249999999996 0.0139312485204789
-1.47499999999996 0.0276702523282413
-0.737499999999961 0.0336297451711636
3.86357612569554e-14 0.0305073414843887
0.737500000000039 0.0338115613621027
1.47500000000004 0.027772295236604
2.21250000000004 0.0139329861373945
2.95000000000004 0.00895970398458346
3.68750000000004 0.0159628835969456
4.42500000000004 0.0285817218721891
5.16250000000004 0.0316345750664314
5.90000000000004 0.0312704332522988
6.63750000000004 0.0310822965240249
7.37500000000004 0.0197589666331251
8.11250000000004 0.00902575166140853
8.85000000000004 0.0079246980656403
9.58750000000004 0.0161678901034764
10.325 0.0260366586187056
11.0625 0.0282053008983161
11.8 0.0280680579299729
12.5375 0.0222747933147381
13.275 0.0112016500835826
14.0125 0.00582363299032948
14.75 0.00891005646678181
15.4875 0.0177391282638386
16.225 0.021852564296584
16.9625 0.0210392791447388
17.7 0.0216998023134782
18.4375 0.0155911884667633
19.175 0.00721956644268653
19.9125 0.00493061040431498
20.65 0.00925783329655285
21.3875 0.0145196165742719
22.125 0.0125802667052782
22.8625 0.0123663635341729
23.6 0.0143278073328883
24.3375 0.00939655706856704
25.075 0.00430155988401581
25.8125 0.0038314848043224
26.55 0.00702589552383128
27.2875 0.00824214605640582
28.025 0.00625232261630203
28.7625 0.0075573088556926
29.5 0.00767004889013259
30.2375000000001 0.00424837372289444
30.9750000000001 0.00198401255952797
31.7125000000001 0.00210988048034005
32.4500000000001 0.00308523407644848
33.1875 0.00255589390862979
33.9250000000001 0.00248374765081743
34.6625000000001 0.00299581056792254
35.4000000000001 0.0019805690032927
36.1375000000001 0.000861735385334363
36.8750000000001 0.000596362356926577
37.6125000000001 0.000965774939300469
38.3500000000001 0.00110388076169546
39.0875000000001 0.000982004712265782
39.8250000000001 0.00108511383244435
40.5625000000001 0.000823058538246419
41.3000000000001 0.000374409954225297
42.0375000000001 0.000164469765865375
42.7750000000001 0.00020378709100466
43.5125000000001 0.000336441908301215
44.2500000000001 0.000361464331641919
44.9875000000001 0.000350232065170909
45.7250000000001 0.000282128025843281
46.4625000000001 0.000149048032715248
47.2000000000001 6.18995474007498e-05
47.9375000000001 3.4027826033223e-05
48.6750000000001 4.11861728551305e-05
49.4125000000001 4.87637878595895e-05
50.1500000000001 4.67663673237743e-05
50.8875000000001 4.06997269655579e-05
51.6250000000001 2.41244822144881e-05
52.3625000000001 9.90212726415434e-06
53.1000000000001 3.47759404620533e-06
53.8375000000001 1.16040627526729e-06
54.5750000000001 3.97734271303091e-07
55.3125000000001 1.53263284418731e-07
56.0500000000001 7.65845328300698e-08
56.7875000000001 5.24514292007119e-08
57.5250000000001 4.56415103508769e-08
58.2625000000001 4.383412713752e-08
