-59 1.18665010141062e-10
-58.2625 1.67070180053267e-10
-57.525 4.09946355022257e-10
-56.7875 1.19304541337537e-09
-56.05 3.6640866561849e-09
-55.3125 1.13874223827867e-08
-54.575 3.5480711769071e-08
-53.8375 1.0904002835812e-07
-53.1 3.2574721307824e-07
-52.3625 9.06411108094347e-07
-51.625 2.12206880685342e-06
-50.8875 3.32070640553388e-06
-50.15 3.44985792430265e-06
-49.4125 3.59683487982596e-06
-48.675 3.2395281684992e-06
-47.9375 2.95194591163534e-06
-47.2 5.96739782482585e-06
-46.4625 1.47923042724699e-05
-45.725 2.79880042114299e-05
-44.9875 3.40142959064315e-05
-44.25 3.42019895580106e-05
-43.5125 3.23588624289334e-05
-42.775 2.23348518514678e-05
-42.0375 2.6035746906602e-05
-41.3 6.40438994760673e-05
-40.5625 0.000137900911461013
-39.825 0.000178946783661765
-39.0875 0.000152720722141385
-38.35 0.000171719613435833
-37.6125 0.000161894718271292
-36.875 0.000109527827177175
-36.1375 0.000172320617155757
-35.4 0.000424294277838104
-34.6625 0.00075667209912997
-33.925 0.00080429724443019
-33.1875 0.000747422929184522
-32.45 0.00071332840376931
-31.7125 0.000451378783131882
-30.975 0.000438797164526816
-30.2375 0.00117111166099072
-29.5 0.00294204484931306
-28.7625 0.00485650961783685
-28.025 0.00517842034969046
-27.2875 0.00414731087041425
-26.55 0.00240212315490302
-25.8125 0.001380065893782
-25.075 0.00263423345374452
-24.3375 0.00698746130611964
-23.6 0.0131196670622427
-22.8625 0.0160718154411826
-22.125 0.0158746159847389
-21.3875 0.012470104252312
-20.65 0.00646230196943534
-19.9125 0.00470260516734964
-19.175 0.0102417105080037
-18.4375 0.0217865948884468
-17.7 0.0278487051424217
-16.9625 0.0254870407930293
-16.225 0.0278933455233551
-15.4875 0.0234737468831746
-14.75 0.0119837676846749
-14.0125 0.00907475255791484
-13.275 0.0183171262997477
-12.5375 0.0310027946414126
-11.8 0.0271615994403171
-11.0625 0.0233775392652027
-10.325 0.0317292977677583
-9.58749999999996 0.0247553740487579
-8.84999999999996 0.0116970704002784
-8.11249999999996 0.0092966722249303
-7.37499999999996 0.0188047449677541
-6.63749999999996 0.0301675436109268
-5.89999999999996 0.0306305629662884
-5.16249999999996 0.0310319569853594
-4.42499999999996 0.0281225596808976
-3.68749999999996 0.0152371053857489
-2.94999999999996 0.00663054382042382
-2.21249999999996 0.0080197298404325
-1.47499999999996 0.0189522562265028
-0.737499999999961 0.0318764520455345
3.86357612569554e-14 0.0365748474161989
0.737500000000039 0.0319035682806658
1.47500000000004 0.0189847638725876
2.21250000000004 0.0080331230442322
2.95000000000004 0.00658038153274112
3.68750000000004 0.0150330376439163
4.42500000000004 0.0276557487227544
5.16250000000004 0.0303136115455651
5.90000000000004 0.0298105226346487
6.63750000000004 0.029514654236302
7.37500000000004 0.0184864228056604
8.11250000000004 0.00919312134893833
8.85000000000004 0.0116399017712667
9.58750000000004 0.0246251807154009
10.325 0.0314451547874392
11.0625 0.0228610127298918
11.8 0.0264702414809787
12.5375 0.0304711153086882
13.275 0.0180860194106269
14.0125 0.0090347895350077
14.75 0.0120756176785811
15.4875 0.0237323734692314
16.225 0.028254202571515
16.9625 0.0256643326950881
17.7 0.027787734669623
18.4375 0.021693824531755
19.175 0.0102039545008038
19.9125 0.00473575448400074
20.65 0.00663444369639146
21.3875 0.0128672134505051
22.125 0.0163935914822399
22.8625 0.0164726942157988
23.6 0.0133261198375798
24.3375 0.00706300370928086
25.075 0.0026585498779868
25.8125 0.00141475420830537
26.55 0.00250693083137387
27.2875 0.00435180831025677
28.025 0.00542969103071116
28.7625 0.00505659384500087
29.5 0.00304266143336268
30.2375000000001 0.00120577261846977
30.9750000000001 0.000451483147834091
31.7125000000001 0.000467730214425126
32.4500000000001 0.000742062090408274
33.1875 0.000782073545727675
33.9250000000001 0.000841036647957025
34.6625000000001 0.00078625864411145
35.4000000000001 0.000439020899681866
36.1375000000001 0.00017807558348783
36.8750000000001 0.000113717483072995
37.6125000000001 0.000168584613948066
38.3500000000001 0.000179535219018324
39.0875000000001 0.000160438808298109
39.8250000000001 0.000186834374363791
40.5625000000001 0.000143209899547884
41.3000000000001 6.6347408893513e-05
42.0375000000001 2.72070318653227e-05
42.7750000000001 2.40371632023606e-05
43.5125000000001 3.47349061823646e-05
44.2500000000001 3.62177036257241e-05
44.9875000000001 3.61993052243031e-05
45.7250000000001 3.01741212717009e-05
46.4625000000001 1.60754365156251e-05
47.2000000000001 6.53602016211763e-06
47.9375000000001 3.27254507186315e-06
48.6750000000001 3.57067150070993e-06
49.4125000000001 3.85180999509995e-06
50.1500000000001 3.62801999703009e-06
50.8875000000001 3.56423941111527e-06
51.6250000000001 2.32034535031151e-06
52.3625000000001 1.00096036807826e-06
53.1000000000001 3.62116070863719e-07
53.8375000000001 1.21995263626316e-07
54.5750000000001 4.00981927603436e-08
55.3125000000001 1.31257646781948e-08
56.0500000000001 4.36736425301469e-09
56.7875000000001 1.48355571169383e-09
57.5250000000001 5.25114355125839e-10
58.2625000000001 2.04138456496446e-10
