-18 9.02046326707516e-05
-17.3571428571429 9.93167928457169e-05
-16.7142857142857 0.000131083286592435
-16.0714285714286 0.0002000709459278
-15.4285714285714 0.000336734853207469
-14.7857142857143 0.000599189086670694
-14.1428571428571 0.00109267425867191
-13.5 0.00200904299050146
-12.8571428571429 0.0036635484995589
-12.2142857142857 0.00647626062858452
-11.5714285714286 0.0107103561776599
-10.9285714285714 0.0158211805377116
-10.2857142857143 0.0196951479656708
-9.64285714285714 0.0213039121756043
-9 0.0261540744423123
-8.35714285714285 0.034267449922146
-7.71428571428571 0.0342697773682711
-7.07142857142857 0.0265073889055319
-6.42857142857143 0.0270135377697483
-5.78571428571428 0.0349645646089104
-5.14285714285714 0.0418487397275151
-4.5 0.0460680033436376
-3.85714285714285 0.0581590025789879
-3.21428571428571 0.0800797343806951
-2.57142857142857 0.0874651796546929
-1.92857142857143 0.0697929690284194
-1.28571428571428 0.0517646884663278
-0.64285714285714 0.0506197531397568
3.10862446895044e-15 0.0528715208907434
0.642857142857146 0.0505537888324006
1.28571428571429 0.0516551845317261
1.92857142857143 0.0696603636590229
2.57142857142857 0.087322437346623
3.21428571428572 0.0799511543515538
3.85714285714286 0.0580755944417743
4.5 0.0460477896177991
5.14285714285715 0.041881384957376
5.78571428571429 0.0350330025255884
6.42857142857143 0.0271063439861334
7.07142857142857 0.0266206215622034
7.71428571428572 0.0343990194903641
8.35714285714286 0.0343963107006412
9 0.0262632065074253
9.64285714285715 0.0213877443965535
10.2857142857143 0.019772531057756
10.9285714285714 0.0158932364046767
11.5714285714286 0.0107663374746389
12.2142857142857 0.00651349077383141
12.8571428571429 0.00368588755479849
13.5 0.00202164887258189
14.1428571428571 0.00109955123610963
14.7857142857143 0.000602878868883674
15.4285714285714 0.000338696474738965
16.0714285714286 0.000201102918960006
16.7142857142857 0.000131604722254362
17.3571428571429 9.95352295653211e-05
