-18 8.67287949492424e-05
-17.3571428571429 9.63763901303386e-05
-16.7142857142857 0.000130074889563927
-16.0714285714286 0.00020441435462552
-15.4285714285714 0.000354575162781003
-14.7857142857143 0.000648938248346508
-14.1428571428571 0.00121430080009294
-13.5 0.00228907528256603
-12.8571428571429 0.00428175639059965
-12.2142857142857 0.00776288554551833
-11.5714285714286 0.0131219444747431
-10.9285714285714 0.0196183766292594
-10.2857142857143 0.0241278766362982
-9.64285714285714 0.0243891967364149
-9 0.0279621383005287
-8.35714285714285 0.0383012715817777
-7.71428571428571 0.0407985900504508
-7.07142857142857 0.0306190740021881
-6.42857142857143 0.027231100829999
-5.78571428571428 0.0332721419508445
-5.14285714285714 0.0399351604034565
-4.5 0.0441093076110257
-3.85714285714285 0.0544234284349441
-3.21428571428571 0.0738761164294251
-2.57142857142857 0.0819548774591891
-1.92857142857143 0.0671127972133458
-1.28571428571428 0.0494226440155663
-0.64285714285714 0.04653079755007
3.10862446895044e-15 0.0478903417086897
0.642857142857146 0.0465307978280744
1.28571428571429 0.0494226444153338
1.92857142857143 0.0671127976579056
2.57142857142857 0.0819548781769551
3.21428571428572 0.0738761173666172
3.85714285714286 0.0544234291839239
4.5 0.0441093080660776
5.14285714285715 0.0399351607799759
5.78571428571429 0.0332721422990755
6.42857142857143 0.0272311010700635
7.07142857142857 0.0306190741341994
7.71428571428572 0.0407985903636545
8.35714285714286 0.038301272062301
9 0.027962138626327
9.64285714285715 0.0243891968818603
10.2857142857143 0.0241278768890356
10.9285714285714 0.0196183770484428
11.5714285714286 0.0131219449712213
12.2142857142857 0.00776288601775844
12.8571428571429 0.00428175683173158
13.5 0.00228907566963231
14.1428571428571 0.00121430114804888
14.7857142857143 0.000648938548867245
15.4285714285714 0.000354575424564827
16.0714285714286 0.000204414587254797
16.7142857142857 0.000130075088750933
17.3571428571429 9.6376540517205e-05
