-18 6.6959824177801e-07
-17.3571428571429 3.23857756734126e-05
-16.7142857142857 0.000138348415823328
-16.0714285714286 0.00035579228496569
-15.4285714285714 0.000760300320847763
-14.7857142857143 0.00148300383029231
-14.1428571428571 0.00273913254006171
-13.5 0.00489851830805787
-12.8571428571429 0.00855765550555999
-12.2142857142857 0.0144713340380283
-11.5714285714286 0.0229869589864679
-10.9285714285714 0.033076598461614
-10.2857142857143 0.042957770551418
-9.64285714285714 0.0552348192805652
-9 0.072099718563445
-8.35714285714285 0.0810257058858196
-7.71428571428571 0.0693177174961606
-7.07142857142857 0.0457060155117199
-6.42857142857143 0.0308439991495626
-5.78571428571428 0.024377654070672
-5.14285714285714 0.0251433852429849
-4.5 0.0388073563197818
-3.85714285714285 0.0548072095937017
-3.21428571428571 0.0447109521337431
-2.57142857142857 0.029073888145394
-1.92857142857143 0.0297576852949714
-1.28571428571428 0.0270877760331373
-0.64285714285714 0.013904831033092
3.10862446895044e-15 0.00684231148335224
0.642857142857146 0.0139048797312401
1.28571428571429 0.027087860970824
1.92857142857143 0.0297577793159728
2.57142857142857 0.0290739767060322
3.21428571428572 0.0447110512783823
3.85714285714286 0.0548073121437424
4.5 0.0388074187439014
5.14285714285715 0.0251433954376361
5.78571428571429 0.024377619811831
6.42857142857143 0.0308439255712628
7.07142857142857 0.0457059007092144
7.71428571428572 0.0693175575341916
8.35714285714286 0.0810255146985004
9 0.0720995376119911
9.64285714285715 0.0552346934227837
10.2857142857143 0.0429576993137869
10.9285714285714 0.0330765584184722
11.5714285714286 0.0229869354323184
12.2142857142857 0.0144713209299608
12.8571428571429 0.00855764855010986
13.5 0.00489851456825441
14.1428571428571 0.00273913079034371
14.7857142857143 0.00148300297970998
15.4285714285714 0.000760300028819279
16.0714285714286 0.000355792355878094
16.7142857142857 0.000138348626614101
17.3571428571429 3.23860186291077e-05
