-18 8.42854657285092e-05
-17.3571428571429 9.28959919985571e-05
-16.7142857142857 0.000122693186149462
-16.0714285714286 0.000187314431911738
-15.4285714285714 0.000315300198909537
-14.7857142857143 0.00056118172696986
-14.1428571428571 0.00102362925015639
-13.5 0.00188172257359989
-12.8571428571429 0.00342813154517542
-12.2142857142857 0.00605279859555419
-11.5714285714286 0.0100091386389614
-10.9285714285714 0.0148346616139904
-10.2857142857143 0.0186617859669367
-9.64285714285714 0.0205778380676406
-9 0.0253163057779304
-8.35714285714285 0.0324305849558089
-7.71428571428571 0.031955821940597
-7.07142857142857 0.025187472677063
-6.42857142857143 0.0268115979261659
-5.78571428571428 0.0353307622437945
-5.14285714285714 0.0425025860212069
-4.5 0.0470380391656971
-3.85714285714285 0.0596632429884203
-3.21428571428571 0.0819920545933722
-2.57142857142857 0.0890988683947648
-1.92857142857143 0.0708412114406032
-1.28571428571428 0.0527244127431024
-0.64285714285714 0.0519114242849805
3.10862446895044e-15 0.0543642222629554
0.642857142857146 0.0519114263230352
1.28571428571429 0.0527244144837881
1.92857142857143 0.0708412121121222
2.57142857142857 0.0890988700545344
3.21428571428572 0.081992056905671
3.85714285714286 0.0596632440760774
4.5 0.0470380416210836
5.14285714285715 0.0425025925375899
5.78571428571429 0.0353307718256722
6.42857142857143 0.0268116083631923
7.07142857142857 0.025187482620035
7.71428571428572 0.0319558307551781
8.35714285714286 0.0324305930790802
9 0.025316313698041
9.64285714285715 0.0205778441957708
10.2857142857143 0.0186617900109994
10.9285714285714 0.0148346644488196
11.5714285714286 0.0100091407693331
12.2142857142857 0.00605280009188669
12.8571428571429 0.0034281326086458
13.5 0.00188172332489891
14.1428571428571 0.00102362983749643
14.7857142857143 0.000561182199168978
15.4285714285714 0.000315300584395151
16.0714285714286 0.000187314747667528
16.7142857142857 0.000122693442022049
17.3571428571429 9.28961692084051e-05
