-18 8.4136502436478e-05
-17.3571428571429 9.38275866692511e-05
-16.7142857142857 0.000127777754410946
-16.0714285714286 0.000203196516832987
-15.4285714285714 0.000356846084245033
-14.7857142857143 0.00066083683230016
-14.1428571428571 0.0012502513872846
-13.5 0.00238197061897141
-12.8571428571429 0.00450261940494956
-12.2142857142857 0.0082471244183465
-11.5714285714286 0.0140653780467518
-10.9285714285714 0.0211444546358815
-10.2857142857143 0.0259077789409942
-9.64285714285714 0.0254352123544398
-9 0.0280722540409521
-8.35714285714285 0.0390859790216916
-7.71428571428571 0.0428983301918323
-7.07142857142857 0.0322337837225217
-6.42857142857143 0.027541190009026
-5.78571428571428 0.0329026361241849
-5.14285714285714 0.0394684322346653
-4.5 0.0435100404776372
-3.85714285714285 0.0529361829700782
-3.21428571428571 0.0712964748698395
-2.57142857142857 0.0796578768454473
-1.92857142857143 0.0660941229789457
-1.28571428571428 0.0488514341557652
-0.64285714285714 0.045577937453283
3.10862446895044e-15 0.0466947640161807
0.642857142857146 0.0455723975825771
1.28571428571429 0.0488428302108965
1.92857142857143 0.0660890829105
2.57142857142857 0.0796574191989523
3.21428571428572 0.07129692485217
3.85714285714286 0.0529383464417172
4.5 0.0435088296439877
5.14285714285715 0.0394581034806539
5.78571428571429 0.0328852123860368
6.42857142857143 0.0275206180887878
7.07142857142857 0.0322131496466788
7.71428571428572 0.0428811072230486
8.35714285714286 0.0390717277724084
9 0.0280561772208663
9.64285714285715 0.0254168134655764
10.2857142857143 0.025887445804455
10.9285714285714 0.0211244553380018
11.5714285714286 0.0140493666774994
12.2142857142857 0.00823663400170792
12.8571428571429 0.00449677061224932
13.5 0.00237906534537066
14.1428571428571 0.0012489019073401
14.7857142857143 0.000660216669804138
15.4285714285714 0.000356551398115491
16.0714285714286 0.000203051393318673
16.7142857142857 0.000127707266880625
17.3571428571429 9.37988193812909e-05
