-18 3.96810836017985e-08
-17.3571428571429 6.49687303579446e-08
-16.7142857142857 1.88774249537856e-07
-16.0714285714286 6.66613210924461e-07
-15.4285714285714 2.48180162445628e-06
-14.7857142857143 9.38485111024256e-06
-14.1428571428571 3.52614164780515e-05
-13.5 0.000131162997731833
-12.8571428571429 0.00048406465039173
-12.2142857142857 0.00176356791881384
-11.5714285714286 0.00623761760211014
-10.9285714285714 0.0207482504525777
-10.2857142857143 0.0612373795906342
-9.64285714285714 0.142961369477756
-9 0.230300233862668
-8.35714285714285 0.242527329599777
-7.71428571428571 0.167661013267636
-7.07142857142857 0.0783999407303296
-6.42857142857143 0.0275051914732697
-5.78571428571428 0.00846460190806433
-5.14285714285714 0.00585153517350709
-4.5 0.0150539441727306
-3.85714285714285 0.0353440963665418
-3.21428571428571 0.0547256210031661
-2.57142857142857 0.055062644425377
-1.92857142857143 0.0366131470106968
-1.28571428571428 0.0165430405083953
-0.64285714285714 0.00548755796995356
3.10862446895044e-15 0.00191098696362975
0.642857142857146 0.00340828395053273
1.28571428571429 0.0107815920930967
1.92857142857143 0.0243415468190218
2.57142857142857 0.0355769153713765
3.21428571428572 0.033502965482005
3.85714285714286 0.0204709978447113
4.5 0.0082814328141949
5.14285714285715 0.00249054923855831
5.78571428571429 0.00180344203614139
6.42857142857143 0.00594513632982409
7.07142857142857 0.0176171971429774
7.71428571428572 0.036766688665581
8.35714285714286 0.0503950453754615
9 0.0451530321931073
9.64285714285715 0.0268902128001813
10.2857142857143 0.0113845033544172
10.9285714285714 0.00393320241035613
11.5714285714286 0.00123215605266771
12.2142857142857 0.000366613100198252
12.8571428571429 0.000106641786723565
13.5 3.11716528845623e-05
14.1428571428571 9.38245296027979e-06
14.7857142857143 2.9531338351122e-06
15.4285714285714 9.77537234690537e-07
16.0714285714286 3.43373117101825e-07
16.7142857142857 1.29863442675166e-07
17.3571428571429 5.74487051664743e-08
