-40 4.8986467064268e-05
-39.2857142857143 5.54714155853412e-05
-38.5714285714286 7.99289663993424e-05
-37.8571428571429 0.000136826051067883
-37.1428571428571 0.000258718036821449
-36.4285714285714 0.000508999882786083
-35.7142857142857 0.00101604296662426
-35 0.00201707113090366
-34.2857142857143 0.00385904832098265
-33.5714285714286 0.00667887134496628
-32.8571428571428 0.00955758018430349
-32.1428571428571 0.0106159940526097
-31.4285714285714 0.0123427555212793
-30.7142857142857 0.0174330943419428
-30 0.0182520865461257
-29.2857142857143 0.0126442785866075
-28.5714285714286 0.011598156762464
-27.8571428571429 0.0136836974612415
-27.1428571428571 0.0162174476521877
-26.4285714285714 0.0226728982364868
-25.7142857142857 0.0295902723281679
-25 0.0279432727652466
-24.2857142857143 0.0195754370511573
-23.5714285714286 0.0149940310791974
-22.8571428571429 0.0133360738366777
-22.1428571428571 0.012724658503043
-21.4285714285714 0.0170717780635869
-20.7142857142857 0.0213876042105939
-20 0.0171732030129828
-19.2857142857143 0.0122297502006176
-18.5714285714286 0.0102309944329406
-17.8571428571429 0.00750922742460422
-17.1428571428571 0.00519583638043598
-16.4285714285714 0.00636680679965992
-15.7142857142857 0.00675479034966295
-15 0.00148080680020008
-14.2857142857143 0.0017246399701797
-13.5714285714286 0.00548204464204607
-12.8571428571429 0.00444524515838624
-12.1428571428571 0.00400959405303221
-11.4285714285714 0.00676782214838618
-10.7142857142857 0.00938041748876326
-10 0.00805858442036728
-9.28571428571429 0.00893511415587684
-8.57142857142858 0.0148008369408105
-7.85714285714286 0.0142640860764004
-7.14285714285715 0.0106018091166204
-6.42857142857143 0.0128231704479745
-5.71428571428572 0.0174364757715888
-5 0.0200632319202401
-4.28571428571429 0.0220165062835536
-3.57142857142858 0.0297882795001043
-2.85714285714286 0.0363269868538852
-2.14285714285715 0.0309265052488925
-1.42857142857143 0.0224311147278812
-0.714285714285718 0.0223313865244964
-3.99680288865056e-15 0.0237553965913406
0.71428571428571 0.0224707560023696
1.42857142857142 0.0226567291408598
2.14285714285714 0.031149718927239
2.85714285714285 0.0365386527702995
3.57142857142857 0.0299337328294646
4.28571428571428 0.0220630256089682
5 0.0201867080536577
5.71428571428571 0.0176951751706252
6.42857142857143 0.0131137310092531
7.14285714285714 0.0108382787114112
7.85714285714285 0.0144925656361183
8.57142857142857 0.0150956573321078
9.28571428571428 0.0091287361172396
10 0.00809765666219807
10.7142857142857 0.00945899103956394
11.4285714285714 0.00691703920642135
12.1428571428571 0.00412055060779679
12.8571428571429 0.00449089265361161
13.5714285714286 0.00556312723994534
14.2857142857143 0.00177481381385925
15 0.00133842046534236
15.7142857142857 0.00658859582055284
16.4285714285714 0.00627451791071354
17.1428571428571 0.00505355334324482
17.8571428571429 0.00733999641898466
18.5714285714286 0.0101073897840361
19.2857142857143 0.0120490265277727
20 0.0169245503580071
20.7142857142857 0.0213270458485036
21.4285714285714 0.0171641988095889
22.1428571428571 0.0127043892465748
22.8571428571428 0.0132729928451043
23.5714285714286 0.0149406033427534
24.2857142857143 0.0194317378843549
25 0.0278532912704022
25.7142857142857 0.0298085830656244
26.4285714285714 0.023034075807256
27.1428571428571 0.0164406970272329
27.8571428571428 0.0138642805240358
28.5714285714286 0.0117656335750632
29.2857142857143 0.0127028651999168
30 0.0183341924594443
30.7142857142857 0.0177809384877551
31.4285714285714 0.012712241616178
32.1428571428571 0.0108639092049199
32.8571428571428 0.00979861878500605
33.5714285714286 0.00689792481164592
34.2857142857143 0.00400528600486317
35 0.00209651391165378
35.7142857142857 0.00105423887356304
36.4285714285714 0.000526464395886046
37.1428571428571 0.000266696877323096
37.8571428571428 0.000140519841740904
38.5714285714286 8.16049856724777e-05
39.2857142857143 5.61209282315838e-05
