-40 1.69151918659834e-07
-39.2857142857143 3.55163573600829e-06
-38.5714285714286 1.58152550679694e-05
-37.8571428571429 4.46326181503639e-05
-37.1428571428571 0.000107825749142321
-36.4285714285714 0.000241724343019872
-35.7142857142857 0.000520917380921603
-35 0.00108576018967313
-34.2857142857143 0.00214979797106317
-33.5714285714286 0.00382952688809989
-32.8571428571428 0.00561997789050364
-32.1428571428571 0.00620652629465067
-31.4285714285714 0.00697022534549502
-30.7142857142857 0.0101493892131074
-30 0.0110261861803236
-29.2857142857143 0.00826897063652391
-28.5714285714286 0.00899585875456183
-27.8571428571429 0.0119196376691043
-27.1428571428571 0.0140024626103855
-26.4285714285714 0.0178727704879412
-25.7142857142857 0.0251869569808639
-25 0.027144866036995
-24.2857142857143 0.0202438414045566
-23.5714285714286 0.0169509804439636
-22.8571428571429 0.0187819393013522
-22.1428571428571 0.0199243459674316
-21.4285714285714 0.0231991552825857
-20.7142857142857 0.0334027831422257
-20 0.0379278031053488
-19.2857142857143 0.0297512673057569
-18.5714285714286 0.0213131680320862
-17.8571428571429 0.0204415788668923
-17.1428571428571 0.0200456023142893
-16.4285714285714 0.0209296187008306
-15.7142857142857 0.0294149154697341
-15 0.0353355564143547
-14.2857142857143 0.0297282417959617
-13.5714285714286 0.021205047205507
-12.8571428571429 0.0179443316162513
-12.1428571428571 0.0150125518381742
-11.4285714285714 0.0108256795237146
-10.7142857142857 0.00945902519876235
-10 0.0134741143875512
-9.28571428571429 0.0141713747481856
-8.57142857142858 0.0101138852126891
-7.85714285714286 0.00855255611453232
-7.14285714285715 0.00881945822532392
-6.42857142857143 0.0072338652236848
-5.71428571428572 0.00477131094244174
-5 0.00344434037177167
-4.28571428571429 0.00395409126739465
-3.57142857142858 0.00328764355921235
-2.85714285714286 0.00151027453465887
-2.14285714285715 0.00205850745221522
-1.42857142857143 0.00273669517027986
-0.714285714285718 0.00195538094842352
-3.99680288865056e-15 0.00143118190455311
0.71428571428571 0.0019553811446858
1.42857142857142 0.0027366954017135
2.14285714285714 0.00205850767744531
2.85714285714285 0.00151027500939367
3.57142857142857 0.00328764418880173
4.28571428571428 0.00395409171635203
5 0.00344434079967195
5.71428571428571 0.00477131160796686
6.42857142857143 0.00723386609359786
7.14285714285714 0.00881945910718257
7.85714285714285 0.00855255698700441
8.57142857142857 0.0101138864553317
9.28571428571428 0.0141713762754033
10 0.0134741155672725
10.7142857142857 0.00945902602771408
11.4285714285714 0.010825680513051
12.1428571428571 0.015012553067744
12.8571428571429 0.0179443329608094
13.5714285714286 0.0212050488970662
14.2857142857143 0.0297282442113503
15 0.0353355589523569
15.7142857142857 0.02941491734931
16.4285714285714 0.0209296200253364
17.1428571428571 0.0200456034617167
17.8571428571429 0.0204415798225264
18.5714285714286 0.0213131689585238
19.2857142857143 0.0297512687138422
20 0.0379278046912023
20.7142857142857 0.033402784232364
21.4285714285714 0.0231991559710112
22.1428571428571 0.0199243465382643
22.8571428571428 0.0187819396641213
23.5714285714286 0.0169509806308949
24.2857142857143 0.0202438416700186
25 0.0271448661791211
25.7142857142857 0.0251869567220508
26.4285714285714 0.0178727701594978
27.1428571428571 0.0140024623970181
27.8571428571428 0.0119196373432953
28.5714285714286 0.00899585838708389
29.2857142857143 0.00826897044389822
30 0.0110261859273237
30.7142857142857 0.0101493885880329
31.4285714285714 0.00697022488339921
32.1428571428571 0.00620652614785281
32.8571428571428 0.00561997762794038
33.5714285714286 0.00382952645067819
34.2857142857143 0.00214979749329514
35 0.00108575972428778
35.7142857142857 0.000520916944417807
36.4285714285714 0.000241723925069434
37.1428571428571 0.000107825357558181
37.8571428571428 4.46322562753272e-05
38.5714285714286 1.58149494876877e-05
39.2857142857143 3.55142542973564e-06
