-40 4.75423069763441e-05
-39.2857142857143 5.45929841055701e-05
-38.5714285714286 8.01613444652303e-05
-37.8571428571429 0.000139850383584813
-37.1428571428571 0.000269141277104246
-36.4285714285714 0.000537976287366854
-35.7142857142857 0.00108984341047561
-35 0.00219439413197577
-34.2857142857143 0.00425678888578279
-33.5714285714286 0.00745912444401315
-32.8571428571428 0.0107593088421992
-32.1428571428571 0.0118194727668088
-31.4285714285714 0.013187801553832
-30.7142857142857 0.0186981116307244
-30 0.0202076977845855
-29.2857142857143 0.0138948304519912
-28.5714285714286 0.0120158682697645
-27.8571428571429 0.013845510585077
-27.1428571428571 0.0164791157623263
-26.4285714285714 0.0230491264740482
-25.7142857142857 0.0296116766278416
-25 0.0277395811563306
-24.2857142857143 0.019581364041841
-23.5714285714286 0.0150008771955389
-22.8571428571429 0.0131484501450176
-22.1428571428571 0.012806357160071
-21.4285714285714 0.0179230301380923
-20.7142857142857 0.0217906842407763
-20 0.0164744486770516
-19.2857142857143 0.0117452549917046
-18.5714285714286 0.0102113786098872
-17.8571428571429 0.00730458044660004
-17.1428571428571 0.00512049541805095
-16.4285714285714 0.00713880111889344
-15.7142857142857 0.00772149456989068
-15 0.00153139144179777
-14.2857142857143 0.00211530201131516
-13.5714285714286 0.00632564674822708
-12.8571428571429 0.00460304233828452
-12.1428571428571 0.00375491972973561
-11.4285714285714 0.00680195626494431
-10.7142857142857 0.00977682503112111
-10 0.00783825190411977
-9.28571428571429 0.00816242676828706
-8.57142857142858 0.0150852047888618
-7.85714285714286 0.0150644432065098
-7.14285714285715 0.0104840653807914
-6.42857142857143 0.0120374402483036
-5.71428571428572 0.0166827637408093
-5 0.0195917764171921
-4.28571428571429 0.0212006044987308
-3.57142857142858 0.0278824592480533
-2.85714285714286 0.034408114668577
-2.14285714285715 0.0302034118017431
-1.42857142857143 0.021975661553049
-0.714285714285718 0.0212325958129297
-3.99680288865056e-15 0.0222548027392976
0.71428571428571 0.0211646692339823
1.42857142857142 0.0218665784807566
2.14285714285714 0.0300789951783244
2.85714285714285 0.0342548989374589
3.57142857142857 0.0277339181141236
4.28571428571428 0.0211072109666979
5 0.0194847555136592
5.71428571428571 0.0165280432192219
6.42857142857143 0.0118793340408119
7.14285714285714 0.0103592734919655
7.85714285714285 0.0149265503489793
8.57142857142857 0.0148785572239225
9.28571428571428 0.00799650362676997
10 0.00777160500791295
10.7142857142857 0.00970358146853819
11.4285714285714 0.00670456952924897
12.1428571428571 0.00369885148759768
12.8571428571429 0.00459485737233991
13.5714285714286 0.00628716794463894
14.2857142857143 0.00209291727701509
15 0.00164887099557002
15.7142857142857 0.00785393224773838
16.4285714285714 0.00720032155355072
17.1428571428571 0.00520819922640549
17.8571428571429 0.00741366233181085
18.5714285714286 0.0102912280234201
19.2857142857143 0.0118730789917521
20 0.0166869856829439
20.7142857142857 0.0218920173028183
21.4285714285714 0.0178830320480908
22.1428571428571 0.0128312713654623
22.8571428571428 0.0131987880410125
23.5714285714286 0.0150413842834301
24.2857142857143 0.0196965392536236
25 0.0278142674141672
25.7142857142857 0.0294716766034323
26.4285714285714 0.0228028935397869
27.1428571428571 0.0163373000743963
27.8571428571428 0.0137411451431858
28.5714285714286 0.0119418004563698
29.2857142857143 0.0139477379022778
30 0.0202013034622084
30.7142857142857 0.0184464708108626
31.4285714285714 0.0129792195939399
32.1428571428571 0.0117126965791289
32.8571428571428 0.0106158374933507
33.5714285714286 0.00731290783220945
34.2857142857143 0.00415837412285296
35 0.00214138983803502
35.7142857142857 0.00106443674923247
36.4285714285714 0.000526267242888865
37.1428571428571 0.000263734567111661
37.8571428571428 0.000137349036691892
38.5714285714286 7.903841469126e-05
39.2857142857143 5.4162854127473e-05
