-35 0.000693535009039052
-34.2708333333333 0.000837162161809866
-33.5416666666667 0.00122008671415483
-32.8125 0.00199281453044861
-32.0833333333333 0.00335413657231346
-31.3541666666667 0.00523922448255587
-30.625 0.00635573659707176
-29.8958333333333 0.00650170780953075
-29.1666666666667 0.00956453056862031
-28.4375 0.0118231387383431
-27.7083333333333 0.0100192423883082
-26.9791666666667 0.0102313474127047
-26.25 0.0121263404985069
-25.5208333333333 0.0129489626427959
-24.7916666666667 0.0135298318035233
-24.0625 0.0181043151194131
-23.3333333333333 0.0229910166652231
-22.6041666666667 0.0205514848381601
-21.875 0.0147197222534181
-21.1458333333333 0.0134267771329779
-20.4166666666667 0.0136487249401632
-19.6875 0.013008806329305
-18.9583333333333 0.0141233224844338
-18.2291666666667 0.019233013212405
-17.5 0.0210142779418297
-16.7708333333333 0.0170860728931046
-16.0416666666667 0.0131151741081025
-15.3125 0.0119793044604834
-14.5833333333333 0.0113596280576934
-13.8541666666667 0.011138449922806
-13.125 0.0125218967571374
-12.3958333333333 0.0147346450589
-11.6666666666667 0.0155319627564054
-10.9375 0.0155190883740896
-10.2083333333333 0.0134712292333574
-9.47916666666667 0.0126206262750503
-8.75000000000001 0.0142234672766883
-8.02083333333334 0.0163526580957432
-7.29166666666667 0.0178748783432891
-6.56250000000001 0.0217917337242208
-5.83333333333334 0.0281245711922624
-5.10416666666667 0.0283189222763921
-4.37500000000001 0.0215835838936713
-3.64583333333334 0.020059774098124
-2.91666666666667 0.0223206837854674
-2.18750000000001 0.0234439803551796
-1.45833333333334 0.025658263036238
-0.729166666666673 0.0352094013405556
-6.66133814775094e-15 0.0414635100371849
0.72916666666666 0.0346040276828101
1.45833333333333 0.0253061318897838
2.18749999999999 0.0228595191172478
2.91666666666666 0.0211370141699587
3.64583333333333 0.0185541986943222
4.37499999999999 0.0197539429752708
5.10416666666666 0.0255948225791038
5.83333333333333 0.0252042469133436
6.56249999999999 0.0199780970978314
7.29166666666666 0.016770653024566
8.02083333333333 0.0153182816808293
8.74999999999999 0.0134970446249527
9.47916666666666 0.0121502772343457
10.2083333333333 0.0126738951304825
10.9375 0.0148271122139888
11.6666666666667 0.0158389975499267
12.3958333333333 0.0150651162619855
13.125 0.0124348422695715
13.8541666666667 0.0112440339346518
14.5833333333333 0.0115155414278617
15.3125 0.0116950734637648
16.0416666666667 0.0125130218518685
16.7708333333333 0.0167844772733457
17.5 0.0203636259432781
18.2291666666667 0.0178178908909791
18.9583333333333 0.0130472022008986
19.6875 0.0120724874870047
20.4166666666667 0.0121135674859077
21.1458333333333 0.0112584361861472
21.875 0.0120024002381271
22.6041666666667 0.0166322223664178
23.3333333333333 0.0181451286986909
24.0625 0.0141819462705869
24.7916666666667 0.0109342630242491
25.5208333333333 0.0103584170582215
26.25 0.00926978558437846
26.9791666666667 0.007337021407544
27.7083333333333 0.00666722861137537
28.4375 0.00766149046846272
29.1666666666667 0.00607204168725816
29.8958333333333 0.00410907262687126
30.625 0.00423065678859142
31.3541666666667 0.00358103598570899
32.0833333333333 0.00234818638579707
32.8125 0.0014544128405684
33.5416666666667 0.0009561570762119
34.2708333333333 0.000730760854279423
