-35 1.06737803890219e-06
-34.2708333333333 0.000116164906042933
-33.5416666666667 0.000498981142129262
-32.8125 0.00129538253330031
-32.0833333333333 0.0027064947731682
-31.3541666666667 0.00468951668895747
-30.625 0.00609898444376121
-29.8958333333333 0.00673437330245969
-29.1666666666667 0.00972822889817549
-28.4375 0.011480218533909
-27.7083333333333 0.0092824638447453
-26.9791666666667 0.00868500319450273
-26.25 0.00931103978756427
-25.5208333333333 0.00917552517075236
-24.7916666666667 0.00996210861224073
-24.0625 0.0141775445153474
-23.3333333333333 0.0163220777035833
-22.6041666666667 0.0130987702201564
-21.875 0.00959994978704554
-21.1458333333333 0.0088979796361931
-20.4166666666667 0.00852401188601186
-19.6875 0.00816860284462932
-18.9583333333333 0.0090113901885548
-18.2291666666667 0.0105890978538897
-17.5 0.011100902354138
-16.7708333333333 0.0110661236908369
-16.0416666666667 0.0098043664050959
-15.3125 0.00963292712592335
-14.5833333333333 0.0112696972513203
-13.8541666666667 0.0131986099306303
-13.125 0.0146857578750694
-12.3958333333333 0.0186109323012501
-11.6666666666667 0.0242303228562681
-10.9375 0.0235983925422281
-10.2083333333333 0.0179181089073443
-9.47916666666667 0.0174296869266546
-8.75000000000001 0.0197229830276901
-8.02083333333334 0.0208009466879652
-7.29166666666667 0.0227433703816055
-6.56250000000001 0.0304276751765142
-5.83333333333334 0.0354028242964829
-5.10416666666667 0.0298559881911259
-4.37500000000001 0.0224733655046978
-3.64583333333334 0.0216699944333297
-2.91666666666667 0.0221898279525441
-2.18750000000001 0.0216706644085915
-1.45833333333334 0.0228398100392855
-0.729166666666673 0.0287702187858087
-6.66133814775094e-15 0.0324796704675864
0.72916666666666 0.0289985229627492
1.45833333333333 0.0229768320103275
2.18749999999999 0.0217683856961578
2.91666666666666 0.022344272251599
3.64583333333333 0.0218104246171299
4.37499999999999 0.0226302766199538
5.10416666666666 0.0302368226488731
5.83333333333333 0.0357919602857086
6.56249999999999 0.0305228296045905
7.29166666666666 0.0227513683787387
8.02083333333333 0.0207624123972226
8.74999999999999 0.0195069377709586
9.47916666666666 0.0170864006896235
10.2083333333333 0.017516489000576
10.9375 0.0228711575677185
11.6666666666667 0.0231926187329594
12.3958333333333 0.0178444372865861
13.125 0.0142588484852347
13.8541666666667 0.0128436924544825
14.5833333333333 0.0110471615606147
15.3125 0.00959780517846635
16.0416666666667 0.00978557973850683
16.7708333333333 0.0110542811371118
17.5 0.0114255981641401
18.2291666666667 0.0110547362090469
18.9583333333333 0.00926466417602646
19.6875 0.0084134948792497
20.4166666666667 0.00888110982658508
21.1458333333333 0.00925960455161853
21.875 0.0099931294819767
22.6041666666667 0.0137839656208483
23.3333333333333 0.0171586937647339
24.0625 0.014830845458002
24.7916666666667 0.0104785832687999
25.5208333333333 0.00961540955544738
26.25 0.00954956254657723
26.9791666666667 0.00863078737086156
27.7083333333333 0.00893721227915829
28.4375 0.0109234666327784
29.1666666666667 0.00912712552962197
29.8958333333333 0.00631385977382223
30.625 0.00587131358990427
31.3541666666667 0.00454145756063659
32.0833333333333 0.00261129314379013
32.8125 0.00124038138344912
33.5416666666667 0.000470392072811648
34.2708333333333 0.000104222147651466
