-35 0.000136494440747753
-34.2708333333333 0.000177259987457373
-33.5416666666667 0.000315328955170754
-32.8125 0.000602003998944701
-32.0833333333333 0.00110878193875575
-31.3541666666667 0.00182494319143591
-30.625 0.00237461092923386
-29.8958333333333 0.00276559855212527
-29.1666666666667 0.00395737692347095
-28.4375 0.00459270222868984
-27.7083333333333 0.00411965964584414
-26.9791666666667 0.00455516150025516
-26.25 0.0054520980930818
-25.5208333333333 0.0058781235416291
-24.7916666666667 0.00631876704567959
-24.0625 0.00844449985627261
-23.3333333333333 0.0105689551467919
-22.6041666666667 0.00960070291419991
-21.875 0.00761528802497135
-21.1458333333333 0.00835852422744539
-20.4166666666667 0.0101515826606076
-19.6875 0.0111666507571544
-18.9583333333333 0.0118615628258111
-18.2291666666667 0.0150169663259047
-17.5 0.0190153800871367
-16.7708333333333 0.0182836111751349
-16.0416666666667 0.0148508370547709
-15.3125 0.0162544053043541
-14.5833333333333 0.0200264023928978
-13.8541666666667 0.0219240412063731
-13.125 0.0226251745612415
-12.3958333333333 0.0296590607138632
-11.6666666666667 0.0384988743732659
-10.9375 0.0347465512292895
-10.2083333333333 0.0253910687046026
-9.47916666666667 0.0250216571237999
-8.75000000000001 0.0267519251600226
-8.02083333333334 0.0254048512174339
-7.29166666666667 0.0255360927562828
-6.56250000000001 0.0326330708531237
-5.83333333333334 0.034343353280329
-5.10416666666667 0.0266475499491858
-4.37500000000001 0.0204261193144849
-3.64583333333334 0.0180808383799859
-2.91666666666667 0.0151240853268734
-2.18750000000001 0.0126769325415199
-1.45833333333334 0.012026093645704
-0.729166666666673 0.0095556508690776
-6.66133814775094e-15 0.00643784312006224
0.72916666666666 0.00955526375401844
1.45833333333333 0.0120254543914842
2.18749999999999 0.0126785796899671
2.91666666666666 0.0151298661761637
3.64583333333333 0.0180900935021252
4.37499999999999 0.0204376407173747
5.10416666666666 0.0266613466343833
5.83333333333333 0.0343626121067058
6.56249999999999 0.0326552836775256
7.29166666666666 0.0255533352704477
8.02083333333333 0.0254195828968399
8.74999999999999 0.0267669848331734
9.47916666666666 0.0250352223210422
10.2083333333333 0.0254018924922244
10.9375 0.0347578786288081
11.6666666666667 0.0385110067615286
12.3958333333333 0.029668715903329
13.125 0.0226354289595315
13.8541666666667 0.0219370482001363
14.5833333333333 0.0200391470383145
15.3125 0.0162634025703472
16.0416666666667 0.0148552978498733
16.7708333333333 0.0182884332728733
17.5 0.0190242434220382
18.2291666666667 0.0150253884183233
18.9583333333333 0.0118661231070432
19.6875 0.0111688728841736
20.4166666666667 0.010152184766359
21.1458333333333 0.00835785265243299
21.875 0.0076144731056262
22.6041666666667 0.00959997337328453
23.3333333333333 0.0105677940977996
24.0625 0.00844411866700347
24.7916666666667 0.00631895729708253
25.5208333333333 0.00587639301696787
26.25 0.00544723796636204
26.9791666666667 0.00454780224310926
27.7083333333333 0.00410966334061663
28.4375 0.00458024350089949
29.1666666666667 0.00394731236360272
29.8958333333333 0.00275888469179345
30.625 0.00236850414067747
31.3541666666667 0.00181998663118112
32.0833333333333 0.00110573384094433
32.8125 0.000600449286117657
33.5416666666667 0.000314682517401741
34.2708333333333 0.000177064397015499
