-35 0.00102318961319864
-34.2708333333333 0.00114616390987222
-33.5416666666667 0.00154721727273646
-32.8125 0.00233477764293448
-32.0833333333333 0.0036268242656586
-31.3541666666667 0.00529254504278124
-30.625 0.00653451750431637
-29.8958333333333 0.00803756085001989
-29.1666666666667 0.011274072916939
-28.4375 0.0119288546155863
-27.7083333333333 0.00938594537899475
-26.9791666666667 0.00855167133364173
-26.25 0.00855199694623996
-25.5208333333333 0.00807060888096701
-24.7916666666667 0.00846882233625947
-24.0625 0.0110959678387466
-23.3333333333333 0.0125292811390952
-22.6041666666667 0.011030415596838
-21.875 0.00895606125362321
-21.1458333333333 0.00882878695025937
-20.4166666666667 0.00948254992289625
-19.6875 0.0100083598533271
-18.9583333333333 0.0109323268424636
-18.2291666666667 0.0138447065194198
-17.5 0.0167714190835791
-16.7708333333333 0.0157474950800234
-16.0416666666667 0.0120222279142508
-15.3125 0.0110539715145057
-14.5833333333333 0.011706885018115
-13.8541666666667 0.0123018219378286
-13.125 0.0140231596983815
-12.3958333333333 0.018032035531164
-11.6666666666667 0.0199010591216254
-10.9375 0.0175758442986081
-10.2083333333333 0.0142085868276337
-9.47916666666667 0.0138235427246714
-8.75000000000001 0.0151360685512943
-8.02083333333334 0.0166867141548727
-7.29166666666667 0.0182935141051117
-6.56250000000001 0.0224308731792095
-5.83333333333334 0.0280981758805191
-5.10416666666667 0.0278183012185528
-4.37500000000001 0.0219771177981217
-3.64583333333334 0.0218158276192811
-2.91666666666667 0.0249888395741724
-2.18750000000001 0.0265536479287794
-1.45833333333334 0.0291373318390863
-0.729166666666673 0.0402261434385211
-6.66133814775094e-15 0.047775689257884
0.72916666666666 0.0395787452057128
1.45833333333333 0.0285692291195944
2.18749999999999 0.0255347305707183
2.91666666666666 0.0233084129646592
3.64583333333333 0.0200154073983308
4.37499999999999 0.0199997326648821
5.10416666666666 0.0245270669869119
5.83333333333333 0.0244749386152962
6.56249999999999 0.0204183546626968
7.29166666666666 0.0169635138224328
8.02083333333333 0.0151091396906747
8.74999999999999 0.0138771379100895
9.47916666666666 0.013212035176626
10.2083333333333 0.0140694816542188
10.9375 0.0177316081128527
11.6666666666667 0.020467267941993
12.3958333333333 0.0186099891949677
13.125 0.0141222387089782
13.8541666666667 0.0121847683941444
14.5833333333333 0.0116793507232711
15.3125 0.0112647965827356
16.0416666666667 0.0125301303028762
16.7708333333333 0.0163789121922022
17.5 0.0175121119711488
18.2291666666667 0.014778255013769
18.9583333333333 0.0118005708235474
19.6875 0.0109736876979546
20.4166666666667 0.0107027054160272
21.1458333333333 0.0101292159078577
21.875 0.0103638364385927
22.6041666666667 0.0133210156168269
23.3333333333333 0.0155863651808018
24.0625 0.013667328856858
24.7916666666667 0.0103067087645139
25.5208333333333 0.00971485716349707
26.25 0.00986606890653381
26.9791666666667 0.00912404980594369
27.7083333333333 0.00916337687574196
28.4375 0.0112607466900467
29.1666666666667 0.0103138502267773
29.8958333333333 0.00726727258242907
30.625 0.00634258997916776
31.3541666666667 0.00531642194796079
32.0833333333333 0.00365482475497936
32.8125 0.00234716911740062
33.5416666666667 0.00155157394671208
34.2708333333333 0.00114746142400755
