-35 1.69942733489098e-05
-34.2708333333333 8.65863890639247e-05
-33.5416666666667 0.000330754145486459
-32.8125 0.000875990116743262
-32.0833333333333 0.00193137202584809
-31.3541666666667 0.00356194966784228
-30.625 0.0046328699745818
-29.8958333333333 0.00400285642398158
-29.1666666666667 0.00575608580920221
-28.4375 0.00846881002588501
-27.7083333333333 0.00749081809993495
-26.9791666666667 0.00772028829843151
-26.25 0.0101874352227877
-25.5208333333333 0.012196045089005
-24.7916666666667 0.012701678111993
-24.0625 0.0147714297366615
-23.3333333333333 0.0195678360705945
-22.6041666666667 0.0201635079049296
-21.875 0.0151639382449839
-21.1458333333333 0.0139768795882461
-20.4166666666667 0.0160480121367365
-19.6875 0.0171629594732659
-18.9583333333333 0.0177723721825424
-18.2291666666667 0.0228029074728093
-17.5 0.0283308248820451
-16.7708333333333 0.0257625061589584
-16.0416666666667 0.0191672149091502
-15.3125 0.0180886261984644
-14.5833333333333 0.0189539079799514
-13.8541666666667 0.0184820191693714
-13.125 0.0194460828535205
-12.3958333333333 0.025630309397358
-11.6666666666667 0.0287115545120795
-10.9375 0.0240295987801004
-10.2083333333333 0.0187220621877103
-9.47916666666667 0.0177806872070395
-8.75000000000001 0.0170758450202716
-8.02083333333334 0.0157809788868669
-7.29166666666667 0.0171214956513365
-6.56250000000001 0.0216783957728698
-5.83333333333334 0.0218839700247215
-5.10416666666667 0.0184272967854316
-4.37500000000001 0.015624579756962
-3.64583333333334 0.014493454155508
-2.91666666666667 0.0134918546871691
-2.18750000000001 0.0129929839415064
-1.45833333333334 0.0143990014160471
-0.729166666666673 0.0168177615448122
-6.66133814775094e-15 0.0171154154515678
0.72916666666666 0.0164400200086665
1.45833333333333 0.014212335989324
2.18749999999999 0.0127286934078303
2.91666666666666 0.0128105522434548
3.64583333333333 0.0135107570359615
4.37499999999999 0.0146018454026288
5.10416666666666 0.0170946736516626
5.83333333333333 0.0199723771209531
6.56249999999999 0.0199353797837268
7.29166666666666 0.0159301585627943
8.02083333333333 0.0145029854087232
8.74999999999999 0.0155315185937774
9.47916666666666 0.0162067200753295
10.2083333333333 0.0170939084410482
10.9375 0.0217860684090643
11.6666666666667 0.0260828544974162
12.3958333333333 0.0235540162024285
13.125 0.0179250384749294
13.8541666666667 0.0169349709127698
14.5833333333333 0.0174115748734034
15.3125 0.0167222084853794
16.0416666666667 0.0177088294448339
16.7708333333333 0.0237592902728821
17.5 0.0263063412858573
18.2291666666667 0.0213150529438478
18.9583333333333 0.0165681946025225
19.6875 0.0160044824312673
20.4166666666667 0.0150679359081116
21.1458333333333 0.0132017854026353
21.875 0.0143033914161738
22.6041666666667 0.0190689956427104
23.3333333333333 0.0186688804745834
24.0625 0.0141065700919241
24.7916666666667 0.0120367039950931
25.5208333333333 0.0115908763778565
26.25 0.00974291015422123
26.9791666666667 0.00742570084062388
27.7083333333333 0.00725975898983833
28.4375 0.00824605691187535
29.1666666666667 0.0056084056331556
29.8958333333333 0.00390334007063025
30.625 0.00452475352351035
31.3541666666667 0.0034798142275944
32.0833333333333 0.00188592207837116
32.8125 0.000853750363720014
33.5416666666667 0.000320647569517149
34.2708333333333 8.27193782197834e-05
