-35 2.8269261475553e-07
-34.2708333333333 3.92053939102591e-07
-33.5416666666667 8.95660806705385e-07
-32.8125 2.61567107151474e-06
-32.0833333333333 8.31890754460148e-06
-31.3541666666667 2.58549460953097e-05
-30.625 6.625993470427e-05
-29.8958333333333 0.000113204965102353
-29.1666666666667 0.000132995076069416
-28.4375 0.000151624341039278
-27.7083333333333 0.000262079987856243
-26.9791666666667 0.00070613059079258
-26.25 0.0020458255579149
-25.5208333333333 0.00564482763760147
-24.7916666666667 0.0135201194977037
-24.0625 0.0240753887766841
-23.3333333333333 0.0300410710176637
-22.6041666666667 0.0265407027456115
-21.875 0.0155324394496464
-21.1458333333333 0.00620116799312672
-20.4166666666667 0.00291143360072938
-19.6875 0.00537777741235513
-18.9583333333333 0.0149566442529974
-18.2291666666667 0.0301869326323001
-17.5 0.0388740887811512
-16.7708333333333 0.0319014563622105
-16.0416666666667 0.0167302865687468
-15.3125 0.00684865371672579
-14.5833333333333 0.00536688803603646
-13.8541666666667 0.0109727325519816
-13.125 0.0210677278947593
-12.3958333333333 0.0246664711357285
-11.6666666666667 0.0220390849654218
-10.9375 0.0249117638183005
-10.2083333333333 0.0215064510070992
-9.47916666666667 0.0116508374229548
-8.75000000000001 0.00886548389088415
-8.02083333333334 0.0169496358992457
-7.29166666666667 0.0304590559056384
-6.56250000000001 0.028271006301692
-5.83333333333334 0.0177864200804438
-5.10416666666667 0.027590738389286
-4.37500000000001 0.0311129075768189
-3.64583333333334 0.0177459020878996
-2.91666666666667 0.00783068049573122
-2.18750000000001 0.00740636754477803
-1.45833333333334 0.0178228850612213
-0.729166666666673 0.0359990857092496
-6.66133814775094e-15 0.0456656626615636
0.72916666666666 0.0359990855193067
1.45833333333333 0.0178228847429406
2.18749999999999 0.00740636555147567
2.91666666666666 0.00783067346096876
3.64583333333333 0.0177458841299711
4.37499999999999 0.0311128769176629
5.10416666666666 0.0275907165988266
5.83333333333333 0.0177864176260095
6.56249999999999 0.0282709956117698
7.29166666666666 0.0304590347593182
8.02083333333333 0.0169496219648622
8.74999999999999 0.00886548175429895
9.47916666666666 0.0116508480700225
10.2083333333333 0.0215064761490664
10.9375 0.024911796435933
11.6666666666667 0.0220391150627319
12.3958333333333 0.0246664966839661
13.125 0.0210677449954967
13.8541666666667 0.0109727415102206
14.5833333333333 0.00536689394829245
15.3125 0.00684866078947004
16.0416666666667 0.0167302959057076
16.7708333333333 0.0319014635761924
17.5 0.0388740924080274
18.2291666666667 0.0301869383195806
18.9583333333333 0.0149566508747658
19.6875 0.00537778098296058
20.4166666666667 0.0029114331782354
21.1458333333333 0.00620116336555219
21.875 0.015532429663802
22.6041666666667 0.0265406901631543
23.3333333333333 0.0300410583453374
24.0625 0.0240753756777946
24.7916666666667 0.0135201094761496
25.5208333333333 0.00564482293185007
26.25 0.00204582394081924
26.9791666666667 0.000706130173423439
27.7083333333333 0.000262079876968632
28.4375 0.000151624211269223
29.1666666666667 0.000132995030707036
29.8958333333333 0.000113204898490781
30.625 6.62598092140758e-05
31.3541666666667 2.58548606385016e-05
32.0833333333333 8.31886209655484e-06
32.8125 2.61564907034534e-06
33.5416666666667 8.95648251382481e-07
34.2708333333333 3.92048387970556e-07
