-35 2.40035905808184e-07
-34.2708333333333 5.67589123252326e-07
-33.5416666666667 2.47855164291984e-06
-32.8125 8.5982509465093e-06
-32.0833333333333 2.69930858548031e-05
-31.3541666666667 7.67703574055606e-05
-30.625 0.000166440815139082
-29.8958333333333 0.00021534876638398
-29.1666666666667 0.000214279669237154
-28.4375 0.000238067930441474
-27.7083333333333 0.000254225527478983
-26.9791666666667 0.000496088276943145
-26.25 0.0013417395775612
-25.5208333333333 0.0033673621071946
-24.7916666666667 0.00710821258653516
-24.0625 0.0111466798201744
-23.3333333333333 0.0130628557934236
-22.6041666666667 0.0118466419130551
-21.875 0.00721357211299258
-21.1458333333333 0.00322124341273041
-20.4166666666667 0.00328823491959187
-19.6875 0.00815537477988527
-18.9583333333333 0.0165085484184916
-18.2291666666667 0.019873235336846
-17.5 0.0180763444052235
-16.7708333333333 0.0204139017566454
-16.0416666666667 0.0176764854771397
-15.3125 0.00929101354502818
-14.5833333333333 0.00558088312202268
-13.8541666666667 0.00915316808567134
-13.125 0.0169086675939325
-12.3958333333333 0.0165400327243232
-11.6666666666667 0.0107927799341402
-10.9375 0.0161531420834364
-10.2083333333333 0.0184062831669368
-9.47916666666667 0.0109837292443598
-8.75000000000001 0.00569120916755218
-8.02083333333334 0.00620474287623664
-7.29166666666667 0.0104109152071313
-6.56250000000001 0.0102279114963906
-5.83333333333334 0.00670415763284542
-5.10416666666667 0.00980641517136728
-4.37500000000001 0.0112930451175586
-3.64583333333334 0.00711140899951261
-2.91666666666667 0.00402637961932751
-2.18750000000001 0.00420881147915251
-1.45833333333334 0.00682171617272106
-0.729166666666673 0.00832011237897112
-6.66133814775094e-15 0.00816451333835107
0.72916666666666 0.00874311140911087
1.45833333333333 0.00677656664703515
2.18749999999999 0.00356513628597338
2.91666666666666 0.00311369438326485
3.64583333333333 0.00637251677483284
4.37499999999999 0.0126225870153632
5.10416666666666 0.0172131783209561
5.83333333333333 0.0185526909602848
6.56249999999999 0.0180466874153533
7.29166666666666 0.0119757667858411
8.02083333333333 0.00522085860623871
8.74999999999999 0.00414028995635798
9.47916666666666 0.0110573582316157
10.2083333333333 0.0300091176043579
10.9375 0.0583264624905005
11.6666666666667 0.0739471632399371
12.3958333333333 0.0594668712086413
13.125 0.0291784759215379
13.8541666666667 0.00940474795375301
14.5833333333333 0.00472113841778762
15.3125 0.0139378151764523
16.0416666666667 0.0450107163539656
16.7708333333333 0.0978636755628144
17.5 0.128729027511429
18.2291666666667 0.100768417432005
18.9583333333333 0.0474882321319813
19.6875 0.0152736711656935
20.4166666666667 0.00438385966488051
21.1458333333333 0.00473896987937665
21.875 0.0143264582280137
22.6041666666667 0.0307407326521472
23.3333333333333 0.0400929080137595
24.0625 0.0321914873162964
24.7916666666667 0.0163537414245391
25.5208333333333 0.00611842961684196
26.25 0.00199316006391485
26.9791666666667 0.000628075089124241
27.7083333333333 0.000319074852442974
28.4375 0.000296258529336916
29.1666666666667 0.000230425857728343
29.8958333333333 0.000266457592412051
30.625 0.000241866492357737
31.3541666666667 0.000117923341798797
32.0833333333333 4.23035595180561e-05
32.8125 1.37165097294113e-05
33.5416666666667 4.12714090867153e-06
34.2708333333333 1.05120941170619e-06
