-35 7.40953896903372e-07
-34.2708333333333 1.02448722084837e-06
-33.5416666666667 2.27613492744268e-06
-32.8125 6.31400844208578e-06
-32.0833333333333 1.88176926292088e-05
-31.3541666666667 5.3995015609904e-05
-30.625 0.000121252022708134
-29.8958333333333 0.000163944439850862
-29.1666666666667 0.000156868675865818
-28.4375 0.000148848627693198
-27.7083333333333 0.000142509143423781
-26.9791666666667 0.000339371594495088
-26.25 0.00120732503633811
-25.5208333333333 0.00401054316646086
-24.7916666666667 0.0115225734126284
-24.0625 0.0240642047173625
-23.3333333333333 0.0308132293680691
-22.6041666666667 0.0233057992590837
-21.875 0.0103320349034979
-21.1458333333333 0.00312658929066865
-20.4166666666667 0.00261194106444297
-19.6875 0.00941134060838672
-18.9583333333333 0.0297902249660764
-18.2291666666667 0.0638103255462766
-17.5 0.0822798764629305
-16.7708333333333 0.0631913802974612
-16.0416666666667 0.0293144443348341
-15.3125 0.00911888432969811
-14.5833333333333 0.00312634339253139
-13.8541666666667 0.00622433553254801
-13.125 0.0188949263295272
-12.3958333333333 0.0380697079867106
-11.6666666666667 0.0478982738505537
-10.9375 0.0390121522492107
-10.2083333333333 0.0207127759323626
-9.47916666666667 0.00765460898275359
-8.75000000000001 0.00262030056864789
-8.02083333333334 0.00306044323280951
-7.29166666666667 0.00804126161003952
-6.56250000000001 0.0150506747183835
-5.83333333333334 0.018515785890055
-5.10416666666667 0.0160330505972835
-4.37500000000001 0.00946572527522899
-3.64583333333334 0.00393476475824454
-2.91666666666667 0.0016073500298151
-2.18750000000001 0.00202851582517667
-1.45833333333334 0.00556875546045195
-0.729166666666673 0.0116522302242441
-6.66133814775094e-15 0.0149519816750014
0.72916666666666 0.0116522293669653
1.45833333333333 0.00556875472685339
2.18749999999999 0.00202851560753098
2.91666666666666 0.00160735021902232
3.64583333333333 0.0039347654632246
4.37499999999999 0.00946572662353594
5.10416666666666 0.0160330515884217
5.83333333333333 0.0185157856700953
6.56249999999999 0.0150506743089335
7.29166666666666 0.00804126156662155
8.02083333333333 0.00306044319440486
8.74999999999999 0.00262030040527223
9.47916666666666 0.00765460878397348
10.2083333333333 0.0207127763161928
10.9375 0.0390121546280363
11.6666666666667 0.0478982778536508
12.3958333333333 0.0380697108836676
13.125 0.0188949272608142
13.8541666666667 0.00622433568159886
14.5833333333333 0.00312634341619576
15.3125 0.0091188842131193
16.0416666666667 0.0293144437935786
16.7708333333333 0.0631913792966827
17.5 0.0822798755149291
18.2291666666667 0.0638103250944738
18.9583333333333 0.0297902248648606
19.6875 0.00941134058299511
20.4166666666667 0.00261194102030154
21.1458333333333 0.00312658917119423
21.875 0.0103320345649821
22.6041666666667 0.0233057985870852
23.3333333333333 0.0308132287747132
24.0625 0.0240642046402947
24.7916666666667 0.0115225736591915
25.5208333333333 0.00401054338988323
26.25 0.00120732518992765
26.9791666666667 0.00033937163741652
27.7083333333333 0.00014250908220975
28.4375 0.000148848599080459
29.1666666666667 0.000156868756386443
29.8958333333333 0.000163944435696889
30.625 0.000121251954674156
31.3541666666667 5.39949892210024e-05
32.0833333333333 1.88176990016409e-05
32.8125 6.31402387566038e-06
33.5416666666667 2.27614890201461e-06
34.2708333333333 1.02449633215942e-06
