-35 4.54750525843898e-07
-34.2708333333333 6.05564106874839e-07
-33.5416666666667 1.25860293498852e-06
-32.8125 3.31049256010288e-06
-32.0833333333333 9.61551977815673e-06
-31.3541666666667 2.79334878613615e-05
-30.625 6.87551133539891e-05
-29.8958333333333 0.000114849834959423
-29.1666666666667 0.00012770838908901
-28.4375 0.000125062143882113
-27.7083333333333 0.000176879781056294
-26.9791666666667 0.000440961581209069
-26.25 0.00123771089003595
-25.5208333333333 0.00332145617160769
-24.7916666666667 0.00779446485413975
-24.0625 0.0136289773528247
-23.3333333333333 0.016313429378542
-22.6041666666667 0.0134791715305458
-21.875 0.00732784853834299
-21.1458333333333 0.00316031583176421
-20.4166666666667 0.00364025589714721
-19.6875 0.00940821931231926
-18.9583333333333 0.0197667295352862
-18.2291666666667 0.0261011506686705
-17.5 0.0252312867629616
-16.7708333333333 0.0250972512113162
-16.0416666666667 0.0192663172883
-15.3125 0.00966709997811997
-14.5833333333333 0.00702453503657847
-13.8541666666667 0.0141050093591868
-13.125 0.0275079217597704
-12.3958333333333 0.0310139571480887
-11.6666666666667 0.0255255299965387
-10.9375 0.0300330513990063
-10.2083333333333 0.0276517293246023
-9.47916666666667 0.0146318172585092
-8.75000000000001 0.00811542067778966
-8.02083333333334 0.0129489086140102
-7.29166666666667 0.0271036833431394
-6.56250000000001 0.0373592514064934
-5.83333333333334 0.0376997141644189
-5.10416666666667 0.0370493242648194
-4.37500000000001 0.0275242034405164
-3.64583333333334 0.0130553204245339
-2.91666666666667 0.00626305224718439
-2.18750000000001 0.00950242785838199
-1.45833333333334 0.0229876865370097
-0.729166666666673 0.0397441575971961
-6.66133814775094e-15 0.046657448867121
0.72916666666666 0.0397441571366979
1.45833333333333 0.0229876862193104
2.18749999999999 0.00950242802517927
2.91666666666666 0.00626305299390733
3.64583333333333 0.0130553220560538
4.37499999999999 0.0275242060215874
5.10416666666666 0.0370493261068478
5.83333333333333 0.0376997140642918
6.56249999999999 0.0373592512489006
7.29166666666666 0.027103683788328
8.02083333333333 0.0129489090691978
8.74999999999999 0.00811542145305284
9.47916666666666 0.0146318189647324
10.2083333333333 0.0276517318114026
10.9375 0.0300330531531044
11.6666666666667 0.0255255313200108
12.3958333333333 0.0310139595625295
13.125 0.0275079242733893
13.8541666666667 0.0141050107717443
14.5833333333333 0.00702453530985832
15.3125 0.00966709909715076
16.0416666666667 0.0192663153151949
16.7708333333333 0.025097248762721
17.5 0.0252312841034966
18.2291666666667 0.0261011475817877
18.9583333333333 0.0197667270631862
19.6875 0.00940821804877816
20.4166666666667 0.00364025551816309
21.1458333333333 0.00316031611444548
21.875 0.0073278494171165
22.6041666666667 0.0134791724970607
23.3333333333333 0.0163134301818228
24.0625 0.0136289784227656
24.7916666666667 0.00779446586887065
25.5208333333333 0.00332145673284924
26.25 0.0012377111086955
26.9791666666667 0.000440961673762457
27.7083333333333 0.000176879892838384
28.4375 0.000125062243403642
29.1666666666667 0.000127708401023968
29.8958333333333 0.000114849885294111
30.625 6.87552051157595e-05
31.3541666666667 2.79335407288172e-05
32.0833333333333 9.61554087252897e-06
32.8125 3.31050087033045e-06
33.5416666666667 1.25860640768535e-06
34.2708333333333 6.05565897139883e-07
