-35 3.75602783035993e-07
-34.2708333333333 8.08817780492366e-07
-33.5416666666667 2.45750691592154e-06
-32.8125 7.73321327837273e-06
-32.0833333333333 2.41984669387241e-05
-31.3541666666667 7.14131383256833e-05
-30.625 0.000167340892931245
-29.8958333333333 0.000247793231144454
-29.1666666666667 0.00025553589402582
-28.4375 0.000232722770964406
-27.7083333333333 0.000223912937709454
-26.9791666666667 0.000498110835965035
-26.25 0.0015253800452845
-25.5208333333333 0.00436193268328452
-24.7916666666667 0.010891046043088
-24.0625 0.0205045834663373
-23.3333333333333 0.0257663577405348
-22.6041666666667 0.0209517552537144
-21.875 0.0105403442938257
-21.1458333333333 0.00383607443538285
-20.4166666666667 0.00385103478531466
-19.6875 0.0115999160820818
-18.9583333333333 0.0299558208632666
-18.2291666666667 0.0530101324565033
-17.5 0.0631974856613594
-16.7708333333333 0.0534084810213327
-16.0416666666667 0.0305225320363798
-15.3125 0.0120678085392943
-14.5833333333333 0.00627705408253798
-13.8541666666667 0.0123286101912621
-13.125 0.0287959338499691
-12.3958333333333 0.0437555479587795
-11.6666666666667 0.0468823068085334
-10.9375 0.0436428000868317
-10.2083333333333 0.0304297584619066
-9.47916666666667 0.0142404327631019
-8.75000000000001 0.00686471514348325
-8.02083333333334 0.00940463963605165
-7.29166666666667 0.0188225883229174
-6.56250000000001 0.0236381154486525
-5.83333333333334 0.0215257773022188
-5.10416666666667 0.023134525039836
-4.37500000000001 0.019752975625235
-3.64583333333334 0.0104675415439972
-2.91666666666667 0.00536871267889112
-2.18750000000001 0.00678541010444349
-1.45833333333334 0.0129761019772582
-0.729166666666673 0.0165756149068389
-6.66133814775094e-15 0.0158625036005588
0.72916666666666 0.0164821791017724
1.45833333333333 0.0129036826638635
2.18749999999999 0.00629015076139167
2.91666666666666 0.00350112848985153
3.64583333333333 0.00605076967149796
4.37499999999999 0.0133473456356009
5.10416666666666 0.0201405950070672
5.83333333333333 0.0221981208014588
6.56249999999999 0.0203617826442858
7.29166666666666 0.013019390584571
8.02083333333333 0.00539249000765072
8.74999999999999 0.00285521410075953
9.47916666666666 0.00648589004173216
10.2083333333333 0.0183545160261196
10.9375 0.0361891001960913
11.6666666666667 0.0457035607325721
12.3958333333333 0.0366382156677978
13.125 0.0181073041435226
13.8541666666667 0.00583450092444422
14.5833333333333 0.00235212902488218
15.3125 0.00629486174393506
16.0416666666667 0.020932256821753
16.7708333333333 0.0458660091411073
17.5 0.0601998609597194
18.2291666666667 0.0469002559917073
18.9583333333333 0.0219662964951792
19.6875 0.00694968841537169
20.4166666666667 0.00188003513161367
21.1458333333333 0.0021084931136895
21.875 0.00691995292585693
22.6041666666667 0.0153953030176926
23.3333333333333 0.0202212482054002
24.0625 0.0159380805435108
24.7916666666667 0.00781612532673632
25.5208333333333 0.00280894915036741
26.25 0.000877910294443085
26.9791666666667 0.000259388762008329
27.7083333333333 0.00011572499202602
28.4375 0.00011708637795486
29.1666666666667 0.000116748081538137
29.8958333333333 0.000123303107703449
30.625 9.40759602886108e-05
31.3541666666667 4.249499982734e-05
32.0833333333333 1.47616203541863e-05
32.8125 4.77350821411359e-06
33.5416666666667 1.52853220995931e-06
34.2708333333333 5.37732387773368e-07
