-35 0.000765095264005644
-34.2708333333333 0.000928315464496559
-33.5416666666667 0.00135357167578693
-32.8125 0.00220727205445186
-32.0833333333333 0.00370700842095609
-31.3541666666667 0.00577781034030262
-30.625 0.00700261274680514
-29.8958333333333 0.00718782326679369
-29.1666666666667 0.0105687569481036
-28.4375 0.0130105528044709
-27.7083333333333 0.0109573871957215
-26.9791666666667 0.0110638544304775
-26.25 0.0129618692537083
-25.5208333333333 0.0136869399670937
-24.7916666666667 0.0142759974214914
-24.0625 0.0192962002939686
-23.3333333333333 0.0243660162563022
-22.6041666666667 0.0214841469700715
-21.875 0.0152750106619747
-21.1458333333333 0.0137503922299078
-20.4166666666667 0.013558576680243
-19.6875 0.012524609560439
-18.9583333333333 0.0136507196061251
-18.2291666666667 0.0187548968067183
-17.5 0.0198029519907116
-16.7708333333333 0.0155982913368165
-16.0416666666667 0.0121284612125278
-15.3125 0.0109335688952702
-14.5833333333333 0.00991918621086296
-13.8541666666667 0.00962775641127022
-13.125 0.0110526603261357
-12.3958333333333 0.0124741970183517
-11.6666666666667 0.012656461516726
-10.9375 0.0134952169285903
-10.2083333333333 0.0122583294809784
-9.47916666666667 0.0115302107327216
-8.75000000000001 0.0135416913222416
-8.02083333333334 0.0162902448702717
-7.29166666666667 0.0179357658778602
-6.56250000000001 0.0218014029455187
-5.83333333333334 0.0291316067925239
-5.10416666666667 0.0299241136253525
-4.37500000000001 0.0226191058777875
-3.64583333333334 0.021147678191726
-2.91666666666667 0.0239948203202301
-2.18750000000001 0.0253628036831899
-1.45833333333334 0.0276994759164257
-0.729166666666673 0.0384865162226639
-6.66133814775094e-15 0.0457081962583222
0.72916666666666 0.0377412104264582
1.45833333333333 0.0272659490859248
2.18749999999999 0.0246432372115101
2.91666666666666 0.0225375311582844
3.64583333333333 0.0192940692292546
4.37499999999999 0.0203665175928162
5.10416666666666 0.0265703067608654
5.83333333333333 0.0255362193251846
6.56249999999999 0.019568521045087
7.29166666666666 0.016576281695176
8.02083333333333 0.0150167543997065
8.74999999999999 0.0126473346405625
9.47916666666666 0.0109511149553352
10.2083333333333 0.0112766590317308
10.9375 0.0126432493463909
11.6666666666667 0.0130344212529969
12.3958333333333 0.0128810126325783
13.125 0.0109454499882471
13.8541666666667 0.00975771650368932
14.5833333333333 0.0101111052186295
15.3125 0.0105835996644699
16.0416666666667 0.0113870773414312
16.7708333333333 0.0152269219309375
17.5 0.019001827546371
18.2291666666667 0.017012601917
18.9583333333333 0.0123258050461235
19.6875 0.01137181419733
20.4166666666667 0.0116685179562857
21.1458333333333 0.0110807907279331
21.875 0.0119295276698532
22.6041666666667 0.01665887290972
23.3333333333333 0.0183999155675381
24.0625 0.0144671091177973
24.7916666666667 0.0110804148260509
25.5208333333333 0.0104975427754864
26.25 0.00944497678001356
26.9791666666667 0.00750046747822657
27.7083333333333 0.00683051936353965
28.4375 0.00788689806073488
29.1666666666667 0.00626894781202643
29.8958333333333 0.00424210933450202
30.625 0.00438629868722053
31.3541666666667 0.00373631407856327
32.0833333333333 0.00246852282611105
32.8125 0.00154441406090079
33.5416666666667 0.00102863286508791
34.2708333333333 0.000797319101399311
