-35 0.000519073148148154
-34.2708333333333 0.00058279308357119
-33.5416666666667 0.000795164148280258
-32.8125 0.0012294620529115
-32.0833333333333 0.0019773361756369
-31.3541666666667 0.00296506062793945
-30.625 0.00346708952524181
-29.8958333333333 0.00343317240721901
-29.1666666666667 0.00495458475892546
-28.4375 0.00603040012457262
-27.7083333333333 0.00485475246670208
-26.9791666666667 0.00458353199458705
-26.25 0.00529627790878074
-25.5208333333333 0.0058745852546974
-24.7916666666667 0.00662949963679029
-24.0625 0.00834287655798392
-23.3333333333333 0.00933194083753209
-22.6041666666667 0.00841358155524217
-21.875 0.00669778758063833
-21.1458333333333 0.00613590546811653
-20.4166666666667 0.0062002510599496
-19.6875 0.0066482317199381
-18.9583333333333 0.00795320191118674
-18.2291666666667 0.00918462653079213
-17.5 0.00896964275307001
-16.7708333333333 0.00886902851303268
-16.0416666666667 0.00824405503213908
-15.3125 0.00813765931802559
-14.5833333333333 0.00950548509341939
-13.8541666666667 0.0116582554342267
-13.125 0.0134197900467082
-12.3958333333333 0.0152079631286024
-11.6666666666667 0.0186493512382789
-10.9375 0.0201127699470917
-10.2083333333333 0.0164133734117262
-9.47916666666667 0.016025056689351
-8.75000000000001 0.0197851213066012
-8.02083333333334 0.0230106426880926
-7.29166666666667 0.0248840841863139
-6.56250000000001 0.0322522943685523
-5.83333333333334 0.042121426747739
-5.10416666666667 0.0395669720352217
-4.37500000000001 0.0288313122419814
-3.64583333333334 0.027661422206538
-2.91666666666667 0.0309987204354018
-2.18750000000001 0.0316122567295097
-1.45833333333334 0.0333884645010532
-0.729166666666673 0.0464736658642073
-6.66133814775094e-15 0.0561477687951203
0.72916666666666 0.0464736651318246
1.45833333333333 0.033388464229577
2.18749999999999 0.031612257541824
2.91666666666666 0.0309987220137822
3.64583333333333 0.027661424415196
4.37499999999999 0.0288313147306918
5.10416666666666 0.0395669741378496
5.83333333333333 0.0421214288533889
6.56249999999999 0.0322522969211333
7.29166666666666 0.0248840868013984
8.02083333333333 0.0230106459099916
8.74999999999999 0.0197851254499563
9.47916666666666 0.0160250609814049
10.2083333333333 0.0164133770743093
10.9375 0.0201127748433738
11.6666666666667 0.0186493583266976
12.3958333333333 0.0152079691765342
13.125 0.0134197941190483
13.8541666666667 0.011658259574896
14.5833333333333 0.00950548911756193
15.3125 0.00813766197675471
16.0416666666667 0.00824405706272691
16.7708333333333 0.00886903239679389
17.5 0.00896964611879717
18.2291666666667 0.00918462673665194
18.9583333333333 0.00795320161211519
19.6875 0.00664823132701793
20.4166666666667 0.0062002487871729
21.1458333333333 0.00613590153333043
21.875 0.00669778394295472
22.6041666666667 0.00841357699125437
23.3333333333333 0.00933193258214772
24.0625 0.00834286859368807
24.7916666666667 0.00662949512855662
25.5208333333333 0.00587458005437908
26.25 0.0052962697740987
26.9791666666667 0.00458352041645828
27.7083333333333 0.00485473476882093
28.4375 0.00603037351314553
29.1666666666667 0.00495455782347085
29.8958333333333 0.00343315269215377
30.625 0.00346707497650527
31.3541666666667 0.00296504928556388
32.0833333333333 0.00197732824481852
32.8125 0.00122945632984486
33.5416666666667 0.000795159937800898
34.2708333333333 0.000582790223718988
