-35 4.698833800531e-05
-34.2708333333333 5.3270165727899e-05
-33.5416666666667 8.61196657431563e-05
-32.8125 0.000162905673222445
-32.0833333333333 0.000313848659396733
-31.3541666666667 0.000550263577794642
-30.625 0.00070444117527622
-29.8958333333333 0.000609129189874613
-29.1666666666667 0.000884621206246804
-28.4375 0.00131554164545288
-27.7083333333333 0.00125463267580218
-26.9791666666667 0.00149491872752102
-26.25 0.00217038587210839
-25.5208333333333 0.00278926379171613
-24.7916666666667 0.00295238195949252
-24.0625 0.0031644133214109
-23.3333333333333 0.00434385778311458
-22.6041666666667 0.00496703467524614
-21.875 0.00398123082033167
-21.1458333333333 0.00406444820744392
-20.4166666666667 0.00555216469822072
-19.6875 0.00693761782409241
-18.9583333333333 0.00729318048194982
-18.2291666666667 0.00822792111866403
-17.5 0.0112441917583997
-16.7708333333333 0.0121336489181149
-16.0416666666667 0.00933300301832252
-15.3125 0.00924426002206365
-14.5833333333333 0.0119290818258959
-13.8541666666667 0.014078292337009
-13.125 0.0146384431892725
-12.3958333333333 0.0176215348914605
-11.6666666666667 0.0235576371029529
-10.9375 0.0235358187017234
-10.2083333333333 0.0175737925096207
-9.47916666666667 0.0172806979680657
-8.75000000000001 0.0208297450893556
-8.02083333333334 0.0228197120664336
-7.29166666666667 0.0234537116158302
-6.56250000000001 0.0299114807066283
-5.83333333333334 0.0383501563017983
-5.10416666666667 0.0353142179584742
-4.37500000000001 0.0260108159604189
-3.64583333333334 0.0255808319945229
-2.91666666666667 0.0286110582821168
-2.18750000000001 0.028951072380173
-1.45833333333334 0.029650868644367
-0.729166666666673 0.0394624145777834
-6.66133814775094e-15 0.0476114249877846
0.72916666666666 0.0405554512305525
1.45833333333333 0.03019100597344
2.18749999999999 0.0297158264111816
2.91666666666666 0.0305824813894722
3.64583333333333 0.0284243723825258
4.37499999999999 0.0289702072644131
5.10416666666666 0.0391703060533413
5.83333333333333 0.0438815556763396
6.56249999999999 0.0349550836193116
7.29166666666666 0.0269009739669256
8.02083333333333 0.0265177251812615
8.74999999999999 0.0252984191971937
9.47916666666666 0.0218351376167183
10.2083333333333 0.0222850259846553
10.9375 0.0300277099317672
11.6666666666667 0.0311640531169713
12.3958333333333 0.0236295004886744
13.125 0.0190397413311357
13.8541666666667 0.0185548354808139
14.5833333333333 0.0163919763716203
15.3125 0.013198120795771
16.0416666666667 0.0135529810482522
16.7708333333333 0.0179301460286252
17.5 0.0171022205993456
18.2291666666667 0.0125331588475947
18.9583333333333 0.0107775770791639
19.6875 0.0102897748695995
20.4166666666667 0.00838809709657778
21.1458333333333 0.00630724347282994
21.875 0.00647129160279417
22.6041666666667 0.00813408936331158
23.3333333333333 0.00694504234844442
24.0625 0.00508822458285312
24.7916666666667 0.00487653244177059
25.5208333333333 0.00454035987459714
26.25 0.00345664164505874
26.9791666666667 0.00234731662051997
27.7083333333333 0.0019232052897394
28.4375 0.00196007413739278
29.1666666666667 0.00131192416129502
29.8958333333333 0.000897074093289846
30.625 0.00101727188406348
31.3541666666667 0.000787914426452426
32.0833333333333 0.000445348674811084
32.8125 0.000227247492725404
33.5416666666667 0.000115355723424125
34.2708333333333 6.44544975107405e-05
