-35 0.000741650121689637
-34.2708333333333 0.000806899930015941
-33.5416666666667 0.00101204094570894
-32.8125 0.00139137922891155
-32.0833333333333 0.00196379321953949
-31.3541666666667 0.00263159132498658
-30.625 0.00316645533890531
-29.8958333333333 0.00404370303625214
-29.1666666666667 0.0052359897114293
-28.4375 0.00499198079716378
-27.7083333333333 0.00352482676461438
-26.9791666666667 0.00256396545820163
-26.25 0.00210117405913098
-25.5208333333333 0.00216706743291629
-24.7916666666667 0.00299544137327723
-24.0625 0.00327445274484799
-23.3333333333333 0.00238785634629934
-22.6041666666667 0.00271119598443336
-21.875 0.00317978924794292
-21.1458333333333 0.00304414106608876
-20.4166666666667 0.0035927309845291
-19.6875 0.00489764420535418
-18.9583333333333 0.00618652577503217
-18.2291666666667 0.00767744583294682
-17.5 0.00992240527864651
-16.7708333333333 0.0105416193677262
-16.0416666666667 0.00882802846877815
-15.3125 0.0092106517646497
-14.5833333333333 0.0114115269387163
-13.8541666666667 0.0132631911416624
-13.125 0.0150211515860816
-12.3958333333333 0.0196342295903235
-11.6666666666667 0.0240799470432645
-10.9375 0.0220310468038375
-10.2083333333333 0.0178330518874085
-9.47916666666667 0.019420371923802
-8.75000000000001 0.0229780443101628
-8.02083333333334 0.0246024158360531
-7.29166666666667 0.0254381816734102
-6.56250000000001 0.0329971418945569
-5.83333333333334 0.0420558555480815
-5.10416666666667 0.0382312220156876
-4.37500000000001 0.0294912974483042
-3.64583333333334 0.0309398121694904
-2.91666666666667 0.0349597637785126
-2.18750000000001 0.0347100630034939
-1.45833333333334 0.0348643242581642
-0.729166666666673 0.0479694939968567
-6.66133814775094e-15 0.0587178590703672
0.72916666666666 0.0479694886092776
1.45833333333333 0.0348643360948896
2.18749999999999 0.0347100989410058
2.91666666666666 0.0349598421324488
3.64583333333333 0.0309399179459711
4.37499999999999 0.0294913332583843
5.10416666666666 0.038231133566414
5.83333333333333 0.0420558358082616
6.56249999999999 0.0329971843396441
7.29166666666666 0.0254381190570321
8.02083333333333 0.024602313035196
8.74999999999999 0.0229779794832519
9.47916666666666 0.0194203518180273
10.2083333333333 0.0178331298733194
10.9375 0.0220312847243155
11.6666666666667 0.0240801807436559
12.3958333333333 0.0196343896349782
13.125 0.0150213499998684
13.8541666666667 0.0132634350795201
14.5833333333333 0.0114117864932127
15.3125 0.00921091518295582
16.0416666666667 0.00882829560619731
16.7708333333333 0.0105418886076541
17.5 0.00992267383853642
18.2291666666667 0.00767768376660231
18.9583333333333 0.00618668721454405
19.6875 0.00489772187320508
20.4166666666667 0.00359275107156832
21.1458333333333 0.00304413481441205
21.875 0.00317979743433394
22.6041666666667 0.00271125462094754
23.3333333333333 0.00238793021836158
24.0625 0.00327451015191502
24.7916666666667 0.00299549903418613
25.5208333333333 0.00216712448883378
26.25 0.00210121393866751
26.9791666666667 0.00256397698912507
27.7083333333333 0.00352481630419773
28.4375 0.00499196483176912
29.1666666666667 0.00523596558567648
29.8958333333333 0.00404367838182471
30.625 0.00316644864968065
31.3541666666667 0.0026315958957911
32.0833333333333 0.00196379816001078
32.8125 0.00139138107220032
33.5416666666667 0.00101203922994749
34.2708333333333 0.000806896098497286
