-35 4.96487030568209e-07
-34.2708333333333 8.3688600120624e-07
-33.5416666666667 2.29438685695856e-06
-32.8125 6.98422709112279e-06
-32.0833333333333 2.15600706166744e-05
-31.3541666666667 6.30778066902185e-05
-30.625 0.000146244643268626
-29.8958333333333 0.000212717772960862
-29.1666666666667 0.000216797908738648
-28.4375 0.000199846999307605
-27.7083333333333 0.000193836600002194
-26.9791666666667 0.000433873792932
-26.25 0.00135014955844429
-25.5208333333333 0.00393612352305885
-24.7916666666667 0.0100283821211116
-24.0625 0.0191764164158344
-23.3333333333333 0.0241220671108003
-22.6041666666667 0.019331246953806
-21.875 0.00951698165205166
-21.1458333333333 0.00337804237121457
-20.4166666666667 0.00335154633770999
-19.6875 0.0102851278170942
-18.9583333333333 0.0270790182247488
-18.2291666666667 0.0488577334159841
-17.5 0.0586520273386051
-16.7708333333333 0.0488958427359063
-16.0416666666667 0.0273254259718847
-15.3125 0.0106157242766355
-14.5833333333333 0.00550585982808372
-13.8541666666667 0.0109456643511632
-13.125 0.0256684339269941
-12.3958333333333 0.0390973372355949
-11.6666666666667 0.0418820255498255
-10.9375 0.0388273758328498
-10.2083333333333 0.0269631478803785
-9.47916666666667 0.012620683681301
-8.75000000000001 0.0062767763405777
-8.02083333333334 0.00894796915049439
-7.29166666666667 0.0176835614838928
-6.56250000000001 0.021447257597827
-5.83333333333334 0.0188948031700403
-5.10416666666667 0.0209351366622381
-4.37500000000001 0.0184221893730673
-3.64583333333334 0.00991276063329632
-2.91666666666667 0.0054068510498357
-2.18750000000001 0.00736311928121019
-1.45833333333334 0.0136001109331965
-0.729166666666673 0.0156287087907123
-6.66133814775094e-15 0.013579527816272
0.72916666666666 0.015612101330715
1.45833333333333 0.0135872389705613
2.18749999999999 0.00727509045097056
2.91666666666666 0.00507490118483734
3.64583333333333 0.00912771072631291
4.37499999999999 0.017283634103388
5.10416666666666 0.0204029870484208
5.83333333333333 0.0190143076866456
6.56249999999999 0.0208649126522247
7.29166666666666 0.0166520840904948
8.02083333333333 0.00823483793836091
8.74999999999999 0.0055641160447673
9.47916666666666 0.0112423689746155
10.2083333333333 0.0248168595676303
10.9375 0.0375025336231609
11.6666666666667 0.0416725115063805
12.3958333333333 0.0378322818397106
13.125 0.0237686060106419
13.8541666666667 0.00979138264772321
14.5833333333333 0.00480823230753196
15.3125 0.00958962398010457
16.0416666666667 0.0256208226594621
16.7708333333333 0.0475552219674662
17.5 0.0581192209333781
18.2291666666667 0.0477717463683177
18.9583333333333 0.0256589370705529
19.6875 0.00945858288687424
20.4166666666667 0.00300121509280682
21.1458333333333 0.00307097687801353
21.875 0.00887348246130721
22.6041666666667 0.0183436267036217
23.3333333333333 0.0231364629648822
24.0625 0.0183647525209925
24.7916666666667 0.00948183643297247
25.5208333333333 0.00366009155902037
26.25 0.00123506635078626
26.9791666666667 0.000391442603031579
27.7083333333333 0.000174606906628619
28.4375 0.000179293441464003
29.1666666666667 0.000192129409521978
29.8958333333333 0.000190590527550617
30.625 0.00013322228398187
31.3541666666667 5.7937808477268e-05
32.0833333333333 1.98827529707706e-05
32.8125 6.45818054724987e-06
33.5416666666667 2.1292869716531e-06
34.2708333333333 7.8871654607299e-07
