-35 2.90695168457747e-07
-34.2708333333333 1.21535352781455e-06
-33.5416666666667 5.12206470851352e-06
-32.8125 1.66576000870219e-05
-32.0833333333333 4.84984594056468e-05
-31.3541666666667 0.000125274359162478
-30.625 0.000232786629877986
-29.8958333333333 0.000222251610611008
-29.1666666666667 0.000208105013674165
-28.4375 0.000375619393128011
-27.7083333333333 0.000499597678109184
-26.9791666666667 0.000869044513782972
-26.25 0.00206274887822637
-25.5208333333333 0.00475280528803292
-24.7916666666667 0.00913910832910598
-24.0625 0.0125260913548615
-23.3333333333333 0.0133149514002908
-22.6041666666667 0.0129116584492772
-21.875 0.00898809938185776
-21.1458333333333 0.00444217815661283
-20.4166666666667 0.00437051234616422
-19.6875 0.00987638963606226
-18.9583333333333 0.0185998316968202
-18.2291666666667 0.0198089469576429
-17.5 0.0152585942836875
-16.7708333333333 0.0189711359199071
-16.0416666666667 0.0184784714966791
-15.3125 0.0102174167156035
-14.5833333333333 0.00673224578090069
-13.8541666666667 0.0120728364071231
-13.125 0.0245182180521838
-12.3958333333333 0.0320977280742794
-11.6666666666667 0.0311947258003525
-10.9375 0.0318367010951026
-10.2083333333333 0.0249382384880187
-9.47916666666667 0.0128366902932202
-8.75000000000001 0.00878812800297933
-8.02083333333334 0.0157661569890335
-7.29166666666667 0.0293899593565358
-6.56250000000001 0.031700573944644
-5.83333333333334 0.0256250947484381
-5.10416666666667 0.0317810766291082
-4.37500000000001 0.0300032321586633
-3.64583333333334 0.016658494410638
-2.91666666666667 0.0110490711533108
-2.18750000000001 0.0183245578782922
-1.45833333333334 0.0317747784398445
-0.729166666666673 0.0282190140960858
-6.66133814775094e-15 0.0168930092500519
0.72916666666666 0.0277026582425602
1.45833333333333 0.0312021077122248
2.18749999999999 0.0180058385030481
2.91666666666666 0.0111989133624586
3.64583333333333 0.0176937142358374
4.37499999999999 0.0324836383454992
5.10416666666666 0.0353428701719785
5.83333333333333 0.0288582440680511
6.56249999999999 0.0339883058651022
7.29166666666666 0.0306621352186268
8.02083333333333 0.0162665242392506
8.74999999999999 0.00920087232587576
9.47916666666666 0.0141129733449709
10.2083333333333 0.0283791435448201
10.9375 0.0377241520739917
11.6666666666667 0.0372079691648779
12.3958333333333 0.0360172103054303
13.125 0.0262410248420875
13.8541666666667 0.0126249736190108
14.5833333333333 0.00713759809514521
15.3125 0.0115716189812411
16.0416666666667 0.0223582449972555
16.7708333333333 0.0259900372343973
17.5 0.0227847154625938
18.2291666666667 0.0248691197837365
18.9583333333333 0.020911423396155
19.6875 0.0106908308672387
20.4166666666667 0.00466748893560948
21.1458333333333 0.00479369476297097
21.875 0.00996163611460142
22.6041666666667 0.0148015952730869
23.3333333333333 0.0152202845886901
24.0625 0.0134607422912877
24.7916666666667 0.00934375428586718
25.5208333333333 0.00476101208819288
26.25 0.00204880196305661
26.9791666666667 0.000859578296714242
27.7083333333333 0.000498713301480889
28.4375 0.000381792999579647
29.1666666666667 0.000214732615867634
29.8958333333333 0.000227604760455559
30.625 0.000236747312984077
31.3541666666667 0.000127127901844188
32.0833333333333 4.9162983398799e-05
32.8125 1.68781424344558e-05
33.5416666666667 5.19356160745878e-06
34.2708333333333 1.236534503923e-06
