-35 1.13692044756291e-07
-34.2708333333333 2.92143360914477e-07
-33.5416666666667 1.02760699747023e-06
-32.8125 3.45079310797348e-06
-32.0833333333333 1.13283844182612e-05
-31.3541666666667 3.54508981802774e-05
-30.625 9.05482325231615e-05
-29.8958333333333 0.000148854911557945
-29.1666666666667 0.000159147395619234
-28.4375 0.000151855381235185
-27.7083333333333 0.000221895184278757
-26.9791666666667 0.000627732736409573
-26.25 0.00199861419943038
-25.5208333333333 0.0060336715469053
-24.7916666666667 0.0159332653928402
-24.0625 0.0313303061365397
-23.3333333333333 0.0406645049177376
-22.6041666666667 0.0339512475915966
-21.875 0.0177934634170101
-21.1458333333333 0.00693343754771072
-20.4166666666667 0.00553265636809883
-19.6875 0.012787794475785
-18.9583333333333 0.026744124566578
-18.2291666666667 0.0346985903626794
-17.5 0.0334052470377072
-16.7708333333333 0.0353779040333407
-16.0416666666667 0.029080791357451
-15.3125 0.0152070765838871
-14.5833333333333 0.00922037648282496
-13.8541666666667 0.0149984757672289
-13.125 0.0288126281033032
-12.3958333333333 0.0332784915845366
-11.6666666666667 0.0280033524570979
-10.9375 0.0327176052576906
-10.2083333333333 0.0304142599114126
-9.47916666666667 0.016502093146546
-8.75000000000001 0.00812890133913883
-8.02083333333334 0.00981262691105065
-7.29166666666667 0.0200944808241955
-6.56250000000001 0.0298831089824413
-5.83333333333334 0.0323452015462622
-5.10416666666667 0.0307922452701256
-4.37500000000001 0.0216313378681245
-3.64583333333334 0.0100867240168921
-2.91666666666667 0.0045380265035684
-2.18750000000001 0.00558603538410187
-1.45833333333334 0.0123979772640263
-0.729166666666673 0.0204584114264879
-6.66133814775094e-15 0.0237115097807942
0.72916666666666 0.0210675493598891
1.45833333333333 0.0130622810939939
2.18749999999999 0.00591633969837288
2.91666666666666 0.00424036288576161
3.64583333333333 0.00843316550384564
4.37499999999999 0.0170658988355999
5.10416666666666 0.0222839067767452
5.83333333333333 0.0223340130444805
6.56249999999999 0.0225096579541838
7.29166666666666 0.0167255883832699
8.02083333333333 0.00864243609847327
8.74999999999999 0.00697102451935258
9.47916666666666 0.0133025831647829
10.2083333333333 0.0232899628080406
10.9375 0.0224909811546551
11.6666666666667 0.0172030538542634
12.3958333333333 0.0233715258469151
13.125 0.0222438797821789
13.8541666666667 0.0119877066441733
14.5833333333333 0.00739734797895435
15.3125 0.0120127917289305
16.0416666666667 0.0227660274205926
16.7708333333333 0.0274486315370799
17.5 0.0258801494451865
18.2291666666667 0.0271935870416739
18.9583333333333 0.0210663087957957
19.6875 0.0100597406000578
20.4166666666667 0.00442860683902409
21.1458333333333 0.00588071035197132
21.875 0.0153312837010669
22.6041666666667 0.0295864155310202
23.3333333333333 0.0359974086039842
24.0625 0.028064034509164
24.7916666666667 0.0143218361069655
25.5208333333333 0.00542322682881759
26.25 0.00179781341942035
26.9791666666667 0.000565031434624791
27.7083333333333 0.000195590165933268
28.4375 0.000130537438824517
29.1666666666667 0.000142581195240559
29.8958333333333 0.000134964222961303
30.625 7.99495446461584e-05
31.3541666666667 3.04423165762009e-05
32.0833333333333 9.50014827836135e-06
32.8125 2.82696884116013e-06
33.5416666666667 8.18837837269412e-07
34.2708333333333 2.28583259116543e-07
