-35 1.9317203231222e-06
-34.2708333333333 2.57898234431534e-06
-33.5416666666667 5.35385041244929e-06
-32.8125 1.38850926896597e-05
-32.0833333333333 3.88016288738081e-05
-31.3541666666667 0.000103884992474226
-30.625 0.000213758118108969
-29.8958333333333 0.000259884096170802
-29.1666666666667 0.000265146444911778
-28.4375 0.000345972129428493
-27.7083333333333 0.000425980149021915
-26.9791666666667 0.000808255591550337
-26.25 0.00199755150828138
-25.5208333333333 0.00459099766460115
-24.7916666666667 0.00847839517523412
-24.0625 0.0105905598894252
-23.3333333333333 0.0106182134750905
-22.6041666666667 0.0112929010152698
-21.875 0.00875860305677294
-21.1458333333333 0.00471158309071508
-20.4166666666667 0.00500011191417698
-19.6875 0.0117712559415707
-18.9583333333333 0.0235772421922623
-18.2291666666667 0.028515104615039
-17.5 0.0248551627407567
-16.7708333333333 0.0262018024204895
-16.0416666666667 0.0224247486066357
-15.3125 0.0125349831267864
-14.5833333333333 0.0105831521543541
-13.8541666666667 0.0211236121683374
-13.125 0.0380146970322023
-12.3958333333333 0.035194125832577
-11.6666666666667 0.0212791456699821
-10.9375 0.0332557650101596
-10.2083333333333 0.0384230791502633
-9.47916666666667 0.0225536232033036
-8.75000000000001 0.0125015418628006
-8.02083333333334 0.0163942299322899
-7.29166666666667 0.0283191617491109
-6.56250000000001 0.0272918265053587
-5.83333333333334 0.0182964769840887
-5.10416666666667 0.0273113436612432
-4.37500000000001 0.0301579544860118
-3.64583333333334 0.0172123618356058
-2.91666666666667 0.00762170332339689
-2.18750000000001 0.0068784300733627
-1.45833333333334 0.014548070989719
-0.729166666666673 0.0253525671764525
-6.66133814775094e-15 0.029994496487737
0.72916666666666 0.0253525359516591
1.45833333333333 0.0145480537011075
2.18749999999999 0.0068784272134111
2.91666666666666 0.00762168626100328
3.64583333333333 0.0172123131461731
4.37499999999999 0.0301579301118811
5.10416666666666 0.0273115098977283
5.83333333333333 0.0182967677354768
6.56249999999999 0.0272919270213937
7.29166666666666 0.0283190843542062
8.02083333333333 0.0163941601249581
8.74999999999999 0.012501532547634
9.47916666666666 0.0225536757899101
10.2083333333333 0.0384231445530284
10.9375 0.0332557071841439
11.6666666666667 0.0212790020880264
12.3958333333333 0.0351941173098036
13.125 0.0380147951814533
13.8541666666667 0.021123691130185
14.5833333333333 0.0105832217971077
15.3125 0.0125350955379824
16.0416666666667 0.0224248885734477
16.7708333333333 0.0262017857823614
17.5 0.0248549814549338
18.2291666666667 0.0285150448976695
18.9583333333333 0.0235773218880237
19.6875 0.0117713253994168
20.4166666666667 0.00500014077253682
21.1458333333333 0.00471159277199307
21.875 0.00875863223937953
22.6041666666667 0.0112929973129888
23.3333333333333 0.0106183514324494
24.0625 0.0105906493252071
24.7916666666667 0.0084784198141646
25.5208333333333 0.00459099806425938
26.25 0.00199754921867355
26.9791666666667 0.000808254298920464
27.7083333333333 0.000425979864061346
28.4375 0.000345972588893453
29.1666666666667 0.000265147495091417
29.8958333333333 0.000259884418493235
30.625 0.000213757323825621
31.3541666666667 0.000103884289484768
32.0833333333333 3.88013206647557e-05
32.8125 1.388497026259e-05
33.5416666666667 5.35379855961482e-06
34.2708333333333 2.57895677284052e-06
