0 -0.245076668762598 1.35656e-05
1 -0.245003533841524 1.25173e-05
2 -0.244958932970339 1.57417e-05
3 -0.244958932952541 2.06503e-05
4 -0.244937738947328 1.35935e-05
5 -0.244935059235059 1.24843e-05
6 -0.244894856178543 1.28752e-05
7 -0.244858596666153 1.58368e-05
8 -0.244823828606517 1.35393e-05
9 -0.244823828596817 9.95901e-06
10 -0.244619069687219 7.71701e-06
11 -0.24457858808483 8.14772e-06
12 -0.244578588070612 7.00084e-06
13 -0.244496028936147 1.03043e-05
14 -0.24429949980006 6.30623e-06
15 -0.24426501983303 5.0708e-06
16 -0.244255840174419 5.48381e-06
17 -0.244255840155147 8.06001e-06
18 -0.244092264650376 4.96374e-06
19 -0.24405677166827 5.04649e-06
20 -0.244050114384352 4.04885e-06
21 -0.244050114380679 4.70785e-06
22 -0.243971270835005 3.90779e-06
23 -0.243969823144022 3.99747e-06
24 -0.243969823134188 5.89093e-06
25 -0.243966062854685 4.43868e-06
26 -0.243948394463298 4.37557e-06
27 -0.243894737301349 3.75528e-06
28 -0.243894737292885 3.99149e-06
29 -0.243877242796692 3.1276e-06
30 -0.243822666985819 4.51145e-06
31 -0.243759356527779 3.34895e-06
32 -0.243759356501009 3.25377e-06
33 -0.243735466270191 3.66476e-06
34 -0.243575204581005 2.58474e-06
35 -0.243548943182783 3.20168e-06
36 -0.243548943168866 2.43525e-06
37 -0.243519094620048 2.74375e-06
38 -0.24339677589282 2.1583e-06
39 -0.243365098328328 2.0194e-06
40 -0.243365098316018 2.6065e-06
41 -0.243174076793634 2.27077e-06
42 -0.243156845497055 1.93139e-06
43 -0.242915803864467 1.40302e-06
44 -0.242915803853993 1.51277e-06
45 -0.242784291582265 1.01082e-06
46 -0.242051469503695 7.23672e-07
47 -0.242036407693587 6.3727e-07
48 -0.242036407682165 6.10437e-07
49 -0.242009174258937 5.41664e-07
50 -0.1647663049532 1.52196e-08
51 -0.159747399675042 1.30764e-08
52 -0.159747399641185 5.82784e-09
53 -0.155164169867247 1.72943e-08
54 -0.152584542266156 1.4727e-08
55 -0.152504360894195 2.7905e-09
56 -0.15243515503984 1.49767e-08
57 -0.148491135226172 3.99377e-09
58 -0.148491135206215 1.34809e-08
59 -0.148397808492975 1.56081e-08
60 -0.148397808491632 1.80205e-08
61 -0.144649484184878 7.85405e-09
62 -0.143651958877329 4.86023e-09
63 -0.143651958872411 9.41108e-09
64 -0.142506288334856 1.03036e-08
65 -0.142473491432616 6.02096e-09
66 -0.142405550340567 2.35165e-08
67 -0.140239787739316 7.8762e-09
68 -0.140009535993732 1.89769e-08
69 -0.13904650759709 9.26501e-09
70 -0.139046507596437 8.78962e-09
71 -0.137582602148756 8.37455e-09
72 -0.134886499746452 1.65923e-08
73 -0.134886499719382 1.58278e-08
74 -0.134803586990803 2.39249e-08
75 -0.134803586990709 6.92166e-08
76 -0.134234592029772 1.3704e-08
77 -0.134234591645484 1.39441e-08
78 -0.13395868851955 1.16799e-08
79 -0.133699008730847 1.43637e-08
80 -0.133659587650702 2.20027e-08
81 -0.131900703269844 2.17108e-08
82 -0.131729235999104 2.78208e-08
83 -0.131129826974639 2.13151e-07
84 -0.130626360123922 1.6167e-08
85 -0.13062636011753 2.22338e-09
86 -0.129238066437027 1.17668e-08
87 -0.129187647304056 8.28021e-09
88 -0.128079262283353 1.33277e-08
89 -0.127321157898225 1.15322e-08
90 -0.127321157897561 2.61358e-08
91 -0.126438426438282 1.43339e-08
92 -0.126438426200825 3.52019e-08
93 -0.126301990181598 4.47952e-08
94 -0.125987474707483 3.448e-08
95 -0.12594953183364 2.43024e-08
96 -0.125854472808797 2.32312e-08
97 -0.123379789235725 7.2972e-08
98 -0.123379789235463 8.89748e-08
99 -0.123012790292729 1.61691e-07
