0 0.07396609  0.0004112584618885
1 0.07410991  0.0176856654965148
10 0.07498242 -0.0041319377835859
100 0.08068121  0.0029174846040692
1000 0.10146271  0.0000000237044997
1001 0.10146657  0.0005168655700632
1002 0.10146739 -0.0002020450042489
1003 0.10147334  0.0000006744820119
1004 0.10149660 -0.0002096023613089
1005 0.10151271  0.0002988041031144
1006 0.10151303 -0.0000637178682662
1007 0.10151836 -0.0022355408471582
1008 0.10151842  0.0033468681056072
1009 0.10157624 -0.0000000190952169
101 0.08071960 -0.0000384052693638
1010 0.10165151 -0.0000140070897986
1011 0.10165211 -0.0000599943137121
1012 0.10166602 -0.0001379423156305
1013 0.10166643  0.0001269532002650
1014 0.10169664 -0.0000000709840038
1015 0.10170295  0.0004252102052761
1016 0.10170417 -0.0002848443027540
1017 0.10170539 -0.0000007614015918
1018 0.10171344 -0.0000546773711169
1019 0.10171599  0.0001040354303813
102 0.08072837  0.0000203822258493
1020 0.10174183 -0.0006105549046825
1021 0.10174338  0.0005504257783249
1022 0.10182474  0.0002418725914623
1023 0.10190950 -0.0003203465327446
1024 0.10191081 -0.0004134752666218
1025 0.10196116  0.0000003246283935
1026 0.10196420  0.0000227806580772
1027 0.10196632  0.0000168870793376
1028 0.10197227 -0.0001095129705875
1029 0.10203378 -0.0003632865735090
103 0.08073578 -0.0182562490756623
1030 0.10203384  0.0002519742044570
1031 0.10203862  0.0002505807207744
1032 0.10205835 -0.0000027684220207
1033 0.10207637 -0.0000430122738994
1034 0.10215094 -0.0000352479493473
1035 0.10215427  0.0000610991306386
1036 0.10217349  0.0000202177815697
1037 0.10222183  0.0002479806338106
1038 0.10223202 -0.0000080266250738
1039 0.10224431 -0.0000041517405418
104 0.08073678  0.0163135058261090
1040 0.10227342 -0.0003430834977736
1041 0.10229362  0.0000549172150551
1042 0.10230399  0.0005070134977718
1043 0.10230480 -0.0003222882579281
1044 0.10234617 -0.0000060063993458
1045 0.10236301  0.0032697708639359
1046 0.10237309 -0.0033149915334429
1047 0.10237836  0.0000000003335849
1048 0.10242749  0.0000394508505632
1049 0.10242984  0.0001949594374855
105 0.08081254 -0.0000000280678684
1050 0.10244553  0.0027072896281291
1051 0.10244654 -0.0022375086838510
1052 0.10247408 -0.0002344448379317
1053 0.10248001 -0.0024886531692282
1054 0.10249080  0.0017297480653918
1055 0.10252801  0.0005221756813439
1056 0.10253719  0.0005255647307554
1057 0.10254641 -0.0002490665683329
1058 0.10256685 -0.0002538735020338
1059 0.10261601 -0.0003714647945277
106 0.08082781  0.0000023134098948
1060 0.10262214  0.0002382129763628
1061 0.10272280  0.0002628444961949
1062 0.10279388  0.0000206487393983
1063 0.10279402  0.0002394191951866
1064 0.10282964 -0.0000013641126557
1065 0.10285706 -0.0000000047926174
1066 0.10289838  0.0000023542298947
1067 0.10291106 -0.0001738848404512
1068 0.10291127  0.0002631562026579
1069 0.10293505 -0.0000000101570681
107 0.08083697 -0.0000072220295680
1070 0.10297960  0.0000000112830372
1071 0.10299214  0.0000005782435130
1072 0.10299423 -0.0000245659470727
1073 0.10300122  0.0000023491890835
1074 0.10312526  0.0005123525447625
1075 0.10312607 -0.0001760524082320
1076 0.10314837  0.0000027526489340
1077 0.10316666  0.0000000386824522
1078 0.10325342  0.0005970103935889
1079 0.10330639  0.0066341305070122
108 0.08088742 -0.0121801198648895
1080 0.10330724 -0.0049172846423468
1081 0.10332773  0.0000000636150068
1082 0.10352795 -0.0000146027343749
1083 0.10354047 -0.0011524430542010
1084 0.10354271 -0.0000000032244156
1085 0.10356332 -0.0000946266137913
1086 0.10356817  0.0003011219625062
1087 0.10356848  0.0000059212266503
1088 0.10358275 -0.0000010834818631
1089 0.10359531 -0.0000000667443148
109 0.08089726  0.0140147614525259
1090 0.10369139  0.0000000355122432
1091 0.10369950  0.0000150056994015
1092 0.10370029 -0.0001329991225199
1093 0.10370761  0.0000132179381690
1094 0.10371944 -0.0000000541225275
1095 0.10375698 -0.0000002491187394
1096 0.10380101  0.0102731221917714
1097 0.10380275 -0.0104001911836092
1098 0.10382286  0.0033341866771824
1099 0.10382313 -0.0028826615014766
11 0.07507622  0.0001083637472813
110 0.08093662 -0.0038487757195707
1100 0.10384697  0.0000000819103134
1101 0.10384985  0.0000001544026426
1102 0.10385134  0.0001218202894056
1103 0.10385482  0.0000969930863822
1104 0.10393458  0.0000000091145870
1105 0.10395096 -0.0000000001753726
1106 0.10399985  0.0000317646823778
1107 0.10400397  0.0000009109617513
1108 0.10401455  0.0004840670435130
1109 0.10401490 -0.0001708438776100
111 0.08095059  0.0018836537690902
1110 0.10402018 -0.0005150168647907
1111 0.10405129 -0.0044098136623362
1112 0.10405617  0.0042841313411347
1113 0.10415560 -0.0000000082737230
1114 0.10417787  0.0185571099682730
1115 0.10417849 -0.0178068331262785
1116 0.10418453  0.0019772168290876
1117 0.10420429 -0.0000007508339786
1118 0.10421311  0.0002998101093531
1119 0.10421515 -0.0034818546888970
112 0.08097794  0.0000474855930952
1120 0.10421856  0.0000584711754195
1121 0.10423199  0.0002116739613006
1122 0.10430663 -0.0001268580835883
1123 0.10431515  0.0000000798035418
1124 0.10446303  0.0057692785294350
1125 0.10447913 -0.0689879677473067
1126 0.10448022  0.0611517928851275
1127 0.10448398  0.0000009387995928
1128 0.10448644  0.0024314672871761
1129 0.10452588  0.0002129217208073
113 0.08098229 -0.0061930152458233
1130 0.10453233 -0.0005703905803787
1131 0.10453333  0.0007202982354817
1132 0.10459333  0.0000000341158510
1133 0.10459905  0.0016355177411338
1134 0.10459912 -0.0015559323620554
1135 0.10461477 -0.0007044238753124
1136 0.10461990 -0.0000989914920958
1137 0.10462912 -0.0074507653155392
1138 0.10462971  0.0074585081435380
1139 0.10464374 -0.0001219849390036
114 0.08098275  0.0000093882489244
1140 0.10464836 -0.0000064103095905
1141 0.10469592  0.0000006763445532
1142 0.10469739  0.0012319040465974
1143 0.10471371  0.0015192135914302
1144 0.10471476 -0.0022884751254344
1145 0.10472469  0.0002619101479966
1146 0.10472573  0.0000249605633674
1147 0.10475645 -0.0007332902306574
1148 0.10475895 -0.0000067057203939
1149 0.10475915  0.0036037272310723
115 0.08098314  0.0070605019482992
1150 0.10476324 -0.0000373903969583
1151 0.10479238 -0.0000767982118814
1152 0.10480817  0.0001541044388335
1153 0.10480833 -0.0003460492679020
1154 0.10484416  0.0000003873066450
1155 0.10486195  0.0001020157171800
1156 0.10486568  0.0003158727308555
1157 0.10488139  0.0000000507268474
1158 0.10488412 -0.0018494306970762
1159 0.10488436  0.0019637266058711
116 0.08099231  0.0000530856900678
1160 0.10489660 -0.0000000623412663
1161 0.10491310  0.0002064279507459
1162 0.10491768  0.0000208527611580
1163 0.10492223  0.0000294178813949
1164 0.10492289 -0.0000000470878366
1165 0.10493917  0.0000001806840931
1166 0.10493954  0.0007825431366514
1167 0.10494793  0.0002808288266215
1168 0.10495827 -0.0001972931329723
1169 0.10500028  0.0000690529668565
117 0.08099809 -0.0000008590480185
1170 0.10500367 -0.0000831347933605
1171 0.10500833 -0.0000000983166817
1172 0.10500964 -0.0000754239124599
1173 0.10501113  0.0001530471943621
1174 0.10501990 -0.0000002892322800
1175 0.10502853  0.0004180641813599
1176 0.10502881 -0.0005032414476035
1177 0.10503965 -0.0000000612565069
1178 0.10505338 -0.0000985704561275
1179 0.10505505  0.0000010944163942
118 0.08100053  0.0000683356262108
1180 0.10506158  0.0004634023465328
1181 0.10507126 -0.0001600016263248
1182 0.10507198  0.0001611005234345
1183 0.10507570 -0.0000001812955425
1184 0.10509063 -0.0000081013714461
1185 0.10509539  0.0001929138513726
1186 0.10509616  0.0000019987296618
1187 0.10509934 -0.0000703489683309
1188 0.10509946  0.0000176796561132
1189 0.10511576  0.0003690318386371
119 0.08103531 -0.0211774932097703
1190 0.10511699  0.0096416508524698
1191 0.10511768 -0.0095357975142068
1192 0.10511783  0.0004656487478064
1193 0.10515302  0.0003634366388887
1194 0.10515488 -0.0000005125138958
1195 0.10515520 -0.0003498966749631
1196 0.10515831  0.0001547660603009
1197 0.10516048  0.0000224148954298
1198 0.10516499 -0.0001928317919047
1199 0.10516530  0.0000914593926345
12 0.07532857 -0.0005304845195976
120 0.08104154  0.0210810829235213
1200 0.10517655 -0.0000489951691890
1201 0.10519015  0.0071189296206302
1202 0.10519064 -0.0059634776167485
1203 0.10520934 -0.0000001475184278
1204 0.10526720 -0.0000070386106238
1205 0.10527737 -0.0001298440930835
1206 0.10529438 -0.0000034502639214
1207 0.10529470  0.0000033753110061
1208 0.10529832 -0.0000006357501074
1209 0.10531523 -0.0000006576627153
121 0.08105842  0.0001056111793548
1210 0.10531726  0.0168025704366847
1211 0.10531770 -0.0166032266804851
1212 0.10532167  0.0000000109456498
1213 0.10532518  0.0000000251391820
1214 0.10533308  0.0004684472586221
1215 0.10533320 -0.0004787627251238
1216 0.10533488  0.0000003579552679
1217 0.10533861  0.0000053886935740
1218 0.10533939 -0.0000241392135002
1219 0.10534444  0.0177944649563582
122 0.08111019  0.0000346868914277
1220 0.10534497 -0.0177883135907588
1221 0.10535362 -0.0002245951820648
1222 0.10537189  0.0000002578525990
1223 0.10538351  0.0043902213518338
1224 0.10538559 -0.0042332792651693
1225 0.10540144 -0.0003554945018392
1226 0.10540163  0.0001022645145835
1227 0.10540456 -0.0000001079632245
1228 0.10548593 -0.0000006273688832
1229 0.10548824 -0.0087323471749340
123 0.08114225 -0.0028734580947178
1230 0.10548979  0.0097849914990621
1231 0.10549697  0.0000031572788522
1232 0.10550604  0.0013984676947403
1233 0.10550617 -0.0004715575685116
1234 0.10550628  0.0006459676754636
1235 0.10554219 -0.0010015150769933
1236 0.10554268  0.0000274003114076
1237 0.10554521  0.0008420567144169
1238 0.10555283  0.0077748699159481
1239 0.10555376 -0.0061488438257846
124 0.08114252  0.0031333869875060
1240 0.10556917 -0.0000020358872053
1241 0.10557380 -0.0007185536588737
1242 0.10557582  0.0004840934009695
1243 0.10557954  0.0000164742111314
1244 0.10558159  0.0001065560395804
1245 0.10560290  0.0058546080960322
1246 0.10560457 -0.0060105160152093
1247 0.10563391  0.0000021504545275
1248 0.10563737  0.0009341715518427
1249 0.10567446  0.0021005796995964
125 0.08115229  0.0001138836126002
1250 0.10567647 -0.0012172519300065
1251 0.10568816  0.0000003095589517
1252 0.10569911 -0.0000540498212183
1253 0.10570086  0.0000098405029372
1254 0.10570718 -0.0001110550637344
1255 0.10570918 -0.0000082581520845
1256 0.10571416  0.0016316034603761
1257 0.10571529  0.0001997124551540
1258 0.10571541 -0.0000136697292541
1259 0.10571621 -0.0004350938472595
126 0.08115778 -0.0000033253372679
1260 0.10572852  0.0000017777767470
1261 0.10574886 -0.0012500648829661
1262 0.10574896  0.0012784082148820
1263 0.10575691  0.0000025941584809
1264 0.10577102  0.0000239734031238
1265 0.10577777  0.0001406387749173
1266 0.10579086 -0.0000045260466776
1267 0.10579149 -0.0000008427724521
1268 0.10579302  0.0000017021580291
1269 0.10579470 -0.0001411493924122
127 0.08119618 -0.0003853859412607
1270 0.10580673  0.0012231762603701
1271 0.10580816 -0.0009509131999998
1272 0.10581521 -0.0001473515836308
1273 0.10581611  0.0000663761207088
1274 0.10582010 -0.0000836931906352
1275 0.10582075  0.0000506017906374
1276 0.10582616  0.0000149796189867
1277 0.10583985 -0.0000054878367253
1278 0.10584364  0.0049779117986496
1279 0.10584801  0.0164921431644786
128 0.08119721  0.0006414182296171
1280 0.10585018 -0.0063333086302141
1281 0.10585227 -0.0160509606879808
1282 0.10586376  0.0009779645106632
1283 0.10586502  0.0155097706858706
1284 0.10586787 -0.0154891294920924
1285 0.10587312 -0.0001322692768440
1286 0.10589178 -0.0012824401018352
1287 0.10589366  0.0010827100377711
1288 0.10589430 -0.0002642624252475
1289 0.10589877  0.0057590606842889
129 0.08126211  0.0001599530003457
1290 0.10589959 -0.0036796596773590
1291 0.10590324 -0.0001774150174874
1292 0.10590859 -0.0006056550018244
1293 0.10592304  0.0017989621082506
1294 0.10592540 -0.0016477964340534
1295 0.10592577  0.0012022316512264
1296 0.10592674  0.0022416811967580
1297 0.10592949 -0.0016666136037688
1298 0.10593321 -0.0000999578715270
1299 0.10593834  0.0010934354543536
13 0.07532900  0.0001921179876086
130 0.08130429  0.0010858709351943
1300 0.10594266  0.0002008340866317
1301 0.10594830  0.0074920085155157
1302 0.10594893 -0.0083007700010241
1303 0.10595212  0.0002708927917729
1304 0.10595348 -0.0022070587914065
1305 0.10595497  0.0024213701490627
1306 0.10595951 -0.0000016577529401
1307 0.10596679  0.0011080287331940
1308 0.10597711 -0.0000282955742842
1309 0.10598728  0.0006104826788519
131 0.08142712 -0.0000091608983303
1310 0.10599220 -0.0006307674218998
1311 0.10599399 -0.0005347574352966
1312 0.10599497  0.0001749562106911
1313 0.10599592 -0.0000026315945185
1314 0.10600311 -0.0001646587980782
1315 0.10602241 -0.0035099275077556
1316 0.10602489  0.0010943835983196
1317 0.10604072 -0.0038210611667330
1318 0.10604119  0.0039239734975484
1319 0.10607024  0.0006795340741610
132 0.08142827  0.0041135721591380
1320 0.10608305 -0.0003425365415788
1321 0.10608842  0.0292439889022769
1322 0.10609163 -0.0000003361607521
1323 0.10609223 -0.0268822890754906
1324 0.10610248  0.0009533729553623
1325 0.10610497  0.0024823073509880
1326 0.10610735 -0.0040956482279104
1327 0.10611479 -0.0012600932220107
1328 0.10611661  0.0001286158166746
1329 0.10611712  0.0049703287801689
133 0.08143009 -0.0035417463788847
1330 0.10611944 -0.0056675707889461
1331 0.10613146 -0.0104584153064507
1332 0.10615013  0.0006449605987938
1333 0.10615102 -0.0046194431185215
1334 0.10616155  0.0181957229075633
1335 0.10616617 -0.0044779880627802
1336 0.10616927 -0.0009973053960522
1337 0.10617018  0.0011610677724875
1338 0.10617754  0.0022926593819755
1339 0.10617808 -0.0025219932306454
134 0.08143441 -0.0001956512624913
1340 0.10619056  0.0009213659831188
1341 0.10619316 -0.0006771650602266
1342 0.10619362  0.0009742840987972
1343 0.10619407 -0.0000894339627872
1344 0.10620141 -0.0000391245968518
1345 0.10620343  0.0006854772748748
1346 0.10620403 -0.0003838772172807
1347 0.10620700  0.0034146644689447
1348 0.10621778 -0.0000372321259380
1349 0.10621869  0.0000791185895371
135 0.08155425  0.0043015550475845
1350 0.10622514 -0.0011602911074088
1351 0.10622956  0.0014439584089626
1352 0.10623355 -0.0898946673306544
1353 0.10623455 -0.0002696898509041
1354 0.10623543  0.0783381101268783
1355 0.10623800 -0.0004277508021845
1356 0.10624510  0.0004404073341229
1357 0.10624936  0.0021664826217750
1358 0.10625188  0.0065472321298338
1359 0.10625391 -0.0057809633178623
136 0.08159249 -0.0042291571011110
1360 0.10626073  0.0026942500173384
1361 0.10626891  0.0000349714049237
1362 0.10628484 -0.0106783934751286
1363 0.10628601  0.0135222313891536
1364 0.10629472 -0.0000717151064344
1365 0.10629539  0.0002169606087826
1366 0.10630022 -0.0000193607974167
1367 0.10631427 -0.0000041321793665
1368 0.10631436  0.0000289309042238
1369 0.10632273  0.0013557030007695
137 0.08175309  0.0000394314006240
1370 0.10632295 -0.0013613064109760
1371 0.10632311  0.0000010232103860
1372 0.10633169  0.0004689530502409
1373 0.10633256 -0.0250963039892707
1374 0.10633612  0.0273085822456983
1375 0.10636948 -0.0001083419225647
1376 0.10637910 -0.0010484384081492
1377 0.10638769 -0.0021151380237816
1378 0.10639698 -0.0050312269768611
1379 0.10639714  0.0089472865452902
138 0.08182257 -0.0004278597445607
1380 0.10639957  0.0114856139132609
1381 0.10640729 -0.0312134523668029
1382 0.10640747  0.0289275223896717
1383 0.10642788  0.0028594462753969
1384 0.10646172 -0.0000191389748208
1385 0.10647076 -0.0002114502076689
1386 0.10647079  0.0002458621253068
1387 0.10647472 -0.0005746185550365
1388 0.10649163  0.0026840472091643
1389 0.10649814  0.0265674968153559
139 0.08183521 -0.0003639822214210
1390 0.10649853 -0.0280160620258715
1391 0.10654092 -0.0002108575394882
1392 0.10654554  0.0001853270840370
1393 0.10654664 -0.0000109721643540
1394 0.10655534  0.0068566124964304
1395 0.10655853  0.0000214066896779
1396 0.10656764  0.0060376670536554
1397 0.10658843  0.0002643730889466
1398 0.10659686 -0.0000674162112394
1399 0.10661006 -0.0062183532549272
14 0.07537255  0.0000000024086235
140 0.08184039 -0.0007300510261699
1400 0.10661522  0.0068657061906556
1401 0.10661822  0.0000463369103869
1402 0.10662612 -0.0016291233047743
1403 0.10662832  0.0025064074452905
1404 0.10663898  0.0006604423599849
1405 0.10664599  0.0002766245827814
1406 0.10664792 -0.0029819212719990
1407 0.10664887  0.0000343813908496
1408 0.10665301  0.0384702416392757
1409 0.10665524  0.0009039707684985
141 0.08185489 -0.0000033679987390
1410 0.10665760 -0.0422383759341095
1411 0.10667377  0.0495851464974773
1412 0.10667460 -0.0449677031823384
1413 0.10667922  0.0016836587362854
1414 0.10668576 -0.0007464949168531
1415 0.10669030 -0.0086393253344582
1416 0.10669137  0.0037321585950433
1417 0.10669232 -0.0001526427682578
1418 0.10670036  0.0040166779223979
1419 0.10670727  0.0001157633060563
142 0.08192342 -0.0003705096746242
1420 0.10670848  0.0006421195656361
1421 0.10671134  0.0000794717730627
1422 0.10671218  0.0002512115603766
1423 0.10671399 -0.0009135635516561
1424 0.10672411 -0.0033848974780101
1425 0.10673037 -0.0023000741970842
1426 0.10673349 -0.0001088025452721
1427 0.10674577 -0.0044786664450184
1428 0.10674970  0.0001952423232921
1429 0.10675024  0.0049367259277175
143 0.08192866 -0.0000597475770092
1430 0.10675296  0.0001461246565901
1431 0.10675437 -0.0002615217298242
1432 0.10676289  0.0000469733215202
1433 0.10677713 -0.0022377985852737
1434 0.10677987 -0.0012974372612943
1435 0.10678775 -0.0000199691257000
1436 0.10678801  0.0002724662001454
1437 0.10679202  0.0007895748574196
1438 0.10679636 -0.0006780636957648
1439 0.10679766 -0.0000091204595386
144 0.08193627  0.0000060736711085
1440 0.10680121  0.0022384783145813
1441 0.10681106  0.0000526878253663
1442 0.10681432 -0.0000547947624936
1443 0.10683799  0.0001970740570225
1444 0.10683950  0.0001403022145964
1445 0.10685048  0.0001548150040145
1446 0.10685494 -0.0011038252754682
1447 0.10686389  0.0009365704160163
1448 0.10686464 -0.0011710073685250
1449 0.10686755 -0.0002866365608252
145 0.08197836  0.0000264495070048
1450 0.10686897  0.0011085517306510
1451 0.10687651 -0.0009583965425115
1452 0.10687653  0.0000754733250650
1453 0.10688344  0.0013064749005885
1454 0.10688749  0.0000019742099871
1455 0.10688917 -0.0000099134539055
1456 0.10688937  0.0002135586088026
1457 0.10689394  0.0000043682936640
1458 0.10689415  0.0209066011124223
1459 0.10689590 -0.0023967999437855
146 0.08200117  0.0001196275759429
1460 0.10689717  0.0000047339174348
1461 0.10690068 -0.0213394677170270
1462 0.10690491  0.0000100386347732
1463 0.10690717  0.0043528845216309
1464 0.10691008 -0.0000415549863113
1465 0.10691387  0.0007946852549639
1466 0.10693280 -0.0004432789301176
1467 0.10693439 -0.0029557282411224
1468 0.10693770 -0.0010951945763430
1469 0.10694185  0.0000102592387619
147 0.08205373  0.0000987647438721
1470 0.10694191  0.0037432361994090
1471 0.10695077 -0.0007483531466615
1472 0.10695715 -0.0000452306805028
1473 0.10696474  0.0006507021607836
1474 0.10697490  0.0045488156354807
1475 0.10698466 -0.0069780057868477
1476 0.10699503  0.0005251841954593
1477 0.10702125 -0.0180611408981316
1478 0.10702455  0.0201006580050554
1479 0.10702633 -0.0156108079209203
148 0.08206408 -0.0001164089967571
1480 0.10703114  0.0024114139214860
1481 0.10703555 -0.0030849797550775
1482 0.10704633  0.0171313282119117
1483 0.10707906  0.0062079547781133
1484 0.10707947 -0.0062973556247578
1485 0.10708156  0.0004115128848907
1486 0.10708998  0.0023181495373652
1487 0.10710197  0.0008061017300791
1488 0.10710488  0.0012125759998838
1489 0.10711149 -0.0003958629550836
149 0.08213464 -0.0000381559940790
1490 0.10712568 -0.0064262967752758
1491 0.10713354 -0.0000367090400258
1492 0.10713490 -0.0002510520946291
1493 0.10713738  0.0000076597263991
1494 0.10713872  0.0026997683086202
1495 0.10714264 -0.0001701992274914
1496 0.10714321  0.0001521113077139
1497 0.10714522 -0.0000670872073293
1498 0.10714729  0.0001001778675106
1499 0.10715067  0.0001920556095735
15 0.07540885 -0.0000000147857686
150 0.08321595 -0.0005856436127122
1500 0.10715718 -0.0012767722475493
1501 0.10715916  0.0023661840457594
1502 0.10718249  0.0026358558911209
1503 0.10719250 -0.0000052602218025
1504 0.10719554 -0.0000281264500761
1505 0.10720287  0.0010213147449055
1506 0.10720528  0.0004834169193894
1507 0.10721031 -0.0016840818759462
1508 0.10721245  0.0002478865792777
1509 0.10722357 -0.0025059773171122
151 0.08321615  0.0000826923466037
1510 0.10722821  0.0030670656241072
1511 0.10724102  0.0000075889299746
1512 0.10724358  0.0000393802030414
1513 0.10724733  0.0000047904850339
1514 0.10724893 -0.0003276165059922
1515 0.10725662  0.0009804046393947
1516 0.10727743  0.0002682254796491
1517 0.10737428 -0.0001712143855973
1518 0.10740988  0.0000233836925389
1519 0.10741317  0.0000183787962741
152 0.08322457  0.0004047236266569
1520 0.10742469 -0.0010841530356073
1521 0.10745069 -0.0002534797443207
1522 0.10745535  0.0000487908086933
1523 0.10746999  0.0003701772991883
1524 0.10750465 -0.0268099234823354
1525 0.10751701  0.0000305123568810
1526 0.10753488  0.0000825468738048
1527 0.10754041 -0.0006207949186601
1528 0.10754662 -0.0006328341467103
1529 0.10755225  0.0016890499542942
153 0.08322652  0.0000015138304598
1530 0.10755857  0.0054384851692864
1531 0.10756424  0.0000906874590208
1532 0.10756656 -0.0026913747582029
1533 0.10757051 -0.0001489845114704
1534 0.10759154 -0.0047264200142859
1535 0.10759233  0.0021571058106611
1536 0.10760688 -0.0024734195784514
1537 0.10761684 -0.0000281604621853
1538 0.10762497  0.0203471677975514
1539 0.10762897  0.0338974975734804
154 0.08405467  0.0000000017172329
1540 0.10763231 -0.0309663496045654
1541 0.10763760  0.0011813703909908
1542 0.10764025  0.0001360857108542
1543 0.10764335  0.0017367005709283
1544 0.10768308  0.0002199150070095
1545 0.10768982 -0.0000385855311987
1546 0.10772442  0.0027705526946286
1547 0.10773879 -0.0000018918609580
1548 0.10775974  0.0002115016693218
1549 0.10776457  0.0256221421998114
155 0.08408934  0.0138830616977399
1550 0.10776483 -0.0247914014239981
1551 0.10776659 -0.0176879071652266
1552 0.10776745  0.0178432325404990
1553 0.10777149 -0.0007137480771047
1554 0.10778358 -0.0015017005347526
1555 0.10784942 -0.0000528387734664
1556 0.10786481  0.0017733510276095
1557 0.10788214 -0.0023678118852414
1558 0.10791260  0.0149179636120238
1559 0.10791307  0.0002214131323473
156 0.08408943 -0.0143443196427982
1560 0.10791535 -0.0131267117026638
1561 0.10792027 -0.0000000610548142
1562 0.10792903 -0.0064831364238614
1563 0.10793672 -0.0049913691947381
1564 0.10794517  0.0012183234717370
1565 0.10796053 -0.0090593476000381
1566 0.10796263  0.0001025478197577
1567 0.10796411 -0.0553327042106550
1568 0.10796998 -0.0002632659646472
1569 0.10797614 -0.0135938479422365
157 0.08425424  0.0006132446476082
1570 0.10797865  0.0623332882096710
1571 0.10798148  0.0163943169766421
1572 0.10799177 -0.0113864522275459
1573 0.10799387 -0.0001206853375274
1574 0.10802961  0.0000033743631042
1575 0.10803884  0.0250817308689190
1576 0.10811287 -0.0064267325259281
1577 0.10811434  0.0000211806689206
1578 0.10811968 -0.0000165022522476
1579 0.10812558  0.0195706451633213
158 0.08441339 -0.0000000011190207
1580 0.10814408  0.0002082289516070
1581 0.10814430  0.0013459445220916
1582 0.10818709  0.0001664977200023
1583 0.10821119 -0.0008559658111296
1584 0.10821151  0.0016275515608126
1585 0.10828290  0.0001019457474019
1586 0.10832279  0.0000014073261000
1587 0.10834454 -0.0000000097826619
1588 0.10834650  0.0029295235734791
1589 0.10834657 -0.0027467323218110
159 0.08448730 -0.0003501874190938
1590 0.10836959 -0.0000418024518702
1591 0.10845904 -0.0005452145369917
1592 0.10845914  0.0003868344411992
1593 0.10849609  0.0085222973009053
1594 0.10849613 -0.0083169926546767
1595 0.10849866  0.0000021054553808
1596 0.10850640  0.0000005194093797
1597 0.10853849 -0.0005093364053394
1598 0.10853857  0.0001808053440078
1599 0.10853966 -0.0000011368966104
16 0.07544200 -0.0000079453009649
160 0.08448779 -0.0000665874371033
1600 0.10854516 -0.0006561536452155
1601 0.10854529  0.0017106262836987
1602 0.10855666  0.0000129439797814
1603 0.10855893  0.0000240056139430
1604 0.10856091 -0.0001441020320429
1605 0.10856263 -0.0004563268165446
1606 0.10856409  0.0000339563360901
1607 0.10861090  0.0006267128693715
1608 0.10861123 -0.0006518827349137
1609 0.10861361 -0.0000002488061253
161 0.08451942 -0.0000000174248470
1610 0.10862059 -0.0000000481624449
1611 0.10865458  0.0000005272261213
1612 0.10865535  0.0000002078826503
1613 0.10869203 -0.0000000200967529
1614 0.10870027  0.0000781863739015
1615 0.10871862  0.0029030069802539
1616 0.10871875 -0.0029637172542312
1617 0.10874623 -0.0000658586875497
1618 0.10875567  0.0004086553554921
1619 0.10876570 -0.0000003641057029
162 0.08467021 -0.0000229434252038
1620 0.10879667 -0.0000062906965686
1621 0.10880006 -0.0005235393521055
1622 0.10880031  0.0000292370367421
1623 0.10880055  0.0007275060895145
1624 0.10880977  0.0000112129492100
1625 0.10882612 -0.0007438600116642
1626 0.10882629  0.0006914863675017
1627 0.10883978 -0.0000005212154915
1628 0.10885666 -0.0001947925543325
1629 0.10889575  0.0003902304112319
163 0.08469174  0.0041381186531466
1630 0.10889594 -0.0003147180078964
1631 0.10890327 -0.0000015678919438
1632 0.10892171 -0.0069022611367366
1633 0.10892183  0.0067376612777239
1634 0.10893058 -0.0000149244716343
1635 0.10894566 -0.0007508723247820
1636 0.10894574  0.0014147326826610
1637 0.10895186  0.0000257100040367
1638 0.10896034 -0.0000914217653301
1639 0.10896330 -0.0002570684519211
164 0.08469190 -0.0039245592441520
1640 0.10896334 -0.0000012662270952
1641 0.10898386 -0.0041075585808623
1642 0.10898398  0.0042223845085806
1643 0.10901310  0.0000000113383243
1644 0.10902607 -0.0000870518838186
1645 0.10902690  0.0002270550449207
1646 0.10903594  0.0002346007927596
1647 0.10907009  0.0000043181890519
1648 0.10909117 -0.0000284830224035
1649 0.10912466  0.0000005482354275
165 0.08471212 -0.0000000153191745
1650 0.10915176  0.0002980522225324
1651 0.10916557  0.0000002318383732
1652 0.10917465 -0.0130316830126899
1653 0.10917482  0.0124004848020057
1654 0.10919607  0.0038800065872666
1655 0.10919779 -0.0004551374251217
1656 0.10919899 -0.0041829917639413
1657 0.10921530 -0.0028301056013858
1658 0.10921536  0.0029051380613833
1659 0.10921770  0.0000112418787259
166 0.08485102  0.0001508102886803
1660 0.10922770  0.0000003016935605
1661 0.10924006  0.0000000230694184
1662 0.10929595  0.0000091665436781
1663 0.10930936 -0.0000027543248580
1664 0.10930941 -0.0010646261886754
1665 0.10930944  0.0012784666001143
1666 0.10932082  0.0000427817596970
1667 0.10932502  0.0044895036825436
1668 0.10932520 -0.0043868865742429
1669 0.10933123  0.0000061236873426
167 0.08486846  0.0496693206987739
1670 0.10935146  0.0000042444030001
1671 0.10935466  0.0002624157157109
1672 0.10935558  0.0000890650392315
1673 0.10935591  0.0032094526254728
1674 0.10935817 -0.0029957549333477
1675 0.10936820 -0.0000001966400248
1676 0.10936951  0.0004610690757350
1677 0.10937079 -0.0004136307167089
1678 0.10937832  0.0000029908429546
1679 0.10938134  0.0000015352938346
168 0.08486864 -0.0510591976830335
1680 0.10939948  0.0005982853020306
1681 0.10939993 -0.0009152968823891
1682 0.10940067  0.0000056131289592
1683 0.10942642 -0.0000011694404809
1684 0.10942841 -0.0000842077659095
1685 0.10943012  0.0000418915707629
1686 0.10943413  0.0004457221373131
1687 0.10943730  0.0000152514070734
1688 0.10944128  0.0008380725629417
1689 0.10944700 -0.0000326990824404
169 0.08493875 -0.0003428058938997
1690 0.10946249  0.0000019951954423
1691 0.10946349 -0.0001482655543267
1692 0.10946426  0.0007742942092750
1693 0.10947234 -0.0000014090118697
1694 0.10951593 -0.0000984277012126
1695 0.10953098  0.0005144907330811
1696 0.10953418 -0.0002304066114556
1697 0.10954396  0.0000152984178066
1698 0.10954648  0.0028605405743294
1699 0.10954718 -0.0027485974670481
17 0.07545439  0.0006269978639332
170 0.08495808  0.0000004239920484
1700 0.10956735  0.0000003383773718
1701 0.10958295  0.0000184269496306
1702 0.10958600 -0.0000588499891301
1703 0.10958700 -0.0002925053758277
1704 0.10960120 -0.0003873983384270
1705 0.10960181  0.0004961331533536
1706 0.10960788 -0.0000001042672917
1707 0.10961462  0.0000494241058257
1708 0.10963144  0.0000004148867008
1709 0.10963600 -0.0000204925881031
171 0.08500988  0.0158009243678733
1710 0.10963690  0.0001567836854547
1711 0.10963810  0.0003444823119421
1712 0.10963852 -0.0002237049449951
1713 0.10964080  0.0000077247207549
1714 0.10964403  0.0000819530863995
1715 0.10964822 -0.0014035816380492
1716 0.10965070  0.0127749016768613
1717 0.10965127 -0.0127320459629169
1718 0.10966372 -0.0008891900006572
1719 0.10969897  0.0016821798920933
172 0.08500996 -0.0156225760589016
1720 0.10970277  0.0002944074231891
1721 0.10971919  0.0000158849211809
1722 0.10972285 -0.0000942511219875
1723 0.10972875 -0.0012229808283979
1724 0.10972915  0.0003672822123548
1725 0.10973108 -0.0030370680560614
1726 0.10973818  0.0019352997093625
1727 0.10974235  0.0020150892893496
1728 0.10974565 -0.0017016169532126
1729 0.10975432  0.0000006259731208
173 0.08506310  0.0000002203775992
1730 0.10975839  0.0003126713355161
1731 0.10975871  0.0000133894661164
1732 0.10976253  0.0021312965154725
1733 0.10976402 -0.0016395483204153
1734 0.10976486 -0.0002080054516284
1735 0.10977698  0.0030382089531590
1736 0.10978293 -0.0002880768900030
1737 0.10978330  0.0013674535851686
1738 0.10978363 -0.0039100086477417
1739 0.10979797 -0.0008031663445249
174 0.08512478  0.0015199598622607
1740 0.10979856  0.0005278058130563
1741 0.10980474  0.0000260607871406
1742 0.10982472  0.0001310342315130
1743 0.10982574 -0.0107200127076416
1744 0.10983103  0.0000033413078678
1745 0.10983715  0.0000033281427512
1746 0.10983830 -0.0016690177843949
1747 0.10983935  0.0004654901658755
1748 0.10985168  0.0000212151251963
1749 0.10985629  0.0000066531714210
175 0.08512670  0.0000911754615231
1750 0.10986492  0.0116078940415207
1751 0.10986529 -0.0132999721066184
1752 0.10987916 -0.0000056865544961
1753 0.10989256 -0.0002777823874202
1754 0.10990652 -0.0005702751759802
1755 0.10991107 -0.0016665143028154
1756 0.10993253 -0.0029639941735650
1757 0.10994185 -0.0000149863296598
1758 0.10994556 -0.0000000333327206
1759 0.10998102 -0.0007958672885906
176 0.08513417  0.0000372877685139
1760 0.10998480 -0.0006579672344558
1761 0.11000561 -0.0000008035981752
1762 0.11004909  0.0004779900029941
1763 0.11007304 -0.0035722105419061
1764 0.11007454  0.0045134902663493
1765 0.11007476  0.0000127099237698
1766 0.11008308 -0.0000034455265546
1767 0.11008346 -0.0000950380508531
1768 0.11009617  0.0000110903271492
1769 0.11011438 -0.0063670900983720
177 0.08513927  0.0000002390463848
1770 0.11011555  0.0051102674222484
1771 0.11017466  0.0000995088601725
1772 0.11017728  0.0007192943089964
1773 0.11018441  0.0000000115044529
1774 0.11022682  0.0477002986264901
1775 0.11023598 -0.0493355082951396
1776 0.11027406  0.0009625955653019
1777 0.11029206 -0.0000008909154465
1778 0.11029677  0.0003403435158869
1779 0.11029760 -0.0006533000579220
178 0.08515105  0.0000707886263296
1780 0.11029870  0.0004732547494942
1781 0.11032514 -0.0004204136259396
1782 0.11032590  0.0000043728439575
1783 0.11032717  0.0004731703786308
1784 0.11035110  0.0002728479082667
1785 0.11038471  0.0000009240622251
1786 0.11039032 -0.0001329871705861
1787 0.11039999  0.0001203314853621
1788 0.11040260  0.0000203862998297
1789 0.11040381 -0.0000266822511968
179 0.08515659 -0.0097433356049850
1790 0.11041404  0.0002595074926301
1791 0.11041754  0.0062167153153298
1792 0.11042191  0.0008423702733179
1793 0.11042649  0.0004122136449660
1794 0.11042664  0.0001513952373826
1795 0.11044262  0.0031455187686826
1796 0.11044304  0.0075072257478616
1797 0.11044564 -0.0063218745496546
1798 0.11046550  0.0002576140432640
1799 0.11049147 -0.0076874271326936
18 0.07545499 -0.0008261399409606
180 0.08515861  0.0086060311515240
1800 0.11049148  0.0008034681093782
1801 0.11049772  0.0043045597865327
1802 0.11050220  0.0058212441325484
1803 0.11051261 -0.0047348728209412
1804 0.11055578  0.0000712787187167
1805 0.11057720 -0.0318837828000108
1806 0.11058973  0.0450012857706872
1807 0.11059805  0.0003205193563730
1808 0.11060704 -0.0160659602335881
1809 0.11063162 -0.0030853804516851
181 0.08518935 -0.0000001874358750
1810 0.11063416  0.0107722061286298
1811 0.11064641  0.0133609253496015
1812 0.11064918  0.0000071354311215
1813 0.11065157 -0.0175675836656614
1814 0.11068948  0.0016363564101057
1815 0.11072118 -0.0057984736609380
1816 0.11072838  0.0384105370647750
1817 0.11073142 -0.0090116372313175
1818 0.11073306  0.0097742928355150
1819 0.11075048  0.0001877903695118
182 0.08541425 -0.0587339879204607
1820 0.11075597 -0.0165307337038237
1821 0.11076219 -0.0021895717427770
1822 0.11076375  0.0019215760124760
1823 0.11078801  0.0002981218782329
1824 0.11079083  0.0001655985457475
1825 0.11079370 -0.0094814307699901
1826 0.11079543 -0.0002841256444358
1827 0.11081928  0.0002293935853087
1828 0.11082364  0.0006784536920361
1829 0.11082426 -0.0006430485654036
183 0.08541576  0.0606878309215606
1830 0.11083356 -0.0492073610872242
1831 0.11084663 -0.0004177513501178
1832 0.11085094 -0.0126720509682250
1833 0.11086352 -0.0002429370286550
1834 0.11086374  0.0002115800591613
1835 0.11086489 -0.0000782101535719
1836 0.11097244  0.0000007765185198
1837 0.11097762 -0.0000670216175982
1838 0.11097875  0.0000734917840252
1839 0.11098007 -0.0000005379002427
184 0.08544089  0.0006543210228770
1840 0.11112567 -0.0000036121316126
1841 0.11112644 -0.0000087947646746
1842 0.11112758 -0.0000207808576080
1843 0.11112771 -0.0000010871818499
1844 0.11113318 -0.0000045106116495
1845 0.11123353  0.0008463485990709
1846 0.11123377 -0.0010216134237261
1847 0.11124672  0.0011147984270498
1848 0.11124675 -0.0009933187303624
1849 0.11125307  0.0000022095298649
185 0.08545154 -0.0000006433760221
1850 0.11125464 -0.0000986229955003
1851 0.11143707 -0.0000028267569141
1852 0.11144047 -0.0000202125253478
1853 0.11145205 -0.0014809340952726
1854 0.11148249 -0.0015921031145185
1855 0.11148250  0.0016816231710178
1856 0.11148503 -0.0000007536557880
1857 0.11148803  0.0001943912372637
1858 0.11149097  0.0000011549466164
1859 0.11151970 -0.0000001468738507
186 0.08562122 -0.0028868146061558
1860 0.11153028 -0.0001356903895833
1861 0.11154111  0.0000005578604792
1862 0.11154592 -0.0002092479235150
1863 0.11154721  0.0000726744027668
1864 0.11154740 -0.0000334275616627
1865 0.11158115 -0.0002695701325818
1866 0.11158552  0.0004605132948485
1867 0.11160171 -0.0000174476541102
1868 0.11162273  0.0000155908061009
1869 0.11165725  0.0005322609247831
187 0.08563423  0.0042764173782083
1870 0.11168700  0.0042601043333128
1871 0.11168776 -0.0044751220692811
1872 0.11169172 -0.0002317206127064
1873 0.11169523  0.0003883659333027
1874 0.11172190  0.0000229501350968
1875 0.11172253 -0.0000342234130653
1876 0.11172506 -0.0005350978593846
1877 0.11173213 -0.0000263328239957
1878 0.11173429  0.0005563728099428
1879 0.11173638 -0.0001128060011194
188 0.08569517 -0.0002130358824185
1880 0.11174029  0.0000831547469995
1881 0.11174292 -0.0001015805480035
1882 0.11175229 -0.0002900630958117
1883 0.11175542 -0.0000881750885719
1884 0.11180105 -0.0000000442716956
1885 0.11181518 -0.0006795758027245
1886 0.11183784 -0.0000012518583598
1887 0.11185100  0.0051225278610729
1888 0.11185218 -0.0068470552716136
1889 0.11185368  0.0025390125417228
189 0.08570056 -0.0005471370076249
1890 0.11185557 -0.0008446218982793
1891 0.11187341 -0.0000030495394748
1892 0.11187792 -0.0000007921167938
1893 0.11188764 -0.0000004592714872
1894 0.11189072 -0.0004721229393739
1895 0.11190036  0.0017331447096203
1896 0.11191308  0.0015616920447527
1897 0.11192025 -0.0039453402366441
1898 0.11194992  0.0000323629648522
1899 0.11195603  0.0000000609888424
19 0.07546646 -0.0000031234075441
190 0.08570981  0.0000000618156258
1900 0.11196227  0.0006223113388123
1901 0.11198735  0.0001338532772265
1902 0.11199494  0.0000181038749995
1903 0.11201176 -0.0003140672129521
1904 0.11201242  0.0005372529244511
1905 0.11202763  0.0009763573308616
1906 0.11202799  0.0001520249657003
1907 0.11203279  0.0001455126892753
1908 0.11203377 -0.0000002694730453
1909 0.11203474 -0.0000860364134937
191 0.08572640  0.0052487601282302
1910 0.11206139  0.0003692371721282
1911 0.11207130 -0.0015620964477739
1912 0.11207842 -0.0000015606683150
1913 0.11209574  0.0000010269288034
1914 0.11210515  0.0000005965091430
1915 0.11212485 -0.0011400039047850
1916 0.11213686  0.0000028971666742
1917 0.11215511 -0.0012506804210733
1918 0.11215626 -0.0083889471246885
1919 0.11215649  0.0067015382122246
192 0.08572652 -0.0053186699043159
1920 0.11218300 -0.0000006544906593
1921 0.11218495  0.0000237099297311
1922 0.11218696 -0.0001041800587614
1923 0.11220256 -0.0000014064321764
1924 0.11221197  0.0000002315054321
1925 0.11221697 -0.0000629222187557
1926 0.11223969  0.0010317314498359
1927 0.11224235  0.0054636543690655
1928 0.11224358  0.0001000858818563
1929 0.11224568 -0.0063620329010781
193 0.08576965 -0.0000127140508407
1930 0.11232102  0.0044779411118364
1931 0.11232874 -0.0015260161898499
1932 0.11233268 -0.0036828012301597
1933 0.11233807 -0.0003040862253752
1934 0.11234060 -0.0000021166544871
1935 0.11234267 -0.0351433605806926
1936 0.11234332  0.0359240407420761
1937 0.11234733  0.0000049290899380
1938 0.11238109  0.0061692610857367
1939 0.11238160 -0.0069747517892627
194 0.08588411 -0.0000003630934648
1940 0.11238915  0.0013592501889199
1941 0.11239914  0.0006243513762059
1942 0.11241267 -0.0000019899309789
1943 0.11245092  0.0446631936470189
1944 0.11245116 -0.0447443833428727
1945 0.11245737 -0.0001579986890348
1946 0.11254743 -0.0304430867002280
1947 0.11254772  0.0302622918847122
1948 0.11255369 -0.0000787760988321
1949 0.11256127  0.0000000199939522
195 0.08591075 -0.0041377374183301
1950 0.11256594  0.0000003711304969
1951 0.11256654 -0.0152020081939653
1952 0.11256693  0.0158788545682950
1953 0.11259769 -0.0000025081611955
1954 0.11260303  0.0027659313326635
1955 0.11260562 -0.0048255572026108
1956 0.11260766  0.0000557791705182
1957 0.11261223 -0.0000447512822111
1958 0.11262632  0.0000011092983764
1959 0.11264906 -0.0000675020963605
196 0.08591486  0.0016954883738398
1960 0.11266226 -0.0130523139705178
1961 0.11266279  0.0144409087784068
1962 0.11267689  0.0022695677767331
1963 0.11268583  0.0000001126507036
1964 0.11268705  0.0006916222346346
1965 0.11268988 -0.0043061940758224
1966 0.11270122 -0.0101892923383130
1967 0.11271242  0.0109185056574676
1968 0.11271582 -0.0001487381751422
1969 0.11272286  0.0027191656173741
197 0.08593774 -0.0002991947260797
1970 0.11272440 -0.0023958186440418
1971 0.11272755 -0.0000029421312666
1972 0.11274610  0.0044822412555986
1973 0.11274644 -0.0036495604635100
1974 0.11275311  0.0024206288397194
1975 0.11277472 -0.0009398061598027
1976 0.11278371  0.0000000616772429
1977 0.11280520 -0.0005704737730003
1978 0.11280593 -0.0000002961233652
1979 0.11280876  0.0014174963633086
198 0.08598214  0.0454140301801415
1980 0.11281596  0.0008747803274540
1981 0.11284197 -0.0008055760206370
1982 0.11284616  0.0000016510060557
1983 0.11284750 -0.0037798836356063
1984 0.11285231 -0.0056807685793844
1985 0.11285237 -0.0000009353851522
1986 0.11287374  0.0056047432467694
1987 0.11287463  0.0000063886932967
1988 0.11288379  0.0000000049650693
1989 0.11289021  0.0041511540332569
199 0.08598240 -0.0462346021889217
1990 0.11289039 -0.0025067841386318
1991 0.11290875  0.0008909219802752
1992 0.11292056 -0.0000283137083352
1993 0.11295577 -0.0044570868207460
1994 0.11295588  0.0042986584308739
1995 0.11296498  0.0000008772860671
1996 0.11297206  0.0001450004858971
1997 0.11298887 -0.0002920242503219
1998 0.11299580 -0.0000000943121287
1999 0.11301675 -0.0026717783321464
2 0.07410995 -0.0181291273423342
20 0.07558590 -0.0000000011450387
200 0.08598562  0.0007086980903983
2000 0.11301792  0.0021871059525063
2001 0.11302137 -0.0013488290912206
2002 0.11302222  0.0014896965442491
2003 0.11305294 -0.0000000033033085
2004 0.11305434 -0.0114535952160388
2005 0.11305761  0.0129825901032279
2006 0.11306791  0.0000001498410076
2007 0.11306917 -0.0004460799889980
2008 0.11306963 -0.0005354118282182
2009 0.11307186  0.0004200933828778
201 0.08602548  0.0002540929926630
2010 0.11307725 -0.0000025565811980
2011 0.11307880 -0.0033063167946148
2012 0.11307917  0.0021293966831237
2013 0.11309169 -0.0000003351725508
2014 0.11309527 -0.0001455254424801
2015 0.11310583 -0.0004799835338492
2016 0.11310696  0.0030976946909400
2017 0.11311453  0.0005426300202091
2018 0.11313536 -0.0000022724853288
2019 0.11313648 -0.0000000566149866
202 0.08603085 -0.0007007065879126
2020 0.11314135 -0.0000117463092679
2021 0.11314295 -0.0000697990551619
2022 0.11314642  0.0051390843631369
2023 0.11314711 -0.0012655768382404
2024 0.11314751  0.0000000539848425
2025 0.11317272 -0.0001283026424540
2026 0.11317286  0.0002024037708955
2027 0.11317931 -0.0006317396734116
2028 0.11318321  0.0000670961251079
2029 0.11319149  0.0000065658023085
203 0.08603480  0.0003722055543987
2030 0.11319627  0.0056279038457429
2031 0.11319795 -0.0000036372060679
2032 0.11320353  0.0049214154137279
2033 0.11320502 -0.0001984841679945
2034 0.11321468 -0.0000602451449922
2035 0.11321848  0.0004820149886205
2036 0.11321869 -0.0008836353548934
2037 0.11325926 -0.0001611833679680
2038 0.11327600 -0.0000450388730245
2039 0.11328125  0.0264118574292559
204 0.08605097  0.0005096313729653
2040 0.11329074  0.0000031512641600
2041 0.11329492 -0.0002611984622498
2042 0.11329716 -0.0000033701546619
2043 0.11332546 -0.0502493131457042
2044 0.11332576  0.0511493481445224
2045 0.11335752  0.0011680060977817
2046 0.11335979 -0.0004871888043201
2047 0.11336311  0.0000073425872509
2048 0.11336577  0.0000215687173678
2049 0.11336836  0.0001398300384423
205 0.08605194 -0.0044589106940846
2050 0.11339339  0.0058001734008595
2051 0.11339377 -0.0034439550001529
2052 0.11339713 -0.0000052193018258
2053 0.11340107 -0.0000010648666599
2054 0.11340645  0.0270620580698884
2055 0.11340668 -0.0245456632438369
2056 0.11342841 -0.0014575569024963
2057 0.11342940  0.0033696366262079
2058 0.11347061 -0.0051868383396972
2059 0.11347087  0.0054421881424032
206 0.08609928 -0.0002696815359956
2060 0.11347210  0.0006323140330700
2061 0.11348834  0.0000174806758532
2062 0.11349130  0.0118851442913469
2063 0.11349145  0.0009949569680033
2064 0.11349158 -0.0083092032545066
2065 0.11349980  0.0057764179803385
2066 0.11350029 -0.0036612017409297
2067 0.11350303  0.0000353411308600
2068 0.11353985 -0.0029841324295130
2069 0.11354110  0.0026191559513024
207 0.08614653  0.0050645835504732
2070 0.11354850 -0.0000294393698465
2071 0.11357210 -0.0000661769643632
2072 0.11359362  0.0000001109103888
2073 0.11361341 -0.0008798467998839
2074 0.11363572  0.0000011945148020
2075 0.11365828 -0.0000020034771124
2076 0.11366405 -0.0001836008860558
2077 0.11367217 -0.0024727331302846
2078 0.11367243  0.0019261340684442
2079 0.11369503 -0.0001418225613832
208 0.08630519  0.0056140437891159
2080 0.11369507  0.0000572739096452
2081 0.11369991  0.0000961603308979
2082 0.11370283  0.0009690072563295
2083 0.11370860  0.0000024755201649
2084 0.11372274 -0.0027433208199985
2085 0.11372313  0.0027998164763318
2086 0.11373756  0.0000058163120682
2087 0.11375272 -0.0012800662627523
2088 0.11375621  0.0016107964682084
2089 0.11376024 -0.0000003714067035
209 0.08630643 -0.0064645753714374
2090 0.11376765  0.0004961590894000
2091 0.11377173 -0.0000928321960337
2092 0.11377411 -0.0000000124873194
2093 0.11380606  0.0003527449921931
2094 0.11381156  0.0002898856705780
2095 0.11381218 -0.0046467792739674
2096 0.11381255  0.0056472611667055
2097 0.11381927  0.0001254856572347
2098 0.11382617  0.0000125286581694
2099 0.11383429  0.0000308178123703
21 0.07559629  0.0018661205794663
210 0.08631536 -0.0000000038845241
2100 0.11383583 -0.0055067146498283
2101 0.11383588  0.0056859687088763
2102 0.11383982 -0.0004919399846350
2103 0.11385134  0.0046063610318615
2104 0.11385211 -0.0029640028390639
2105 0.11386264 -0.0000002776169973
2106 0.11387154 -0.0006127748532415
2107 0.11387210  0.0006881997125911
2108 0.11388214 -0.0000017998574150
2109 0.11389701 -0.0017503953918162
211 0.08632414  0.0000000875362742
2110 0.11390641  0.0002351375405476
2111 0.11391584 -0.0006009850107197
2112 0.11391684  0.0005988799432119
2113 0.11392521 -0.0001657721297620
2114 0.11392964  0.0000852240187217
2115 0.11393150  0.0013699692898174
2116 0.11393408 -0.0015107952813087
2117 0.11393864 -0.0000602794940720
2118 0.11395776  0.0000335881410325
2119 0.11397238  0.0016527981288072
212 0.08651151  0.0000000057968614
2120 0.11397384 -0.0015154084558523
2121 0.11399141 -0.0000115270747637
2122 0.11399732  0.0000004532817549
2123 0.11402043  0.0003559166243598
2124 0.11402185  0.0000009199267605
2125 0.11402342  0.0110524326809288
2126 0.11402352 -0.0102674082954981
2127 0.11402736 -0.0297598717632938
2128 0.11402753  0.0291064314481371
2129 0.11403083 -0.0000013480316828
213 0.08652728  0.0003263816555990
2130 0.11403163  0.0012202223207528
2131 0.11403178 -0.0015396324656303
2132 0.11403784  0.0000001034316846
2133 0.11403812  0.0000001358785982
2134 0.11404387  0.0000301121201450
2135 0.11404475  0.0020343870734024
2136 0.11404673 -0.0023786079041726
2137 0.11405218  0.0000314681288153
2138 0.11405447 -0.0000281807050652
2139 0.11406099 -0.0000028254113773
214 0.08652779 -0.0002795014064804
2140 0.11407786  0.0005598069716859
2141 0.11408424 -0.0002354720899022
2142 0.11408659  0.0004479932680394
2143 0.11408763  0.0000045527968972
2144 0.11409041 -0.0006007422484494
2145 0.11409076  0.0008172020116188
2146 0.11409132  0.0000538174206758
2147 0.11409329  0.0003201744771941
2148 0.11409371 -0.0000070175958922
2149 0.11411393 -0.0141241076241573
215 0.08654157 -0.0000000388574791
2150 0.11411464  0.0139664302072890
2151 0.11411656 -0.0000008959318499
2152 0.11412596  0.0000000722145281
2153 0.11412952  0.0002035743226959
2154 0.11413142 -0.0035346505844328
2155 0.11413546  0.0035546908097100
2156 0.11414110 -0.0039829059219025
2157 0.11414294  0.0021043322413247
2158 0.11415443  0.0190086751632154
2159 0.11416003 -0.0158270068787637
216 0.08655976 -0.0000000000741159
2160 0.11416066  0.0000348409400199
2161 0.11416420 -0.0002536423069211
2162 0.11416937  0.0003055170630672
2163 0.11417069 -0.0000436886801123
2164 0.11417618 -0.0000493198037497
2165 0.11417790  0.0001536642488287
2166 0.11417903  0.0001006391507880
2167 0.11418075  0.0000644093556253
2168 0.11418405 -0.0000082660709657
2169 0.11418551  0.0000225483937925
217 0.08662802  0.0007395849931239
2170 0.11419156 -0.0000810650273220
2171 0.11419928  0.0009355309796295
2172 0.11419951 -0.0008373078960473
2173 0.11420735  0.0074606188943984
2174 0.11420930 -0.0082258531260004
2175 0.11421714  0.0001292224230483
2176 0.11421751  0.0004469790148184
2177 0.11421783 -0.0007292969884861
2178 0.11422093 -0.0001105404967484
2179 0.11422452  0.0000699286241415
218 0.08663709  0.0100606252560055
2180 0.11422560 -0.0012250661834404
2181 0.11422659  0.0012128308864878
2182 0.11422704 -0.0000015498536726
2183 0.11423005  0.0002545323137973
2184 0.11424339  0.0014482896512773
2185 0.11424401 -0.0020372444870394
2186 0.11424552  0.0060964472122367
2187 0.11425506 -0.0001967179322083
2188 0.11425532 -0.0000184484188862
2189 0.11425886 -0.0004422381518636
219 0.08664014 -0.0105906871992942
2190 0.11425902  0.0000429614303553
2191 0.11426158  0.0121243089874537
2192 0.11427188 -0.0037953951205950
2193 0.11428068  0.0000221006178404
2194 0.11429236  0.0001890583140659
2195 0.11430255  0.0055572776499469
2196 0.11430788 -0.0006982710656045
2197 0.11430812  0.0009969337064024
2198 0.11431438  0.0009030087911357
2199 0.11431893 -0.0011248187892087
22 0.07559881 -0.0016510982254360
220 0.08664019 -0.0004433705320686
2200 0.11432632  0.0000607926183579
2201 0.11439358  0.0012473172985637
2202 0.11439651 -0.0015135755070499
2203 0.11440664 -0.0001857774390617
2204 0.11440693 -0.0184966413850287
2205 0.11440824  0.0001544335290700
2206 0.11440931  0.0185063772287817
2207 0.11441247  0.0047618299845768
2208 0.11441499  0.0062237123434068
2209 0.11442631 -0.0013742856368374
221 0.08665947 -0.0008984920180895
2210 0.11442951 -0.0002234120098829
2211 0.11442983  0.0002321842844646
2212 0.11443814  0.0000991377626493
2213 0.11444939  0.0001928698567660
2214 0.11448727 -0.0000000563592494
2215 0.11449030 -0.0000092429012556
2216 0.11449125  0.0001242180694831
2217 0.11449336 -0.0009553920218560
2218 0.11451458  0.0001420206848403
2219 0.11452008  0.0033425601557698
222 0.08665954  0.0005287955008075
2220 0.11452011  0.0000415071015138
2221 0.11452353 -0.0045291072558448
2222 0.11453320 -0.0000953159993248
2223 0.11455682 -0.0000732963263007
2224 0.11456518 -0.0095364178306503
2225 0.11456759  0.0084437924198625
2226 0.11460865 -0.0019435891931859
2227 0.11460879  0.0018603362089842
2228 0.11464244 -0.0000167980906910
2229 0.11466532  0.0004300012663266
223 0.08671780 -0.0000001854271154
2230 0.11467236  0.0002498187909438
2231 0.11470264 -0.0014456166974300
2232 0.11470616 -0.0005310172327884
2233 0.11470635 -0.0005587718753087
2234 0.11471965 -0.0000064823796846
2235 0.11472192 -0.0000099840629194
2236 0.11472554 -0.0003041659511121
2237 0.11472965 -0.0003951200693204
2238 0.11473469  0.0010084733929278
2239 0.11473480 -0.0011904402968365
224 0.08682721 -0.0001691044568171
2240 0.11474711  0.0000112578433324
2241 0.11475589  0.0013856277635182
2242 0.11475937  0.0000079051317965
2243 0.11476959 -0.0001133629236641
2244 0.11478173  0.0012337235481996
2245 0.11478517 -0.0001659317527215
2246 0.11479516 -0.0000965543235110
2247 0.11479647 -0.0000300978432224
2248 0.11479673 -0.0005861592224508
2249 0.11480148  0.0024508276772222
225 0.08684935  0.0058187165699038
2250 0.11480877 -0.0001143930445659
2251 0.11481222 -0.0000077949507632
2252 0.11481745  0.0000035140664418
2253 0.11482258  0.0002938994706306
2254 0.11482604 -0.0000137542657461
2255 0.11482968 -0.0000116336723053
2256 0.11483244 -0.0000633505353398
2257 0.11483419  0.0004223295506466
2258 0.11484036  0.0000231078848868
2259 0.11484170 -0.0003687756817144
226 0.08685113 -0.0058062985117702
2260 0.11484399  0.0001643637451633
2261 0.11485265 -0.0000331692181655
2262 0.11485836  0.0006767754470936
2263 0.11486363 -0.0012150186929920
2264 0.11486821  0.0000134564399025
2265 0.11489924  0.0031021024848542
2266 0.11490052 -0.0000046000265929
2267 0.11490674 -0.0012693521272498
2268 0.11490739 -0.0000120257660082
2269 0.11491289 -0.0000226317695984
227 0.08690447 -0.0000001589933037
2270 0.11494348 -0.0004674315268269
2271 0.11494849 -0.0024810288915671
2272 0.11495412  0.0047594480192310
2273 0.11495677  0.0006422241491265
2274 0.11495909  0.0000554664025118
2275 0.11497902 -0.0000265141409792
2276 0.11498237 -0.0000046042850430
2277 0.11500343  0.0518710559299448
2278 0.11500487 -0.0522976212258854
2279 0.11501190  0.0000340962060534
228 0.08690802 -0.0000015299002333
2280 0.11502113 -0.0008242747800398
2281 0.11502529  0.0000041141869151
2282 0.11502762  0.0011991422554047
2283 0.11503025 -0.0015111924684137
2284 0.11503214 -0.0001623471437738
2285 0.11503320 -0.0000019984887064
2286 0.11503722  0.0035413988164453
2287 0.11504751 -0.0000218234909839
2288 0.11507251 -0.0020148268116463
2289 0.11507868  0.0032278943082872
229 0.08694023  0.0025436001763154
2290 0.11507871  0.0000005715192067
2291 0.11508165 -0.0000005431807832
2292 0.11508171  0.0005329674452967
2293 0.11508404 -0.0001619929770252
2294 0.11509209  0.0001699940858834
2295 0.11509446 -0.0002422229501520
2296 0.11510140 -0.0001046420173597
2297 0.11511474 -0.0000084202000155
2298 0.11512289  0.0000304160339922
2299 0.11512704 -0.0074447180310161
23 0.07561093 -0.0000001820866385
230 0.08694147 -0.0024352663309437
2300 0.11513359  0.0021446686746836
2301 0.11513530 -0.0001794485737393
2302 0.11513966  0.0016508143381039
2303 0.11514139  0.0003895392820894
2304 0.11514852  0.0107451686279600
2305 0.11515526 -0.0008260614826953
2306 0.11515543 -0.0007258901332336
2307 0.11516037  0.0038378162077233
2308 0.11516068 -0.0024426572575802
2309 0.11516392  0.0015740706260940
231 0.08695360 -0.0000000293523868
2310 0.11516981 -0.0000454804244061
2311 0.11517650  0.0004365740277766
2312 0.11517793  0.0065610201535316
2313 0.11518852 -0.0000944592257126
2314 0.11518868 -0.0083698846459388
2315 0.11519030  0.0000231577923341
2316 0.11520389  0.0000007983473911
2317 0.11520602  0.0007613575560166
2318 0.11520949 -0.0005608280831387
2319 0.11522348  0.0075301424181603
232 0.08696993 -0.0000000002435130
2320 0.11522559 -0.0068766017138733
2321 0.11524346 -0.0000620832236078
2322 0.11525714 -0.0009072324562467
2323 0.11527652  0.0192378819722058
2324 0.11528930 -0.0312254074870881
2325 0.11530271  0.0058891015329289
2326 0.11531553 -0.0018654539627043
2327 0.11532060  0.0091810926297256
2328 0.11534683  0.0005293063813120
2329 0.11534735  0.0039564691820915
233 0.08705185  0.0005195671219936
2330 0.11536045 -0.0029816729224179
2331 0.11539251 -0.0000175559463347
2332 0.11542346 -0.0008943366781900
2333 0.11542498 -0.0012492183522136
2334 0.11544943  0.0000014147502346
2335 0.11545135 -0.0000678020838584
2336 0.11545580  0.0006205811874836
2337 0.11548013 -0.0000347690964330
2338 0.11548182  0.0000004310882057
2339 0.11548643 -0.0224200471293487
234 0.08705254 -0.0005546321795444
2340 0.11548747  0.0141220549232263
2341 0.11550337  0.0654735180926752
2342 0.11550560 -0.0019716812429482
2343 0.11556842 -0.0217123186711826
2344 0.11559297  0.0000051985210948
2345 0.11562711  0.0000002314304698
2346 0.11577335 -0.0002033954572659
2347 0.11580088 -0.0083321270376525
2348 0.11582287  0.0083204398014340
2349 0.11584805 -0.0007425877656933
235 0.08715093  0.0000000212363859
2350 0.11586941 -0.0004062668212816
2351 0.11587907  0.0024638898526659
2352 0.11588503  0.0013444479587194
2353 0.11589404  0.0015820601279651
2354 0.11591128  0.0000053049216963
2355 0.11591268 -0.0003390910129730
2356 0.11591620 -0.0000014058298409
2357 0.11598039 -0.0020708455995481
2358 0.11601333  0.0096502620748290
2359 0.11601377 -0.0078054835284423
236 0.08715767  0.0028036368334013
2360 0.11604422 -0.0006271252703859
2361 0.11604424  0.0018114747238239
2362 0.11604947  0.0009452157675046
2363 0.11606117 -0.0014608311665155
2364 0.11606936 -0.0020911303046454
2365 0.11607023  0.0015041834231278
2366 0.11623286 -0.0000898528540842
2367 0.11625550  0.0000000603494510
2368 0.11625608  0.0000043533773063
2369 0.11629546  0.0022100698766209
237 0.08716176 -0.0028220687824152
2370 0.11632062 -0.0024758905269267
2371 0.11640744  0.0005559751787797
2372 0.11640756 -0.0005802057876197
2373 0.11646709  0.0038033006428513
2374 0.11646736 -0.0045293035308368
2375 0.11647462  0.0013180820367058
2376 0.11665177  0.0000167318287839
2377 0.11665627  0.0000000221173472
2378 0.11666590 -0.0000000137015013
2379 0.11667484 -0.0000014107719318
238 0.08716676 -0.0000131724704870
2380 0.11669886  0.0000086525972415
2381 0.11672366 -0.0000030806349162
2382 0.11672394 -0.0000090880716275
2383 0.11686884 -0.0000109016847143
2384 0.11689349 -0.0000115759930173
2385 0.11689597 -0.0000010276205851
2386 0.11690219  0.0079530919215408
2387 0.11690258 -0.0079169952455311
2388 0.11691787 -0.0000000134574484
2389 0.11692263  0.0000100845062062
239 0.08721090  0.0000000011389758
2390 0.11694584  0.0000275808249638
2391 0.11694810 -0.0000415717856181
2392 0.11695058 -0.0000447669463512
2393 0.11696047 -0.0000169711085097
2394 0.11697485  0.0000002517369932
2395 0.11698356 -0.0004287309273656
2396 0.11698676  0.0003905872132824
2397 0.11698756 -0.0001989108460326
2398 0.11698849 -0.0000200347168502
2399 0.11698972  0.0000342123989884
24 0.07569097  0.0116574437800919
240 0.08727440  0.0000845641381330
2400 0.11699064  0.0000361005296131
2401 0.11699291  0.0000474137192950
2402 0.11710284  0.0000570528762975
2403 0.11710684  0.0000611315820410
2404 0.11715226 -0.0075919013154640
2405 0.11715244  0.0074093168980314
2406 0.11718998 -0.0006955652848760
2407 0.11720299  0.0004157394044885
2408 0.11720629  0.0000315179826972
2409 0.11721221  0.0002509678324230
241 0.08728732 -0.0021503233159480
2410 0.11721658  0.0001848441193790
2411 0.11721914  0.0000780691413235
2412 0.11722508  0.0000087976376268
2413 0.11723443  0.0000186320868558
2414 0.11723507 -0.0000493777806162
2415 0.11723538 -0.0000012571130028
2416 0.11724016 -0.0001595648766028
2417 0.11725802  0.0001143010636360
2418 0.11727958  0.0000280144673818
2419 0.11728682 -0.0000395944105923
242 0.08728739  0.0021358243490601
2420 0.11729395  0.0000168276931921
2421 0.11730232 -0.0000068542580174
2422 0.11730250  0.0003782544769003
2423 0.11730274 -0.0004161319257436
2424 0.11731137 -0.0008828927749674
2425 0.11731145  0.0008314841746972
2426 0.11731465  0.0000021810246658
2427 0.11732057 -0.0000013560744462
2428 0.11733209  0.0007678960631185
2429 0.11733297 -0.0007665228080251
243 0.08730246  0.0000035131576466
2430 0.11734243  0.0000003930155601
2431 0.11735347 -0.0000008525852759
2432 0.11736757  0.0040094052079722
2433 0.11736878 -0.0040015888687860
2434 0.11738018 -0.0000735850921381
2435 0.11738028  0.0000663577711557
2436 0.11738065 -0.0013528564960774
2437 0.11738104  0.0014274633955384
2438 0.11749173  0.0000947694359254
2439 0.11751084 -0.0000353911698655
244 0.08739032 -0.0000016406749632
2440 0.11751376  0.0000585857833329
2441 0.11755174 -0.0000367525246049
2442 0.11760568  0.0000281222756562
2443 0.11761196  0.0011640307223016
2444 0.11762677 -0.0000647052232115
2445 0.11762737  0.0007498180807988
2446 0.11762804 -0.0007522065267121
2447 0.11763131 -0.0008170503042434
2448 0.11766468  0.0015294256444126
2449 0.11766503 -0.0017220459387067
245 0.08739314  0.0120589949577093
2450 0.11778087 -0.0116329101912012
2451 0.11779112  0.0135870284070219
2452 0.11780186 -0.0001851680512234
2453 0.11780512  0.0000274996791340
2454 0.11781745  0.0000758189968334
2455 0.11781993 -0.0000469268396610
2456 0.11785140 -0.0000415483828844
2457 0.11785551  0.0000241417835630
2458 0.11788034 -0.0000008787677601
2459 0.11788851  0.0000069275604941
246 0.08739453  0.0000003786128059
2460 0.11788973  0.0000320201004751
2461 0.11789081 -0.0000152808149277
2462 0.11789976  0.0003219563424820
2463 0.11791797  0.0000763636192141
2464 0.11792720 -0.0000834939096033
2465 0.11796145 -0.0000227670020960
2466 0.11797795  0.0000058542573109
2467 0.11797922  0.0002559148661582
2468 0.11799159 -0.0000218516493833
2469 0.11799284 -0.0001419619897374
247 0.08740013 -0.0129946477537630
2470 0.11801543 -0.0003325676944857
2471 0.11802922 -0.0182566200918323
2472 0.11803667  0.0172115874437607
2473 0.11809613  0.0000002185506577
2474 0.11812318  0.0049578853129347
2475 0.11812502 -0.0050550975077644
2476 0.11813287  0.0023346287880649
2477 0.11813639 -0.0052167786289491
2478 0.11816826 -0.0077026840441907
2479 0.11817610  0.0087406521342882
248 0.08741191  0.0000107954710261
2480 0.11818123 -0.0000008156425099
2481 0.11818886 -0.0000047231864818
2482 0.11821887  0.0000014481671883
2483 0.11822920 -0.0000019816883990
2484 0.11824535  0.0018047575173912
2485 0.11824578 -0.0007511437506885
2486 0.11824720 -0.0018722084470178
2487 0.11825091  0.0011209552584599
2488 0.11825723 -0.0034161968644333
2489 0.11825858  0.0033550672628374
249 0.08758465 -0.0001642921884734
2490 0.11828927 -0.0078444433596791
2491 0.11829851  0.0095048706871634
2492 0.11833639  0.0000958589927178
2493 0.11834945 -0.0006924360049069
2494 0.11836707 -0.0000213728465820
2495 0.11838273  0.0009829733108416
2496 0.11838466 -0.0007575538069128
2497 0.11846917  0.0000358185877758
2498 0.11851434 -0.0001139709562473
2499 0.11868373  0.0000083682203273
25 0.07569142 -0.0118457000082816
250 0.08758865 -0.0000549521841789
251 0.08759936 -0.0000003956059641
252 0.08766183  0.0026512294266460
253 0.08768109 -0.0025223748009563
254 0.08769412 -0.0000001451062573
255 0.08771051 -0.0000002209857169
256 0.08775287 -0.0002308729085308
257 0.08775331  0.0000027353577849
258 0.08776213 -0.0000182327278480
259 0.08777308 -0.0005014534630331
26 0.07570699 -0.0000026460663241
260 0.08779490  0.0001697285248975
261 0.08781563  0.0032287052552637
262 0.08781901 -0.0026437060207655
263 0.08787013 -0.0144248162794859
264 0.08787092  0.0141437622046280
265 0.08787188 -0.0000977598239004
266 0.08793421  0.0000096371835448
267 0.08794173  0.0019757928816133
268 0.08794277 -0.0021503268165800
269 0.08794547 -0.0000042245013402
27 0.07574438  0.0000000129242665
270 0.08796862 -0.0000871448041308
271 0.08797773  0.0000177795552153
272 0.08798352  0.0000099028067371
273 0.08800014 -0.0000012460462278
274 0.08800041 -0.0006358621660718
275 0.08800737  0.0000031078309866
276 0.08803644  0.0000000024831111
277 0.08804978  0.0000887024630472
278 0.08804981 -0.0000475538820536
279 0.08806583 -0.0000099722053344
28 0.07611725  0.0228743534831638
280 0.08808034  0.0000001605905626
281 0.08811970 -0.0000887139347786
282 0.08812486  0.0000096279420459
283 0.08812871 -0.0000451889558057
284 0.08813645 -0.0005825187582550
285 0.08813788  0.0005884111763827
286 0.08814527  0.0000000115144930
287 0.08816350  0.0007221701119164
288 0.08818673  0.0000056080425969
289 0.08819336  0.0056807736351295
29 0.07613378 -0.0228263029075370
290 0.08820184  0.0000000177289174
291 0.08820561 -0.0043582524452636
292 0.08825491 -0.0000684154974648
293 0.08826390  0.0018543197173774
294 0.08827846  0.0016143250387921
295 0.08828410  0.0000288050670504
296 0.08828565 -0.0000434524155468
297 0.08828655  0.0186620429126158
298 0.08828692 -0.0212812457024150
299 0.08829087  0.0000000035208578
3 0.07417939 -0.0000000005765585
30 0.07615358  0.0000000208715099
300 0.08829264 -0.0033018281860839
301 0.08829839 -0.0000030806422182
302 0.08830576 -0.0000001895945546
303 0.08831274 -0.0019213646443184
304 0.08831526 -0.0000187643758585
305 0.08833827  0.0014749934664570
306 0.08835539  0.0000002573903345
307 0.08837938  0.0002743413044188
308 0.08838907  0.0000004981127790
309 0.08842580 -0.0044327733631696
31 0.07618858 -0.0000632863802708
310 0.08844185  0.0029764463211893
311 0.08846551  0.0000000352394985
312 0.08865293  0.0083222068087069
313 0.08867516 -0.0012021924072324
314 0.08868127 -0.0000093079018232
315 0.08868637  0.0037320150232106
316 0.08870162  0.0004435303291284
317 0.08870502  0.0000000396653569
318 0.08870600 -0.0001047406511835
319 0.08871265 -0.0000661991486922
32 0.07619051 -0.0000012924297609
320 0.08873190 -0.0000003306954651
321 0.08873518  0.0000328258168893
322 0.08874928 -0.0090325593122011
323 0.08880656  0.0000153909032639
324 0.08883834  0.0000450739037027
325 0.08890310  0.0000002753792934
326 0.08895204  0.0021189992929570
327 0.08895369 -0.0017575472945922
328 0.08898846  0.0000003624764537
329 0.08899494  0.0001179730516709
33 0.07619639 -0.0012850370608345
330 0.08899862  0.0000785622510876
331 0.08902970  0.0000082799958464
332 0.08906213 -0.0025908496400717
333 0.08907255  0.0000004678310184
334 0.08908910 -0.0042577001189737
335 0.08909187 -0.0000183884859224
336 0.08910967  0.0054238304527962
337 0.08912294  0.0000061298127391
338 0.08912833  0.0002886358995919
339 0.08915355  0.0000001975705209
34 0.07619790  0.0000722783340975
340 0.08917862 -0.0047843127784264
341 0.08919922  0.0006659281739721
342 0.08920273  0.0020206852932104
343 0.08924217 -0.0000000802184842
344 0.08925073 -0.0031287096073936
345 0.08926499  0.0048539936896165
346 0.08927029 -0.0000004471304516
347 0.08936105  0.0001355321744851
348 0.08937634  0.0000080313996283
349 0.08959936  0.0013721033279880
35 0.07621723  0.0000000109281222
350 0.08960597  0.0005747009667835
351 0.08960820  0.0089661304665207
352 0.08960882 -0.0112141047650464
353 0.08964406 -0.0000000180454566
354 0.09018264  0.0113511923329277
355 0.09018271 -0.0113347354689042
356 0.09018696  0.0000016689679527
357 0.09020953 -0.0000000006426426
358 0.09023956  0.0000000118298402
359 0.09025813 -0.0005311496585125
36 0.07627236 -0.0000000018035951
360 0.09025827  0.0005507276271883
361 0.09033176 -0.0000662736929943
362 0.09047912  0.0000000216037097
363 0.09054116  0.0028648061513884
364 0.09054133 -0.0028115258954025
365 0.09060870  0.0054983971838252
366 0.09060888 -0.0055242458421180
367 0.09062363 -0.0000000579314591
368 0.09070326  0.0013234705507190
369 0.09071775 -0.0012480055498719
37 0.07631599 -0.0000000036323332
370 0.09072754  0.0000002532934863
371 0.09078603 -0.0019930621813263
372 0.09078630  0.0020917339246620
373 0.09083293  0.0000000011416587
374 0.09086193  0.0000000004619163
375 0.09086839 -0.0000457581625047
376 0.09089333  0.0058373838048805
377 0.09089367 -0.0065485600999697
378 0.09098963  0.0008215726531047
379 0.09099638 -0.0000000121011372
38 0.07638305  0.0031779013904824
380 0.09102351 -0.0001673402562567
381 0.09103669  0.0060452068131591
382 0.09103681 -0.0061281031439048
383 0.09109061  0.0112271924554324
384 0.09109130 -0.0101964712470226
385 0.09113120  0.0005433165322419
386 0.09113292  0.0008765643653277
387 0.09113323 -0.0007954224891565
388 0.09115932  0.0000000452805516
389 0.09124871 -0.0000575714465616
39 0.07638488 -0.0036852489502961
390 0.09125873 -0.0545791630805830
391 0.09125902  0.0547725288093979
392 0.09129389  0.0000694218610329
393 0.09132322 -0.0000000090580079
394 0.09138228  0.0019299835154021
395 0.09140035  0.0000000171886287
396 0.09142130  0.0032761949133218
397 0.09142136 -0.0032074122985042
398 0.09142346 -0.0000002963408288
399 0.09143210 -0.0012304058536210
4 0.07437718 -0.0000871183490344
40 0.07640281  0.0004089567497729
400 0.09143279  0.0013505791264143
401 0.09148149  0.0000000355541825
402 0.09149836  0.0003616117551935
403 0.09151192  0.0000001487313944
404 0.09151903 -0.0000302552837441
405 0.09151927  0.0000171109425371
406 0.09154142 -0.0004917722619680
407 0.09154311 -0.0011661402407140
408 0.09154328  0.0012986289549496
409 0.09155624 -0.0003399722269854
41 0.07640875  0.0000329115918837
410 0.09157252 -0.0012382782380476
411 0.09157319  0.0009810923775808
412 0.09157640 -0.0000066465886493
413 0.09157746 -0.0000016456448343
414 0.09159072  0.0000083896603357
415 0.09159248  0.0000005622005187
416 0.09159842  0.0002898560612692
417 0.09159943 -0.0002864606936464
418 0.09160285 -0.0000000386227971
419 0.09160500 -0.0000064766768769
42 0.07650407  0.0000000086505561
420 0.09161416 -0.0000000168712156
421 0.09161802  0.0005015040900185
422 0.09161853 -0.0005083566214700
423 0.09163810  0.0001135725754960
424 0.09163916 -0.0001345250492876
425 0.09164569  0.0000000239956989
426 0.09165711  0.0000061294986584
427 0.09167984  0.0044988835841712
428 0.09168015 -0.0042349965748966
429 0.09171102 -0.0000046494800539
43 0.07651334  0.0000001905263734
430 0.09171118 -0.0000013331539473
431 0.09172344  0.0000146510415943
432 0.09172357  0.0000422323028097
433 0.09172378 -0.0000406112377574
434 0.09172446  0.0000154575168765
435 0.09175871  0.0007559734282905
436 0.09176422 -0.0001212850811964
437 0.09176495  0.0000586113618101
438 0.09176592 -0.0001315014963032
439 0.09177896  0.0000000562817253
44 0.07656922 -0.0000021774253325
440 0.09179551 -0.0026399636011428
441 0.09179625  0.0019696758465738
442 0.09184991  0.0001257589899745
443 0.09189596 -0.2105725963253292
444 0.09189714  0.2094284161432079
445 0.09189888 -0.0000002114761672
446 0.09195827  0.0000008496122240
447 0.09196186  0.0028666888236166
448 0.09196213 -0.0030346169592160
449 0.09197311  0.0001142123015217
45 0.07662535  0.0034485855143822
450 0.09199822 -0.0013566720410624
451 0.09202674  0.0001192474804630
452 0.09202798 -0.0000004162518204
453 0.09203066  0.0001708899431456
454 0.09203601  0.0000129550279856
455 0.09203897  0.0000002543222698
456 0.09205039  0.0014976747983976
457 0.09205259 -0.0011421656245156
458 0.09209409  0.0000001103526213
459 0.09214799  0.0011069268247069
46 0.07663090 -0.0025405808212668
460 0.09215673  0.0000363189899458
461 0.09215767  0.0008379351525436
462 0.09217127  0.0021675496039168
463 0.09217639  0.0000512531466715
464 0.09219435  0.0000400629487849
465 0.09219486 -0.0000556428328721
466 0.09226266 -0.0000023999603349
467 0.09230264 -0.0012150303824055
468 0.09230503  0.0018647598957633
469 0.09232846 -0.0002614710248387
47 0.07681289  0.0000165799158105
470 0.09233181 -0.0010516117696189
471 0.09233580 -0.0029425325297951
472 0.09234158  0.0009058381400634
473 0.09234165  0.0022698450322850
474 0.09234352 -0.0013458740808336
475 0.09236533 -0.0007314372889196
476 0.09239132  0.0003324625599976
477 0.09239702 -0.0004042528921184
478 0.09241125  0.0015271550341868
479 0.09241424  0.0000562391919391
48 0.07682550  0.0000661781146632
480 0.09241972  0.0008398004504382
481 0.09243732  0.0000023076988497
482 0.09244584 -0.0001464940486198
483 0.09244781 -0.0003875858687504
484 0.09246869  0.0004062627552957
485 0.09247177 -0.0000745643765772
486 0.09248022  0.0000033497978959
487 0.09250345 -0.0022169589174629
488 0.09250389  0.0025469959576129
489 0.09250422  0.0000011110802673
49 0.07705851 -0.0024470705707177
490 0.09250630  0.0000457322015159
491 0.09251381  0.0004535474858891
492 0.09251457 -0.0002099595556304
493 0.09251841  0.0000553906893002
494 0.09253817 -0.0000727689305490
495 0.09254411 -0.0024454672008215
496 0.09254799 -0.0002095134727773
497 0.09255643  0.0003691305660925
498 0.09257100 -0.0001124306209112
499 0.09257791  0.0138292697559695
5 0.07446230  0.0610729018145541
50 0.07843506  0.0014219508272977
500 0.09257834 -0.0131761358309592
501 0.09257891 -0.0001984507560050
502 0.09259708 -0.0004178194856372
503 0.09260375  0.0004683650739529
504 0.09260681 -0.0001297916619895
505 0.09262123 -0.0027498939896369
506 0.09263882  0.0089477525781473
507 0.09264734  0.0004105775892320
508 0.09266228 -0.0069060497367436
509 0.09266702  0.0011100891858459
51 0.07849963  0.0270397646855446
510 0.09266844  0.0021404346521528
511 0.09266957 -0.0002981219822966
512 0.09267217 -0.0025488925081357
513 0.09267743 -0.0022490638198273
514 0.09268466 -0.0000979174393209
515 0.09268858 -0.0001970477301638
516 0.09273063 -0.0089387284441023
517 0.09273134  0.0097395962001660
518 0.09274903 -0.0008812457739604
519 0.09275393 -0.0006704396544331
52 0.07849968 -0.0283482251803576
520 0.09276381  0.0007885779840414
521 0.09277152  0.0003464287521127
522 0.09277832  0.0003615611738040
523 0.09279791  0.0002300943136161
524 0.09282119  0.0078800810886927
525 0.09284561  0.0002832467076068
526 0.09285846 -0.0050506793981244
527 0.09289857 -0.0000816435939073
528 0.09291775  0.0035260702675669
529 0.09292288 -0.0049423482631375
53 0.07860344 -0.0000000188634389
530 0.09293541  0.0000011426597432
531 0.09293909 -0.0019167858526798
532 0.09293932  0.0015261826961359
533 0.09302679  0.0001695561539399
534 0.09303748 -0.0003585736391884
535 0.09318469 -0.0007745899146532
536 0.09322233  0.0001705540461123
537 0.09326128  0.0000039691880046
538 0.09336343  0.0037810822443380
539 0.09336929 -0.0031293133023490
54 0.07879772 -0.0003048628213599
540 0.09337679 -0.0001646067895226
541 0.09341703  0.0000200357709568
542 0.09344289 -0.0015161153523611
543 0.09344623  0.0014785669249497
544 0.09345580  0.0000006717547761
545 0.09349898  0.0000317306266091
546 0.09353215  0.0000277570185536
547 0.09357095  0.0003462931977585
548 0.09357975 -0.0003390623524113
549 0.09366064  0.0001754084027686
55 0.07883132  0.0384212815107808
550 0.09405726  0.0000377934222059
551 0.09408924  0.0006756362673583
552 0.09408929 -0.0006457467172876
553 0.09410726 -0.0000000422615494
554 0.09455863  0.0009368492578937
555 0.09460585 -0.0055760295610051
556 0.09460830  0.0024793404805585
557 0.09464449 -0.0004219440215419
558 0.09470041 -0.0000803016593818
559 0.09482432 -0.0026628540312666
56 0.07883143 -0.0383364581616031
560 0.09482441  0.0026381181575867
561 0.09490875  0.0000000522280963
562 0.09495550 -0.0001637981315649
563 0.09495786  0.0003983523678299
564 0.09503628  0.0000068698891239
565 0.09505217  0.0000000006997928
566 0.09505628  0.0000405504555772
567 0.09508803 -0.0000008145377258
568 0.09508994  0.0000014882669448
569 0.09510505  0.0000001795930265
57 0.07883828  0.0000936646329989
570 0.09511008  0.0000150108428127
571 0.09530481  0.0007247499238210
572 0.09530510 -0.0009157349260519
573 0.09536567  0.0000078203399277
574 0.09542940 -0.0002066960965884
575 0.09543365 -0.0000002124118419
576 0.09543445  0.0002670059903762
577 0.09546215 -0.0000000581310792
578 0.09552384 -0.0009467558588951
579 0.09552401 -0.0025977965618236
58 0.07922416 -0.0019519771912045
580 0.09552519 -0.0003006350281338
581 0.09552695  0.0024316304497375
582 0.09554866  0.0000000926819480
583 0.09556119  0.0005039083376082
584 0.09556147 -0.0004572611944377
585 0.09557966  0.0000118246598060
586 0.09567065  0.0000001725661113
587 0.09567300 -0.0004296768795038
588 0.09567342  0.0004669299468838
589 0.09570580 -0.0000005367462123
59 0.07922428  0.0020769791591027
590 0.09571657 -0.0000716049271931
591 0.09571754  0.0001906079720657
592 0.09572643  0.0000003413973269
593 0.09572858  0.0000104265638487
594 0.09575974 -0.0000002787292453
595 0.09576032 -0.0000599886336667
596 0.09576664 -0.0044750088457500
597 0.09576906  0.0038747444853458
598 0.09577414  0.0000002360185036
599 0.09579579 -0.0002560778245796
6 0.07446250 -0.0608927032578199
60 0.07923496  0.0000000257272735
600 0.09579637  0.0002447415202330
601 0.09583865  0.0000367819439037
602 0.09587510 -0.0006003773222810
603 0.09588714 -0.0031257233886189
604 0.09588760  0.0036639414711646
605 0.09589465  0.0000001111124682
606 0.09595425 -0.0000451229011248
607 0.09595498  0.0000137010047188
608 0.09597520 -0.0000000286023083
609 0.09598118 -0.0000005106156276
61 0.07925381 -0.0000000020506979
610 0.09598545  0.0000000004125536
611 0.09599313  0.0000651049519195
612 0.09599530 -0.0000773100239026
613 0.09599963 -0.0001366283486524
614 0.09612623 -0.0000017345160559
615 0.09613368  0.0004969518627148
616 0.09613537 -0.0040529484439296
617 0.09613750 -0.0001001244729224
618 0.09614269  0.0004106334980436
619 0.09614812  0.0000008472369844
62 0.07929553  0.0000072579732331
620 0.09615544  0.0069942403221381
621 0.09615780 -0.0108027655238063
622 0.09616609  0.0049931946985189
623 0.09616874 -0.0112579520669869
624 0.09617071  0.0153762002198079
625 0.09618735  0.0313179548652835
626 0.09618757 -0.0313457215956991
627 0.09619102  0.0000000640519904
628 0.09619209  0.0000068319775952
629 0.09620451 -0.0000009325287693
63 0.07937281  0.0001224643214685
630 0.09624883  0.0016820968831345
631 0.09625038 -0.0016939636354129
632 0.09625557 -0.0000020973251052
633 0.09626868 -0.0000063530750857
634 0.09630129 -0.0000002898333042
635 0.09637200 -0.0085662946581966
636 0.09637244  0.0082965700742495
637 0.09645770 -0.0000000435491899
638 0.09649810 -0.0000000957456881
639 0.09652122 -0.0029965124559049
64 0.07937332 -0.0001119846954898
640 0.09652587  0.0000004897165347
641 0.09652636  0.0019900381727922
642 0.09653641  0.0006678616015244
643 0.09654164 -0.0002195215005262
644 0.09654934  0.0000486952421916
645 0.09655195 -0.0000222442238806
646 0.09655506  0.0192145787532534
647 0.09655520 -0.0198508465132790
648 0.09663468 -0.0039610252629626
649 0.09663543  0.0032092464516032
65 0.07950336  0.0003280663065109
650 0.09666422  0.0001158953395949
651 0.09666643 -0.0001663704309300
652 0.09666763 -0.0016325729074223
653 0.09666852  0.0026427007754243
654 0.09667236 -0.0061327039573431
655 0.09669297  0.0002137654954131
656 0.09669583 -0.0004042669942756
657 0.09669875 -0.0001086815941704
658 0.09671626 -0.0000474394928742
659 0.09671723 -0.0000983477673595
66 0.07957246 -0.0000000356160523
660 0.09672109  0.0005672318288173
661 0.09673279 -0.0000474789468509
662 0.09674606 -0.0018067298167240
663 0.09675235  0.0025528275976944
664 0.09675404  0.0001829172208963
665 0.09676006 -0.0003979014930359
666 0.09677029  0.0004958517597242
667 0.09678942  0.0003429954135491
668 0.09680712 -0.0014656542279763
669 0.09681521  0.0014395003578397
67 0.07964903 -0.0093466063994369
670 0.09683410 -0.0010208562588555
671 0.09683414  0.0006040789220168
672 0.09683755 -0.0005674393549356
673 0.09683965  0.0013377315722482
674 0.09685981  0.0073356890444498
675 0.09686108 -0.0071223794713751
676 0.09686680 -0.0002345325750269
677 0.09688054  0.0019958753369114
678 0.09692008  0.0007174095014216
679 0.09692015  0.0000068840187508
68 0.07965044  0.0089807146813693
680 0.09692465 -0.0017954514541191
681 0.09692701  0.0000102390865003
682 0.09696627 -0.0030614907426807
683 0.09697376  0.0002247529844098
684 0.09697622  0.0111096956718459
685 0.09700468  0.0066894898258730
686 0.09700506 -0.0054378048609994
687 0.09703286  0.0003785531090987
688 0.09703585 -0.0098250466680104
689 0.09703612  0.0093383428848301
69 0.07970007  0.0000831525379144
690 0.09703746 -0.0000480037031423
691 0.09705323 -0.0053549971459694
692 0.09706165  0.0009272675676972
693 0.09706706  0.0002502037857159
694 0.09709810 -0.0006972582370131
695 0.09710424 -0.0089551723760817
696 0.09710795  0.0084805242367882
697 0.09714013  0.0006499770810373
698 0.09714279  0.0008418064605369
699 0.09715665 -0.0178747464554334
7 0.07461672 -0.0000007752471356
70 0.07972357 -0.0001042356308902
700 0.09715690  0.0186097420301747
701 0.09716781  0.0000846296991518
702 0.09716880  0.0001663360979328
703 0.09718143 -0.0000284796265954
704 0.09718589  0.0027364866619638
705 0.09718700 -0.0017121544143797
706 0.09720005  0.0415119887900065
707 0.09720199 -0.0452422241265485
708 0.09721017  0.0001101944795745
709 0.09721455  0.0003439939431404
71 0.07972895  0.0004147326309732
710 0.09721541  0.0021663769277644
711 0.09722250  0.0002230278515153
712 0.09723371  0.0026572725563827
713 0.09725314 -0.0157840216532229
714 0.09725439  0.0154159461369363
715 0.09725950 -0.0000382568401902
716 0.09735850 -0.0000002286469226
717 0.09737747 -0.0008330318245815
718 0.09737891  0.0010334667874617
719 0.09739279  0.0015810948913044
72 0.07972917 -0.0002968629351499
720 0.09739673  0.0000194418660534
721 0.09741683 -0.0000173058673235
722 0.09741691  0.0266987839225961
723 0.09741710 -0.0260377777224190
724 0.09744998  0.0013132575137541
725 0.09746811 -0.0065793013164384
726 0.09746837  0.0065560731945328
727 0.09747910 -0.0033080629485900
728 0.09750982 -0.0109321554398712
729 0.09752377 -0.0000770613202545
73 0.07974504 -0.0000000119815358
730 0.09754102 -0.0472449869860471
731 0.09754213  0.0390588909168005
732 0.09754501  0.0000071799166490
733 0.09755763 -0.0572622179441685
734 0.09755811  0.0602161108704701
735 0.09756835  0.0000115115709141
736 0.09757846  0.0050763800478017
737 0.09758683  0.0211445260572839
738 0.09758999 -0.0137437500379455
739 0.09760936 -0.0004023671716802
74 0.07988689 -0.0000065419760483
740 0.09762216  0.0016380617587758
741 0.09762879 -0.0014434002578237
742 0.09763024  0.0011599378383944
743 0.09763722  0.0000322489610892
744 0.09765838  0.0135998399812008
745 0.09766341 -0.0157670646699935
746 0.09768856 -0.0000643491028381
747 0.09772986  0.0000002617566289
748 0.09774135 -0.0001307446470464
749 0.09774641 -0.0003000840091237
75 0.07989739 -0.0146408443789209
750 0.09774989 -0.0000302814210284
751 0.09775274  0.0002740530502386
752 0.09781378  0.0017395924847218
753 0.09781427  0.0001481866555597
754 0.09781678 -0.0019527159660402
755 0.09781980  0.0000045468750269
756 0.09783850 -0.0033720239588655
757 0.09783862  0.0047217609866178
758 0.09785649 -0.0007711904188448
759 0.09786302 -0.0005250607369773
76 0.07989898  0.0140542941981938
760 0.09786664 -0.0000931403685977
761 0.09787638  0.0004396578551953
762 0.09791169  0.0032981065301694
763 0.09795036  0.0053634001385122
764 0.09797514  0.0007497465061923
765 0.09799397 -0.0056207902421256
766 0.09799666  0.0049893596886550
767 0.09801705 -0.0036506153825939
768 0.09806516 -0.0156685485895159
769 0.09806602  0.0138717756085502
77 0.07992281 -0.0000000071551931
770 0.09808700 -0.0050686903281249
771 0.09808767  0.0025585797236335
772 0.09810705 -0.0043587898999040
773 0.09810852  0.0047351693123312
774 0.09810873  0.0009578789900903
775 0.09811455 -0.0042654543063809
776 0.09811562  0.0060768887463890
777 0.09812940 -0.0000000938218728
778 0.09813346  0.0000144261430479
779 0.09817317 -0.0085103915921768
78 0.07995186  0.0000000086766660
780 0.09818056  0.0000734837229124
781 0.09818317  0.0056738977092507
782 0.09818514 -0.0003513151916917
783 0.09820142  0.0026461689367358
784 0.09820613 -0.0019124422659533
785 0.09821320  0.0001096872116628
786 0.09821399  0.0215341075942216
787 0.09821756 -0.0050657606597983
788 0.09823365 -0.0318565190314055
789 0.09823974  0.0184130459383960
79 0.07996893  0.0000180884705933
790 0.09825055 -0.0001938901505047
791 0.09826210  0.0001145467138988
792 0.09826857 -0.0002017031536844
793 0.09829776 -0.0000000340382580
794 0.09832151 -0.0000461126606440
795 0.09832301  0.0001863977219189
796 0.09834481  0.0006819445092099
797 0.09835094 -0.0003329765063251
798 0.09839345  0.0000017940092785
799 0.09839626  0.0000490596241272
8 0.07477426 -0.0000000043406304
80 0.07997288 -0.0013792672900507
800 0.09840182 -0.0021197060321312
801 0.09840609  0.0016946799366396
802 0.09842248  0.0000677237657123
803 0.09842693  0.0000099586749510
804 0.09843229  0.0000000387838235
805 0.09843897  0.0009998421627095
806 0.09845229 -0.0000736864299544
807 0.09846054 -0.0011758843827815
808 0.09846600  0.0000000396144018
809 0.09851145 -0.0000950729955958
81 0.07997312  0.0013782490460319
810 0.09852929 -0.0065540000803312
811 0.09853326  0.0063154242208643
812 0.09855276 -0.0035514284582719
813 0.09855355  0.0039837629729314
814 0.09856248  0.0000000335021800
815 0.09856631 -0.0002724675827981
816 0.09856971  0.0000000512864161
817 0.09857228 -0.0000857220630647
818 0.09857864 -0.0031391441882896
819 0.09858109 -0.0000000356865542
82 0.08003255  0.0000000002795456
820 0.09858569 -0.0000004219438059
821 0.09858779  0.0192171406679372
822 0.09858900 -0.0140413701047573
823 0.09859478 -0.0044372387920899
824 0.09859930  0.0000007384332912
825 0.09860106 -0.0000186020746674
826 0.09860954  0.0000197302226699
827 0.09861881  0.0000000102056949
828 0.09864562  0.0000341277779654
829 0.09865354  0.0005117276658725
83 0.08007045  0.0065394661800699
830 0.09867171  0.0016088020208850
831 0.09868132 -0.0077082877031536
832 0.09868263  0.0101974295135997
833 0.09869639  0.0072716534839447
834 0.09869994  0.0035850786487299
835 0.09870050 -0.0006771903173063
836 0.09871711 -0.0000016161233013
837 0.09874624 -0.0024355682144233
838 0.09876133 -0.0000316383106452
839 0.09876184  0.0021530038381334
84 0.08007054 -0.0064655743651156
840 0.09877059  0.0000082077145324
841 0.09880777 -0.0101336681052670
842 0.09898816  0.0000005179072428
843 0.09902128 -0.0049999867119949
844 0.09908625  0.0007059117016453
845 0.09908951 -0.0221164673461115
846 0.09909147  0.0238284405887477
847 0.09909448 -0.0000004243894902
848 0.09912816 -0.0000004604418537
849 0.09919373 -0.0000004820005003
85 0.08016000 -0.0000000076253464
850 0.09925362  0.0047027830694126
851 0.09925404 -0.0051178617900001
852 0.09929446 -0.0009560433703399
853 0.09931580  0.0029320716283164
854 0.09932343 -0.0022831468999269
855 0.09936877 -0.0004723147329437
856 0.09938101  0.0013313351362606
857 0.09940838 -0.0000007716117293
858 0.09941286 -0.0037235228668759
859 0.09941635 -0.0000004577500664
86 0.08033516 -0.0002179128409680
860 0.09943403 -0.0074678563143324
861 0.09943537  0.0082533652478864
862 0.09943942  0.0000144082622607
863 0.09944205  0.0011999213276091
864 0.09944375 -0.0011682436314861
865 0.09945274 -0.0000000128736299
866 0.09947470  0.0000000534317565
867 0.09947862  0.0034141658790267
868 0.09952698  0.0002520211344272
869 0.09953006  0.0026417948644036
87 0.08034244 -0.0150985784546660
870 0.09953870  0.0202695251299379
871 0.09953905 -0.0241622165783416
872 0.09953905 -0.0003188785643003
873 0.09955981  0.0010193340528623
874 0.09956705 -0.0000000304264945
875 0.09962367 -0.0748748102589965
876 0.09962389  0.0747941986900147
877 0.09964810 -0.0011593587543472
878 0.09970072  0.0056990125610113
879 0.09970107 -0.0038640934066514
88 0.08034350  0.0161604215327882
880 0.09970716  0.0000001260055874
881 0.09973585  0.0000001133152622
882 0.09983648  0.0008035175181672
883 0.09983655 -0.0008157190866667
884 0.09984430 -0.0001495718878989
885 0.09984818 -0.0000001980774736
886 0.09986966 -0.0003468748469694
887 0.09989017 -0.0002930962846196
888 0.09989094  0.0009775537829770
889 0.09990682  0.0000017200190502
89 0.08038173  0.0000000600314292
890 0.09991816  0.0000577179536472
891 0.09992029 -0.0000031734604900
892 0.09992128  0.0005138568228246
893 0.09992190 -0.0003805196565542
894 0.09994554  0.0000093996347468
895 0.09995869 -0.0041688019682675
896 0.09995981  0.0061028045392540
897 0.09996557 -0.0000001880322146
898 0.09997084  0.0014204134632258
899 0.09997166 -0.0042684891958687
9 0.07498224  0.0043330239357270
90 0.08052251 -0.0014957895786242
900 0.09999303 -0.0004304455051312
901 0.09999761  0.0000033142287284
902 0.10007578 -0.0009448900282210
903 0.10007582  0.0014242732170422
904 0.10010055 -0.0001987787755750
905 0.10010964  0.0014440014423814
906 0.10023413  0.0000011755878634
907 0.10024167 -0.0000915980198523
908 0.10024239  0.0002072124668774
909 0.10024792  0.0361803944367415
91 0.08052324  0.0013234831917877
910 0.10024797 -0.0365691879934417
911 0.10026227 -0.0000013158117821
912 0.10026431 -0.0000282474788025
913 0.10026434 -0.0000001761186007
914 0.10026907  0.0004250629133706
915 0.10027411 -0.0001911982797029
916 0.10028019 -0.0001967017736677
917 0.10028874  0.0004832565918251
918 0.10028943 -0.0008831616096240
919 0.10031147 -0.0000006472952197
92 0.08058213  0.0001183890333043
920 0.10031905 -0.0000007979058850
921 0.10036491  0.0000000044842218
922 0.10039916  0.0011775735095667
923 0.10040800 -0.0239522932199582
924 0.10040912  0.0238076080684520
925 0.10042054 -0.0000001073041493
926 0.10043260  0.0000135646116601
927 0.10043391  0.0000716639136005
928 0.10043572 -0.0003249262697475
929 0.10043735 -0.0002760467937916
93 0.08058973  0.0000357687964254
930 0.10045398 -0.0004200618781717
931 0.10052714 -0.0000001491951494
932 0.10061864 -0.0019000789176533
933 0.10062040  0.0019707608568392
934 0.10063016  0.0002319191819583
935 0.10063583 -0.0010450092937245
936 0.10064719 -0.0006369722112393
937 0.10065397 -0.0043204039623303
938 0.10067862 -0.0154802339927639
939 0.10067913  0.0163064249774182
94 0.08060263  0.0006702713335280
940 0.10068803  0.0094116881700231
941 0.10070971 -0.0043179421672580
942 0.10073348  0.0022035221937455
943 0.10073822 -0.0019758506338295
944 0.10076416 -0.0000005937218928
945 0.10077607  0.0000654900524579
946 0.10079696  0.0000024967182928
947 0.10079779 -0.0000042570775550
948 0.10081829 -0.0007769748671536
949 0.10082254 -0.0003619792367324
95 0.08063168  0.0000823588044481
950 0.10087635 -0.0000753332578319
951 0.10088452 -0.0002841713406934
952 0.10091772  0.0023576201851284
953 0.10091899 -0.0033422174212448
954 0.10091966  0.0028888664236772
955 0.10092424 -0.0027944423774228
956 0.10093363  0.0000007972860400
957 0.10097220  0.0000011127131565
958 0.10098085  0.0001964941847628
959 0.10101342 -0.0086697262253254
96 0.08063280 -0.0147635719441610
960 0.10101411  0.0076192460714311
961 0.10102121 -0.0006627365773238
962 0.10102562  0.0008984490821093
963 0.10102576  0.0010786104255567
964 0.10103174 -0.0006758586919985
965 0.10107142 -0.0018796727825242
966 0.10111340  0.0043639960672336
967 0.10112634  0.0001913394537263
968 0.10112998  0.0007350371085957
969 0.10114282 -0.0161794810034708
97 0.08063328  0.0151665070593797
970 0.10116766  0.0000020814441569
971 0.10117411 -0.0000002321750949
972 0.10118088  0.0000328030788218
973 0.10120027  0.0187115076643625
974 0.10120622  0.0008578173575131
975 0.10120658 -0.0005488501968947
976 0.10121437  0.0001957033391917
977 0.10122312 -0.0008236130030325
978 0.10122649  0.0007998742124240
979 0.10123881  0.0000152362122842
98 0.08064231  0.0000682303615561
980 0.10125893  0.0018396018898038
981 0.10126760  0.0000036664603650
982 0.10127235  0.0025426805681221
983 0.10129923 -0.0007718378035400
984 0.10130175 -0.0009886781227977
985 0.10132992  0.0122887741569881
986 0.10133232 -0.0000424637856113
987 0.10133469 -0.0079178702979332
988 0.10133584  0.0197221263496792
989 0.10134422  0.0000010510932543
99 0.08067274 -0.0025678100392303
990 0.10134511  0.0000564143033584
991 0.10137496  0.0000001112202467
992 0.10137585  0.0140751603976266
993 0.10137632 -0.0088707893836120
994 0.10138181  0.0000857931554481
995 0.10138932 -0.0017204658176950
996 0.10138961  0.0023634554976346
997 0.10139891  0.0000219700230931
998 0.10141832 -0.0001845774807531
999 0.10144849 -0.0000000014802337
