-34 0.000297614868462372
-33.2916666666667 0.000342021407390547
-32.5833333333333 0.00049352705269424
-31.875 0.000812144482640085
-31.1666666666667 0.00134199108013522
-30.4583333333333 0.00181464467610246
-29.75 0.00158124406837086
-29.0416666666667 0.00173023007257291
-28.3333333333333 0.00298587607362997
-27.625 0.00316143909007014
-26.9166666666667 0.00295578331436528
-26.2083333333333 0.00394615035868239
-25.5 0.00529408686224804
-24.7916666666667 0.00591155365907303
-24.0833333333333 0.00576200459187293
-23.375 0.00710240720514153
-22.6666666666667 0.00946581885377093
-21.9583333333333 0.00885537300768201
-21.25 0.00694091763884159
-20.5416666666667 0.0078633006654767
-19.8333333333333 0.00992881859983825
-19.125 0.0108211815627704
-18.4166666666667 0.010824183027203
-17.7083333333333 0.0138079638309786
-17 0.0177792618586354
-16.2916666666667 0.0161833448628054
-15.5833333333333 0.0124432294725813
-14.875 0.0135213529164393
-14.1666666666667 0.0162942113902372
-13.4583333333333 0.0172938814532702
-12.75 0.0176304462222506
-12.0416666666667 0.0227378653065361
-11.3333333333333 0.0282465225261638
-10.625 0.0252680727686725
-9.91666666666666 0.0192836292106044
-9.20833333333333 0.0200048750706967
-8.49999999999999 0.0227491748111512
-7.79166666666666 0.0231890136070917
-7.08333333333333 0.0237069240603213
-6.37499999999999 0.030883065972748
-5.66666666666666 0.0371813580362773
-4.95833333333333 0.0324856300053505
-4.24999999999999 0.0247595233091456
-3.54166666666666 0.024981657767703
-2.83333333333333 0.0269817789206781
-2.12499999999999 0.0263212493833306
-1.41666666666666 0.0266774520262192
-0.708333333333325 0.0349268305373723
8.43769498715119e-15 0.0409211409229124
0.708333333333342 0.0349268301446425
1.41666666666668 0.0266774518279897
2.12500000000001 0.0263212492334772
2.83333333333334 0.0269817784649469
3.54166666666668 0.0249816570534003
4.25000000000001 0.0247595226213852
4.95833333333334 0.0324856292183877
5.66666666666668 0.0371813566882004
6.37500000000001 0.0308830644722678
7.08333333333334 0.0237069230238752
7.79166666666668 0.0231890126573757
8.50000000000001 0.0227491735855139
9.20833333333334 0.0200048737023308
9.91666666666667 0.0192836279070619
10.625 0.0252680711808486
11.3333333333333 0.0282465202903656
12.0416666666667 0.0227378631222812
12.75 0.0176304446901516
13.4583333333333 0.0172938800331348
14.1666666666667 0.0162942097308736
14.875 0.0135213511893594
15.5833333333333 0.0124432277862632
16.2916666666667 0.016183342736679
17 0.0177792590426893
17.7083333333333 0.013807961161061
18.4166666666667 0.0108241810710992
19.125 0.0108211798085754
19.8333333333333 0.00992881677801368
20.5416666666667 0.00786329903739346
21.25 0.00694091633025232
21.9583333333333 0.00885537139734478
22.6666666666667 0.00946581657646611
23.375 0.00710240528576071
24.0833333333333 0.00576200349962152
24.7916666666667 0.00591155259679622
25.5 0.00529408551261926
26.2083333333333 0.00394614874586594
26.9166666666667 0.00295578103871283
27.625 0.00316143526468541
28.3333333333333 0.00298587148645154
29.0416666666667 0.00173022638915139
29.75 0.0015812413231671
30.4583333333333 0.00181464253348077
31.1666666666667 0.00134198975458232
31.875 0.000812143716695164
32.5833333333333 0.000493526589975564
33.2916666666667 0.000342021111870787
