-34 0.000477359130366399
-33.2916666666667 0.000633154938549584
-32.5833333333333 0.0011633325491243
-31.875 0.00221573675756939
-31.1666666666667 0.00384653738831539
-30.4583333333333 0.00534314420785028
-29.75 0.0057199376594295
-29.0416666666667 0.00752074601092504
-28.3333333333333 0.0101540593063101
-27.625 0.00917606774727151
-26.9166666666667 0.00787364301209254
-26.2083333333333 0.0088118042277549
-25.5 0.0097791000425321
-24.7916666666667 0.010398469470002
-24.0833333333333 0.0130098701080822
-23.375 0.01720353345831
-22.6666666666667 0.0176051511303346
-21.9583333333333 0.0136840894528428
-21.25 0.0111892441713783
-20.5416666666667 0.0116279053141492
-19.8333333333333 0.0122679082095704
-19.125 0.0127862037913381
-18.4166666666667 0.0150314771143115
-17.7083333333333 0.0187807839559922
-17 0.0199796583050683
-16.2916666666667 0.0170120720999289
-15.5833333333333 0.0138031192949565
-14.875 0.0139010574968037
-14.1666666666667 0.0150296084905799
-13.4583333333333 0.0159288753207592
-12.75 0.0182385434780088
-12.0416666666667 0.0234184650507566
-11.3333333333333 0.0262073585937597
-10.625 0.0226368401886593
-9.91666666666666 0.0176064009386754
-9.20833333333333 0.01691445394054
-8.49999999999999 0.0175258501196595
-7.79166666666666 0.0178552343587858
-7.08333333333333 0.0204028083552207
-6.37499999999999 0.0262655513549917
-5.66666666666666 0.0282435028730932
-4.95833333333333 0.0239223182074304
-4.24999999999999 0.0187473114065731
-3.54166666666666 0.0173461255139596
-2.83333333333333 0.0170855413766441
-2.12499999999999 0.016963771242897
-1.41666666666666 0.0188610724248592
-0.708333333333325 0.0233936249432753
8.43769498715119e-15 0.0254434505383828
0.708333333333342 0.0232633415479833
1.41666666666668 0.0187805769315026
2.12500000000001 0.0168408954214808
2.83333333333334 0.0168177712762765
3.54166666666668 0.0169932071325741
4.25000000000001 0.0183500847118355
4.95833333333334 0.0232906586109161
5.66666666666668 0.0273800575759215
6.37500000000001 0.0255795835891853
7.08333333333334 0.0199920661573377
7.79166666666668 0.0174642813452271
8.50000000000001 0.0171399997678627
9.20833333333334 0.016627486395134
9.91666666666667 0.0173623365410276
10.625 0.0222561000155648
11.3333333333333 0.0258283832841598
12.0416666666667 0.0232509317437524
12.75 0.0181506738697744
13.4583333333333 0.0158293150938187
14.1666666666667 0.0150187166667127
14.875 0.0140046297262611
15.5833333333333 0.0139648425230338
16.2916666666667 0.0172502204441201
17 0.0203876214593683
17.7083333333333 0.0192257970505104
18.4166666666667 0.015331831731563
19.125 0.0130314140229327
19.8333333333333 0.0125543223463569
20.5416666666667 0.0119177471245901
21.25 0.0114487248671974
21.9583333333333 0.0140126619266682
22.6666666666667 0.0180769920885175
23.375 0.017649846698784
24.0833333333333 0.0133139610367155
24.7916666666667 0.0106637359375233
25.5 0.0100518275999227
26.2083333333333 0.00904233870325502
26.9166666666667 0.00804157438449981
27.625 0.00934018441960315
28.3333333333333 0.0103159060713021
29.0416666666667 0.00761860292117545
29.75 0.00580908466056214
30.4583333333333 0.00544878062650837
31.1666666666667 0.00392504046264226
31.875 0.00226057500773809
32.5833333333333 0.00118581309215661
33.2916666666667 0.000642286202127083
