-34 0.000117462687398232
-33.2916666666667 0.000230613229075453
-32.5833333333333 0.000637438967459156
-31.875 0.00143308303575047
-31.1666666666667 0.00263253613351746
-30.4583333333333 0.00372776459850916
-29.75 0.004074396722588
-29.0416666666667 0.00529809835036314
-28.3333333333333 0.00697310362640899
-27.625 0.00609361152316765
-26.9166666666667 0.0046810986414314
-26.2083333333333 0.00473376350530578
-25.5 0.00528131797320352
-24.7916666666667 0.00638235609808997
-24.0833333333333 0.00851058361993366
-23.375 0.00951678064130809
-22.6666666666667 0.00860706022615117
-21.9583333333333 0.00730003431450976
-21.25 0.00622102966180171
-20.5416666666667 0.00571764431326132
-19.8333333333333 0.00610447992566661
-19.125 0.00760510244511452
-18.4166666666667 0.00906996847159079
-17.7083333333333 0.00903975449429515
-17 0.00995336628474337
-16.2916666666667 0.0109545724561129
-15.5833333333333 0.00979455833160182
-14.875 0.0105029510259901
-14.1666666666667 0.0132335829993448
-13.4583333333333 0.0157624491268849
-12.75 0.0184049812078129
-12.0416666666667 0.0248597964979535
-11.3333333333333 0.0303077377985709
-10.625 0.0267134239941258
-9.91666666666666 0.0203007452695087
-9.20833333333333 0.0208865280907775
-8.49999999999999 0.0235631370657225
-7.79166666666666 0.0245924989947635
-7.08333333333333 0.0281476067159742
-6.37499999999999 0.0391104395351396
-5.66666666666666 0.0446134510529847
-4.95833333333333 0.0364832470087055
-4.24999999999999 0.0273910639475326
-3.54166666666666 0.0268422784287079
-2.83333333333333 0.0276153422926533
-2.12499999999999 0.0266148417326928
-1.41666666666666 0.0282498584159228
-0.708333333333325 0.037288432272582
8.43769498715119e-15 0.0427407820888046
0.708333333333342 0.0368572521876475
1.41666666666668 0.0279814728467277
2.12500000000001 0.0257495192309184
2.83333333333334 0.0256687535726589
3.54166666666668 0.0242172926449997
4.25000000000001 0.0244325162704386
4.95833333333334 0.03244010152888
5.66666666666668 0.0393891767265513
6.37500000000001 0.0346714347655178
7.08333333333334 0.0252432389994414
7.79166666666668 0.0217434935658485
8.50000000000001 0.0203699484752502
9.20833333333334 0.0179227520943302
9.91666666666667 0.017568916530752
10.625 0.0231059120883475
11.3333333333333 0.0259462065834909
12.0416666666667 0.0213563645327854
12.75 0.0160453506720127
13.4583333333333 0.0136392133493289
14.1666666666667 0.0113245981808936
14.875 0.00913677080511671
15.5833333333333 0.00885013264576939
16.2916666666667 0.00987120174766247
17 0.0088170053971703
17.7083333333333 0.00828186917290776
18.4166666666667 0.00852979718487559
19.125 0.00708254001335115
19.8333333333333 0.00578547291657826
20.5416666666667 0.0056760900486592
21.25 0.00638093871200529
21.9583333333333 0.00767785722314629
22.6666666666667 0.00930864191192977
23.375 0.0102648890584875
24.0833333333333 0.00899184029397595
24.7916666666667 0.0067633060831647
25.5 0.0057339914116684
26.2083333333333 0.00518767574862758
26.9166666666667 0.00509639642701685
27.625 0.0066145908054872
28.3333333333333 0.00754452886003353
29.0416666666667 0.00567540807185619
29.75 0.00438525036003359
30.4583333333333 0.00406677872044896
31.1666666666667 0.00288865133760009
31.875 0.0015843246010269
32.5833333333333 0.000715526180151548
33.2916666666667 0.000262959455264241
