-34 0.000610093204424778
-33.2916666666667 0.000785215656758926
-32.5833333333333 0.00123185050178158
-31.875 0.0020699714789626
-31.1666666666667 0.00334673545438927
-30.4583333333333 0.00456542441141723
-29.75 0.00513916989742468
-29.0416666666667 0.00691732480553857
-28.3333333333333 0.00907397884241518
-27.625 0.00868620487351204
-26.9166666666667 0.00877566268608462
-26.2083333333333 0.0110234105845684
-25.5 0.0132098768070742
-24.7916666666667 0.0143984169257705
-24.0833333333333 0.0168230762070632
-23.375 0.0227239190339658
-22.6666666666667 0.0257165862699122
-21.9583333333333 0.0210155608290878
-21.25 0.0169072263589883
-20.5416666666667 0.0183336845159482
-19.8333333333333 0.0201020427483862
-19.125 0.0205632647794584
-18.4166666666667 0.0244498137368432
-17.7083333333333 0.0329014136530238
-17 0.0344989362736622
-16.2916666666667 0.0266054409457605
-15.5833333333333 0.0203859741096943
-14.875 0.019571481058001
-14.1666666666667 0.0187913647070459
-13.4583333333333 0.0178151072726274
-12.75 0.0205894427735235
-12.0416666666667 0.0252725892384717
-11.3333333333333 0.0244593136225548
-10.625 0.0199949490746282
-9.91666666666666 0.0163766095062296
-9.20833333333333 0.0144869200718903
-8.49999999999999 0.013042723790192
-7.79166666666666 0.012576819181039
-7.08333333333333 0.0136887394326529
-6.37499999999999 0.0145882062125338
-5.66666666666666 0.014763703469189
-4.95833333333333 0.0150916990980533
-4.24999999999999 0.0130327129351163
-3.54166666666666 0.0113088799830109
-2.83333333333333 0.0113623759125606
-2.12499999999999 0.0124871124826778
-1.41666666666666 0.0147991518247979
-0.708333333333325 0.018426529783119
8.43769498715119e-15 0.0205835900871567
0.708333333333342 0.0194817474642475
1.41666666666668 0.015570723385126
2.12500000000001 0.0133882236218377
2.83333333333334 0.01290291846591
3.54166666666668 0.0130731890445833
4.25000000000001 0.0149654066197282
4.95833333333334 0.0185919995503113
5.66666666666668 0.0194974071954535
6.37500000000001 0.0179413550457447
7.08333333333334 0.0154750465435682
7.79166666666668 0.0140334870169871
8.50000000000001 0.0137818442616675
9.20833333333334 0.0140667298931253
9.91666666666667 0.0151730434260158
10.625 0.0182702057281613
11.3333333333333 0.0215194817752577
12.0416666666667 0.0217476385472994
12.75 0.0180047072330514
13.4583333333333 0.0156087877064268
14.1666666666667 0.0160548037165404
14.875 0.0164414546157875
15.5833333333333 0.0168542922343322
16.2916666666667 0.021642588628267
17 0.0282584478926392
17.7083333333333 0.0273200273319009
18.4166666666667 0.0202866405888131
19.125 0.0167954662928145
19.8333333333333 0.0163203231174818
20.5416666666667 0.0148342104446387
21.25 0.0136677413854032
21.9583333333333 0.0171519994435736
22.6666666666667 0.0209843656706354
23.375 0.0183063078201928
24.0833333333333 0.0134641653110766
24.7916666666667 0.0116136840645816
25.5 0.0105460620007596
26.2083333333333 0.00856051810254896
26.9166666666667 0.00653069881176248
27.625 0.00614526339243166
28.3333333333333 0.00626023372469872
29.0416666666667 0.00471083041932011
29.75 0.00350434487338233
30.4583333333333 0.00313851444873282
31.1666666666667 0.00230765760443358
31.875 0.00144770552489801
32.5833333333333 0.000904405858622129
33.2916666666667 0.000647712928593762
