-34 0.000360751937929109
-33.2916666666667 0.000215307619966133
-32.5833333333333 0.000155075221585839
-31.875 0.000156839498532986
-31.1666666666667 0.000218713893318346
-30.4583333333333 0.000323954072152609
-29.75 0.000403390238115072
-29.0416666666667 0.00049315826610446
-28.3333333333333 0.000661707917503126
-27.625 0.00080303677857814
-26.9166666666667 0.00108722514132626
-26.2083333333333 0.00166862069517784
-25.5 0.00235629697335647
-24.7916666666667 0.00287323907835246
-24.0833333333333 0.00324183553132417
-23.375 0.00425273745694705
-22.6666666666667 0.00525523139687685
-21.9583333333333 0.00477379206488616
-21.25 0.00450527839367157
-20.5416666666667 0.00610271135493435
-19.8333333333333 0.00804266904258441
-19.125 0.00904484651631285
-18.4166666666667 0.0101919826887018
-17.7083333333333 0.0141275810107483
-17 0.0169582496372465
-16.2916666666667 0.0143278382877412
-15.5833333333333 0.01194930214633
-14.875 0.0144273437823226
-14.1666666666667 0.0176238609425098
-13.4583333333333 0.0189060777882096
-12.75 0.0210679130503076
-12.0416666666667 0.0289582074945115
-11.3333333333333 0.0338638106777788
-10.625 0.0278538076862832
-9.91666666666666 0.020964159173842
-9.20833333333333 0.0213436686443057
-8.49999999999999 0.0224953864684585
-7.79166666666666 0.0218572613124028
-7.08333333333333 0.0243025510540214
-6.37499999999999 0.032198841805061
-5.66666666666666 0.0334598306238656
-4.95833333333333 0.0258925204262476
-4.24999999999999 0.0197499618120743
-3.54166666666666 0.017650843561692
-2.83333333333333 0.0151340310124187
-2.12499999999999 0.0128887343593929
-1.41666666666666 0.0132794585151692
-0.708333333333325 0.0132237321063741
8.43769498715119e-15 0.00993406591470764
0.708333333333342 0.00986311230407249
1.41666666666668 0.0108221660923212
2.12500000000001 0.0100188382160929
2.83333333333334 0.0102276565981883
3.54166666666668 0.0120318054701474
4.25000000000001 0.0135946542719174
4.95833333333334 0.0147447197256728
5.66666666666668 0.0183838572014625
6.37500000000001 0.0215196081146572
7.08333333333334 0.0186133519895519
7.79166666666668 0.0172178257045481
8.50000000000001 0.0201411326156395
9.20833333333334 0.022681566941229
9.91666666666667 0.0247969804770979
10.625 0.03334643328675
11.3333333333333 0.0432261257034364
12.0416666666667 0.0401840107679508
12.75 0.0292994122641798
13.4583333333333 0.0259324400463825
14.1666666666667 0.0263389818006028
14.875 0.0243956704549418
15.5833333333333 0.0231969443850503
16.2916666666667 0.03013349598064
17 0.036832863426781
17.7083333333333 0.0319031383822655
18.4166666666667 0.0234508864507742
19.125 0.0210445572068796
19.8333333333333 0.020086745480503
20.5416666666667 0.0172479700501014
21.25 0.0148225999892033
21.9583333333333 0.0170787234796386
22.6666666666667 0.0203267636947536
23.375 0.0183224116334175
24.0833333333333 0.0139397098957299
24.7916666666667 0.0117423547946355
25.5 0.0108403084333597
26.2083333333333 0.00951276018031662
26.9166666666667 0.00823732862225358
27.625 0.00889588006704553
28.3333333333333 0.00962346617380229
29.0416666666667 0.00752083775418733
29.75 0.00561031243359741
30.4583333333333 0.00486867613166787
31.1666666666667 0.0035281911036182
31.875 0.00213876152043941
32.5833333333333 0.0011979823703524
33.2916666666667 0.000653245122235127
