-34 7.4967835347759e-07
-33.2916666666667 2.01084920888883e-06
-32.5833333333333 5.98678293134214e-06
-31.875 1.79218471078701e-05
-31.1666666666667 5.15102602723259e-05
-30.4583333333333 0.000125441129583447
-29.75 0.000202770988869866
-29.0416666666667 0.000218351009165075
-28.3333333333333 0.000238814734917328
-27.625 0.000281620054415502
-26.9166666666667 0.00050818642063243
-26.2083333333333 0.00143989870631287
-25.5 0.00418887142666031
-24.7916666666667 0.011136055230064
-24.0833333333333 0.0237891270190776
-23.375 0.0358436052253107
-22.6666666666667 0.0368375335709623
-21.9583333333333 0.0250144335709712
-21.25 0.0112257795649732
-20.5416666666667 0.00516093477859721
-19.8333333333333 0.00770767971865464
-19.125 0.0187729802063444
-18.4166666666667 0.0339540138847001
-17.7083333333333 0.0410065728402839
-17 0.0416600742945511
-16.2916666666667 0.0371219387100834
-15.5833333333333 0.0228057794863104
-14.875 0.0110668737846845
-14.1666666666667 0.0104233152973944
-13.4583333333333 0.0217921761056904
-12.75 0.0390302713941387
-12.0416666666667 0.0445983138348167
-11.3333333333333 0.0436442444570441
-10.625 0.0439045335146813
-9.91666666666666 0.0312268427638301
-9.20833333333333 0.0152469002902674
-8.49999999999999 0.0102914012435046
-7.79166666666666 0.0181135085903408
-7.08333333333333 0.0331258423115572
-6.37499999999999 0.0389615955823604
-5.66666666666666 0.0382888937496419
-4.95833333333333 0.0399968134764248
-4.24999999999999 0.0302963797371792
-3.54166666666666 0.0148033199130392
-2.83333333333333 0.00713567951415174
-2.12499999999999 0.0088361823887214
-1.41666666666666 0.017561626321172
-0.708333333333325 0.025170704828712
8.43769498715119e-15 0.0272928087513002
0.708333333333342 0.0265170447450434
1.41666666666668 0.0191062396579282
2.12500000000001 0.00930537241559159
2.83333333333334 0.0049398593084348
3.54166666666668 0.00711305251242798
4.25000000000001 0.0143587000869517
4.95833333333334 0.0197983762951206
5.66666666666668 0.0199895528368055
6.37500000000001 0.0205357871811568
7.08333333333334 0.0171720507279948
7.79166666666668 0.00946830343484401
8.50000000000001 0.00547684325210072
9.20833333333334 0.00761048644879664
9.91666666666667 0.0141849213345218
10.625 0.0170136830323336
11.3333333333333 0.0138188041289396
12.0416666666667 0.0159241240281208
12.75 0.0171324972547715
13.4583333333333 0.0106106023156001
14.1666666666667 0.00548677676865123
14.875 0.00601588899952042
15.5833333333333 0.0117435989003656
16.2916666666667 0.0174241196420186
17 0.017681442605139
17.7083333333333 0.0179427496283427
18.4166666666667 0.0165392175240521
19.125 0.00971462666831271
19.8333333333333 0.00412841130844631
20.5416666666667 0.0029656097280397
21.25 0.00682957234902627
21.9583333333333 0.0160683899820313
22.6666666666667 0.0252369490442288
23.375 0.0254773908913844
24.0833333333333 0.0166546304818906
24.7916666666667 0.00741490067630471
25.5 0.0026311342161126
26.2083333333333 0.000852174260409934
26.9166666666667 0.000267964322971141
27.625 0.000109842457176025
28.3333333333333 0.000101105802320546
29.0416666666667 0.000117804275573716
29.75 9.32215348793152e-05
30.4583333333333 4.34268687834799e-05
31.1666666666667 1.44107193532523e-05
31.875 4.29907798275426e-06
32.5833333333333 1.30888524394415e-06
33.2916666666667 5.67426355167134e-07
