-34 2.20763908600524e-07
-33.2916666666667 1.25136204380276e-06
-32.5833333333333 4.97771037766052e-06
-31.875 1.68181923602115e-05
-31.1666666666667 5.22926123108641e-05
-30.4583333333333 0.000139412499449148
-29.75 0.000261952513993056
-29.0416666666667 0.000326018232506769
-28.3333333333333 0.000337004965678789
-27.625 0.00038973868288466
-26.9166666666667 0.000721201794862561
-26.2083333333333 0.00178705966887812
-25.5 0.00428140203645913
-24.7916666666667 0.00888815794468776
-24.0833333333333 0.0135302502000641
-23.375 0.0145111646519061
-22.6666666666667 0.0147289556419096
-21.9583333333333 0.0134220646218766
-21.25 0.00798758069418809
-20.5416666666667 0.00449528805704349
-19.8333333333333 0.00682722157993851
-19.125 0.0153054598091762
-18.4166666666667 0.0238903066214439
-17.7083333333333 0.0221894063510383
-17 0.0206562953428047
-16.2916666666667 0.023418527794095
-15.5833333333333 0.017088212230163
-14.875 0.00819761618491517
-14.1666666666667 0.00607314775836195
-13.4583333333333 0.0129064975424034
-12.75 0.0281161700302771
-12.0416666666667 0.0421732942431314
-11.3333333333333 0.0451808300203683
-10.625 0.0358999943786176
-9.91666666666666 0.0198161967328376
-9.20833333333333 0.00922534677740055
-8.49999999999999 0.00929171097827739
-7.79166666666666 0.019601560125003
-7.08333333333333 0.0331076168659244
-6.37499999999999 0.032472429948708
-5.66666666666666 0.0290182242136134
-4.95833333333333 0.0357726183583615
-4.24999999999999 0.0302354036661478
-3.54166666666666 0.0159534459119389
-2.83333333333333 0.0110767761830314
-2.12499999999999 0.0191042053200165
-1.41666666666666 0.0316116508606333
-0.708333333333325 0.0249280574728763
8.43769498715119e-15 0.0122630285989779
0.708333333333342 0.0247040821951277
1.41666666666668 0.0316089922221605
2.12500000000001 0.0187945633411657
2.83333333333334 0.0086786361842027
3.54166666666668 0.00916605445189883
4.25000000000001 0.0201913152737735
4.95833333333334 0.0345741001174291
5.66666666666668 0.0403875363910764
6.37500000000001 0.0357794681758295
7.08333333333334 0.0233096588766293
7.79166666666668 0.0108374304920487
8.50000000000001 0.00586872537397681
9.20833333333334 0.00908050837367264
9.91666666666667 0.0195103577171899
10.625 0.0297490611595573
11.3333333333333 0.0322018572712965
12.0416666666667 0.031435542763673
12.75 0.0246165574872141
13.4583333333333 0.0128117463210942
14.1666666666667 0.00692429863081579
14.875 0.0104461920747216
15.5833333333333 0.0212982571308789
16.2916666666667 0.0261962244940116
17 0.0178775514911612
17.7083333333333 0.0193422623913928
18.4166666666667 0.0257451259357386
19.125 0.0181012955277812
19.8333333333333 0.00833527070347599
20.5416666666667 0.00535204720774902
21.25 0.00949032201139017
21.9583333333333 0.0168295524247967
22.6666666666667 0.0198999839149791
23.375 0.0195127289371646
24.0833333333333 0.0167371554219702
24.7916666666667 0.0103212766658171
25.5 0.00478969140321115
26.2083333333333 0.00194900807548548
26.9166666666667 0.000754977053956745
27.625 0.00035606561315417
28.3333333333333 0.000293884042014584
29.0416666666667 0.000286947974679275
29.75 0.000201749504521675
30.4583333333333 9.08746257121534e-05
31.1666666666667 3.02315801657112e-05
31.875 8.7940670144675e-06
32.5833333333333 2.25666893457238e-06
33.2916666666667 4.21372784053636e-07
