0 -0.244880021457585 4.62095e-05
1 -0.244880020933696 4.33636e-05
2 -0.244851531774733 4.92445e-05
3 -0.244851531483328 4.27501e-05
4 -0.244806322312856 7.37688e-05
5 -0.244776432536878 6.48854e-05
6 -0.244739096579315 7.36511e-05
7 -0.244715821421058 4.36246e-05
8 -0.2446989451198 7.55634e-05
9 -0.244698945099554 3.62309e-05
10 -0.244467625194433 0.000153193
11 -0.244389450913448 5.40316e-05
12 -0.244389449869023 0.00012174
13 -0.244299403932044 3.00554e-05
14 -0.244021096829691 4.02995e-05
15 -0.24399022676621 3.14039e-05
16 -0.243980537209858 2.02877e-05
17 -0.24398053702992 2.56537e-05
18 -0.243864502940944 1.50453e-05
19 -0.243835797273084 1.10463e-05
20 -0.243831753328508 2.45418e-05
21 -0.243831753123321 5.47873e-05
22 -0.243816374686321 3.10737e-05
23 -0.243806246921775 2.65376e-05
24 -0.243806246444787 1.87051e-05
25 -0.243799599201334 5.97059e-05
26 -0.243777337052334 0.000143479
27 -0.24372980657596 0.000313418
28 -0.243729805492668 0.000628835
29 -0.24372211254957 0.000713884
30 -0.24367071061846 9.79513e-06
31 -0.243603940615 2.97942e-05
32 -0.243603940243654 1.68609e-05
33 -0.243574444867117 1.1007e-05
34 -0.243351952900886 1.03784e-05
35 -0.243329635705975 1.41664e-05
36 -0.243329635638584 5.5212e-06
37 -0.243281690173892 9.97546e-06
38 -0.243203018297863 1.84198e-05
39 -0.243203017885638 8.94864e-06
40 -0.243199327961977 1.1055e-05
41 -0.24317575914183 6.24896e-06
42 -0.24295404559077 1.53861e-05
43 -0.242833387059406 7.12322e-05
44 -0.242833386647695 1.09372e-05
45 -0.242716284440429 5.58629e-06
46 -0.241927685175669 3.21261e-06
47 -0.241916037615998 3.49746e-06
48 -0.241916037462289 3.19821e-06
49 -0.241892245152574 3.21078e-06
50 -0.160429088006042 6.37911e-09
51 -0.155729382432948 6.57882e-09
52 -0.155729382020399 3.22208e-09
53 -0.151431408404664 1.00397e-08
54 -0.148824736107614 6.10971e-09
55 -0.148760126951544 1.75168e-09
56 -0.145000842725126 7.2951e-10
57 -0.145000841130043 5.94854e-09
58 -0.140242623573468 1.34303e-08
59 -0.14024262302517 9.67659e-09
60 -0.13924555465753 1.22838e-08
61 -0.139060711038334 1.48609e-08
62 -0.13707686120046 1.06884e-08
63 -0.136858446014387 6.34616e-09
64 -0.135647269070921 5.126e-09
65 -0.13564726818658 8.30511e-10
66 -0.132477938538738 9.69195e-09
67 -0.131945584061418 1.1557e-08
68 -0.131945581404849 2.61291e-09
69 -0.130570298694289 3.72825e-09
70 -0.13052841908304 1.61369e-08
71 -0.130418348425401 5.78092e-09
72 -0.130379339502762 1.80779e-08
73 -0.127751901164223 6.31304e-09
74 -0.12775190044213 1.35556e-08
75 -0.127569498993302 1.14485e-08
76 -0.127569494444617 1.61906e-08
77 -0.125467060753856 1.52638e-08
78 -0.123648153518964 8.68775e-09
79 -0.123639749034606 7.62899e-09
80 -0.123639747846641 4.70078e-08
81 -0.123221577997123 1.87628e-07
82 -0.123159601568916 1.74949e-07
83 -0.121277678236706 5.82899e-08
84 -0.121137218493336 4.82309e-08
85 -0.1201405962637 5.27607e-08
86 -0.120140596203655 8.95561e-08
87 -0.117836178747042 1.53702e-06
88 -0.117803833388889 1.68942e-06
89 -0.117803831568964 3.25002e-06
90 -0.117689551770004 1.41907e-06
91 -0.117392142249666 1.1123e-06
92 -0.117392135201003 4.32056e-07
93 -0.115670717119829 1.5789e-06
94 -0.115639491277099 1.25381e-06
95 -0.114202265650831 4.77122e-06
96 -0.114060239816861 3.34189e-05
97 -0.11406023941565 4.40567e-06
98 -0.113638286497897 4.36084e-06
99 -0.113638284629861 8.92331e-06
