-29 1.01716944914972e-05
-28.275 1.17336558323751e-05
-27.55 1.74805618208644e-05
-26.825 3.12633413605994e-05
-26.1 6.1985434391775e-05
-25.375 0.00012840173576658
-24.65 0.000269929100054255
-23.925 0.000563255926988783
-23.2 0.00113174143973654
-22.475 0.00206788077228334
-21.75 0.00315723775400649
-21.025 0.00361797657773355
-20.3 0.00396487578256373
-19.575 0.00562251780102221
-18.85 0.00612441680539986
-18.125 0.00483048929037795
-17.4 0.00597803414484261
-16.675 0.00860053383757717
-15.95 0.0105786744712528
-15.225 0.0134590304909066
-14.5 0.0190060299198766
-13.775 0.0209843296503354
-13.05 0.0163626000771771
-12.325 0.0151579911603744
-11.6 0.0185907735870091
-10.875 0.020751412579055
-10.15 0.0217976689092677
-9.42500000000001 0.0300340559789259
-8.70000000000001 0.0401013541865292
-7.97500000000001 0.0358437139220142
-7.25000000000001 0.0250973505439824
-6.52500000000001 0.0257596798107822
-5.80000000000001 0.0305048934835098
-5.07500000000001 0.0312883033837535
-4.35000000000001 0.0322519027860968
-3.62500000000001 0.0457027217271681
-2.90000000000001 0.0577924312462563
-2.17500000000001 0.0483075137784611
-1.45000000000001 0.0334316201908945
-0.725000000000009 0.0329947785760368
-9.32587340685131e-15 0.0353432464680709
0.724999999999991 0.0329947791855793
1.44999999999999 0.0334316299738263
2.17499999999999 0.0483075347870985
2.89999999999999 0.057792443587669
3.62499999999999 0.0457027198276367
4.34999999999999 0.0322519019883752
5.07499999999999 0.0312883056947091
5.79999999999999 0.0305048928362724
6.52499999999999 0.0257596761636078
7.24999999999999 0.0250973536136761
7.97499999999999 0.0358437267811353
8.69999999999999 0.0401013594638551
9.42499999999999 0.030034049970723
10.15 0.021797662936184
10.875 0.0207514050543995
11.6 0.0185907611546882
12.325 0.0151579775461545
13.05 0.0163625899656388
13.775 0.0209843151685465
14.5 0.0190060101147386
15.225 0.0134590149832236
15.95 0.0105786610785867
16.675 0.00860051511571357
17.4 0.00597801190793531
18.125 0.00483046487489843
18.85 0.00612438591852707
19.575 0.00562248904768353
20.3 0.00396485782269697
21.025 0.00361796306966888
21.75 0.0031572259660494
22.475 0.00206787303966514
23.2 0.00113173731621678
23.925 0.000563253955066179
24.65 0.000269928209173367
25.375 0.000128401353482737
26.1 6.19852776360287e-05
26.825 3.12632843204668e-05
27.55 1.74805477124352e-05
28.275 1.17336608217394e-05
