-29 3.36435000186982e-07
-28.275 8.30068770663717e-06
-27.55 3.69273487621901e-05
-26.825 0.000103236747045847
-26.1 0.000246380517788231
-25.375 0.000544219530314252
-24.65 0.00115358857618792
-23.925 0.00236467689653671
-23.2 0.00460931615796853
-22.475 0.00808532442954518
-21.75 0.0117329126120586
-21.025 0.0130758602606298
-20.3 0.0151601831479356
-19.575 0.0217669304301557
-18.85 0.0227412854412452
-18.125 0.0162644105598965
-17.4 0.0170313725549075
-16.675 0.0216775892329863
-15.95 0.025617450990431
-15.225 0.0350585864487895
-14.5 0.0479156980440937
-13.775 0.047432703013889
-13.05 0.0339454886871503
-12.325 0.0276102977784156
-11.6 0.0266935198519238
-10.875 0.0241065572616621
-10.15 0.0260588026215141
-9.42500000000001 0.0379330926441197
-8.70000000000001 0.0403687366061097
-7.97500000000001 0.0298544521943417
-7.25000000000001 0.0226194890673813
-6.52500000000001 0.0202900241984582
-5.80000000000001 0.0157687795978112
-5.07500000000001 0.0118057306650316
-4.35000000000001 0.0134274051744305
-3.62500000000001 0.0141556981377596
-2.90000000000001 0.00726618669027561
-2.17500000000001 0.00639927109381062
-1.45000000000001 0.00918645248898664
-0.725000000000009 0.00700196134075214
-9.32587340685131e-15 0.00507234272046912
0.724999999999991 0.00700196439707986
1.44999999999999 0.00918645401870549
2.17499999999999 0.00639927472466586
2.89999999999999 0.00726620079544272
3.62499999999999 0.0141557115242728
4.34999999999999 0.0134274118426443
5.07499999999999 0.0118057402836408
5.79999999999999 0.0157687898124714
6.52499999999999 0.0202900294177501
7.24999999999999 0.0226194930192447
7.97499999999999 0.029854464139298
8.69999999999999 0.0403687447836439
9.42499999999999 0.0379330870106016
10.15 0.0260587969151025
10.875 0.0241065556487774
11.6 0.0266935160500969
12.325 0.0276102919735667
13.05 0.033945482793173
13.775 0.04743269023224
14.5 0.0479156761320981
15.225 0.0350585645142754
15.95 0.0256174342230615
16.675 0.0216775733728866
17.4 0.0170313581893977
18.125 0.0162643992374298
18.85 0.0227412709155378
19.575 0.0217669123581076
20.3 0.0151601702215907
21.025 0.0130758502270016
21.75 0.0117329023678963
22.475 0.00808531640913843
23.2 0.00460931129879182
23.925 0.00236467443616508
24.65 0.00115358752836159
25.375 0.000544219212224221
26.1 0.000246380564366617
26.825 0.000103236945527784
27.55 3.69275662815079e-05
28.275 8.30084076192046e-06
