-29 1.16685012992298e-05
-28.275 1.36646027164761e-05
-27.55 2.11850961012189e-05
-26.825 3.97502305196427e-05
-26.1 8.26511115785607e-05
-25.375 0.000178675400348584
-24.65 0.000390985738557368
-23.925 0.00084813309730848
-23.2 0.00176794187598784
-22.475 0.00332117372035069
-21.75 0.00508645506091092
-21.025 0.00538624252325614
-20.3 0.00488739974507617
-19.575 0.00751993557458592
-18.85 0.00942105702981612
-18.125 0.00696673431513387
-17.4 0.00720895570922211
-16.675 0.0100499562633045
-15.95 0.0119156696601275
-15.225 0.0134256731180037
-14.5 0.0188781699846384
-13.775 0.0229821289844972
-13.05 0.0185643358974905
-12.325 0.0159208688682174
-11.6 0.0191210921050603
-10.875 0.0217444865500312
-10.15 0.0222347966022644
-9.42500000000001 0.0282626811874816
-8.70000000000001 0.0379957525666611
-7.97500000000001 0.036136169237605
-7.25000000000001 0.0258133769568533
-6.52500000000001 0.0250581082287791
-5.80000000000001 0.0291658114779935
-5.07500000000001 0.0302526941614373
-4.35000000000001 0.0308527901280173
-3.62500000000001 0.0415124293340981
-2.90000000000001 0.0518387012781778
-2.17500000000001 0.0448296225785733
-1.45000000000001 0.0321344373861718
-0.725000000000009 0.0312692207387076
-9.32587340685131e-15 0.033098870588048
0.724999999999991 0.0312692195078681
1.44999999999999 0.0321344401779647
2.17499999999999 0.0448296286272572
2.89999999999999 0.0518386999571387
3.62499999999999 0.0415124227895801
4.34999999999999 0.0308527881094931
5.07499999999999 0.0302526942921449
5.79999999999999 0.0291658098355389
6.52499999999999 0.0250581063065884
7.24999999999999 0.0258133794664635
7.97499999999999 0.036136172774671
8.69999999999999 0.0379957494550946
9.42499999999999 0.028262676315865
10.15 0.0222347957259686
10.875 0.0217444860155354
11.6 0.0191210903760484
12.325 0.0159208679468517
13.05 0.0185643374015998
13.775 0.0229821281035212
14.5 0.0188781668322229
15.225 0.0134256712459695
15.95 0.0119156687693711
16.675 0.0100499548166283
17.4 0.00720895468242978
18.125 0.00696673499391459
18.85 0.00942105731591166
19.575 0.00751993396129016
20.3 0.00488739937062319
21.025 0.00538624274510784
21.75 0.00508645439498436
22.475 0.0033211729206884
23.2 0.00176794137306199
23.925 0.000848132861094054
24.65 0.000390985649429638
25.375 0.000178675382039935
26.1 8.26511200664028e-05
26.825 3.97502509074699e-05
27.55 2.1185118593466e-05
28.275 1.3664623067849e-05
