-29 4.03568714612628e-07
-28.275 8.0701729006163e-06
-27.55 3.55971445526814e-05
-26.825 9.9287739446886e-05
-26.1 0.000236642310107483
-25.375 0.000522176846855573
-24.65 0.00110570876308115
-23.925 0.00226353283324763
-23.2 0.00440606649068604
-22.475 0.00772416654306284
-21.75 0.011230400401226
-21.025 0.0126095420462236
-20.3 0.0147227028386972
-19.575 0.0209776925526024
-18.85 0.0217773144343675
-18.125 0.0157276158226073
-17.4 0.0167999022427459
-16.675 0.0215370917622885
-15.95 0.0254890846869436
-15.225 0.034883040879555
-14.5 0.047792462585058
-13.775 0.0473841355176179
-13.05 0.0339081917549879
-12.325 0.0276854540799966
-11.6 0.0269947507324152
-10.875 0.0244755688721098
-10.15 0.0261855888253252
-9.42500000000001 0.0380530878655789
-8.70000000000001 0.0410380647397133
-7.97500000000001 0.030609180896894
-7.25000000000001 0.0229945576079787
-6.52500000000001 0.0206732571112372
-5.80000000000001 0.0163190108741524
-5.07500000000001 0.0122375681346298
-4.35000000000001 0.0134225397477768
-3.62500000000001 0.0140688421682957
-2.90000000000001 0.00755406887048731
-2.17500000000001 0.00663183867590874
-1.45000000000001 0.00930392821567157
-0.725000000000009 0.0073611722287178
-9.32587340685131e-15 0.00557701862136281
0.724999999999991 0.00735262560110151
1.44999999999999 0.00928411163607586
2.17499999999999 0.00660858453233392
2.89999999999999 0.00754602907994445
3.62499999999999 0.0140626728341629
4.34999999999999 0.0134098209715484
5.07499999999999 0.0122360776381299
5.79999999999999 0.0163238209529834
6.52499999999999 0.0206750537393368
7.24999999999999 0.0229892711888475
7.97499999999999 0.030597477571551
8.69999999999999 0.0410111262560896
9.42499999999999 0.0380093479117865
10.15 0.0261492692473645
10.875 0.0244609433045598
11.6 0.0269991438337011
12.325 0.0277093648178717
13.05 0.0339535188719334
13.775 0.0474342943225156
14.5 0.0478342510825042
15.225 0.0349116006751404
15.95 0.0255063537657958
16.675 0.0215470435472112
17.4 0.0168055323099248
18.125 0.0157338243150564
18.85 0.0217866186121171
19.575 0.0209824771344433
20.3 0.0147237885300393
21.025 0.0126115670472287
21.75 0.0112310481760558
22.475 0.00772327560876948
23.2 0.00440492722650188
23.925 0.00226269482844739
24.65 0.00110520642403508
25.375 0.000521904734001153
26.1 0.000236503972174734
26.825 9.92205753559497e-05
27.55 3.55658825573344e-05
28.275 8.05786255841031e-06
