-29 9.56854700771195e-06
-28.275 1.09800693113349e-05
-27.55 1.6170799311068e-05
-26.825 2.85138248268973e-05
-26.1 5.5712991098487e-05
-25.375 0.000113885572471115
-24.65 0.000236378685860253
-23.925 0.000486927532774756
-23.2 0.000965981398786583
-22.475 0.00174787773562697
-21.75 0.00266618164044843
-21.025 0.00313169713242402
-20.3 0.00359015305078677
-19.575 0.00496580732673885
-18.85 0.00522991295910986
-18.125 0.00431841181139141
-17.4 0.00566388527182381
-16.675 0.0081573805444715
-15.95 0.0100983004143458
-15.225 0.0132560609539095
-14.5 0.018709470161831
-13.775 0.0201392627454476
-13.05 0.0157112788070077
-12.325 0.0151035546596479
-11.6 0.0186068397517743
-10.875 0.0204998887454164
-10.15 0.0214848496339524
-9.42500000000001 0.0301761784771685
-8.70000000000001 0.0402703974068643
-7.97500000000001 0.0354132156458903
-7.25000000000001 0.0248922705749579
-6.52500000000001 0.026324804233028
-5.80000000000001 0.0313773936459581
-5.07500000000001 0.0319172027296898
-4.35000000000001 0.0326604943818563
-3.62500000000001 0.0467695415890403
-2.90000000000001 0.0594109280638593
-2.17500000000001 0.0492100835495231
-1.45000000000001 0.0339202466775919
-0.725000000000009 0.0339922998534433
-9.32587340685131e-15 0.0366493176348255
0.724999999999991 0.0339498231485852
1.44999999999999 0.0338286851705522
2.17499999999999 0.0491004602484417
2.89999999999999 0.059341849000616
3.62499999999999 0.0467462229586433
4.34999999999999 0.0326479794359354
5.07499999999999 0.031904065560648
5.79999999999999 0.0313776277333468
6.52499999999999 0.0263395276578746
7.24999999999999 0.0249103086294277
7.97499999999999 0.0354515668767111
8.69999999999999 0.0403414080903719
9.42499999999999 0.030249409270268
10.15 0.0215284776304617
10.875 0.0205056698718209
11.6 0.0185836895532174
12.325 0.0150701659288898
13.05 0.0156901187992107
13.775 0.0201301105691094
14.5 0.0186917781251438
15.225 0.0132397714504088
15.95 0.0101026801118054
16.675 0.00817359170660778
17.4 0.00568409330786494
18.125 0.00434595056530787
18.85 0.00526659876699576
19.575 0.00499523135690192
20.3 0.00360897581987766
21.025 0.00314756407327848
21.75 0.00268091209900174
22.475 0.00175863313731158
23.2 0.000972441091946569
23.925 0.000490430865211368
24.65 0.000238207079081204
25.375 0.000114816261933662
26.1 5.61725099168771e-05
26.825 2.87327951568734e-05
27.55 1.62711382246777e-05
28.275 1.10192001785113e-05
