-29 3.99683881243974e-07
-28.275 8.36762460757993e-06
-27.55 3.62709318676029e-05
-26.825 0.000100965482482468
-26.1 0.000241387437894754
-25.375 0.000535739026364403
-24.65 0.00114246176209279
-23.925 0.00235480741139417
-23.2 0.0046078978739244
-22.475 0.00810246746422544
-21.75 0.0117883424622045
-21.025 0.0131945631382287
-20.3 0.0151926353869097
-19.575 0.021508537780274
-18.85 0.0224534851522594
-18.125 0.0161305915831143
-17.4 0.0169091014241905
-16.675 0.0215481991097304
-15.95 0.0254830927301624
-15.225 0.0347095323330558
-14.5 0.0472571019281524
-13.775 0.0468041356758504
-13.05 0.0335288858663481
-12.325 0.0272112725798659
-11.6 0.0263966238476681
-10.875 0.0240579152791504
-10.15 0.0261562495046247
-9.42500000000001 0.0379559929932104
-8.70000000000001 0.0405224146977082
-7.97500000000001 0.0303238071852645
-7.25000000000001 0.0230013595799672
-6.52500000000001 0.0203671124903049
-5.80000000000001 0.0157227011274962
-5.07500000000001 0.011802915580491
-4.35000000000001 0.0134400692510084
-3.62500000000001 0.0140857708800588
-2.90000000000001 0.00726240788751027
-2.17500000000001 0.00663446033848081
-1.45000000000001 0.00958626301714965
-0.725000000000009 0.00750617183038275
-9.32587340685131e-15 0.0056775169697479
0.724999999999991 0.0076404809133772
1.44999999999999 0.00974299000562585
2.17499999999999 0.00690817898132877
2.89999999999999 0.00779943876158948
3.62499999999999 0.0146493612053646
4.34999999999999 0.0138947584234732
5.07499999999999 0.0123495911929167
5.79999999999999 0.0163396931014064
6.52499999999999 0.0208205429449189
7.24999999999999 0.0232448558584124
7.97499999999999 0.0307132385572297
8.69999999999999 0.0410531199742164
9.42499999999999 0.0383580070685316
10.15 0.026460685608373
10.875 0.0242957268102403
11.6 0.026529192081833
12.325 0.0272818578455364
13.05 0.0337041569923039
13.775 0.0470028187890474
14.5 0.0471522255805436
15.225 0.0344510778558386
15.95 0.0252575463029043
16.675 0.0212516269992319
17.4 0.0165786588386136
18.125 0.0158424155187126
18.85 0.0221501600960058
19.575 0.0210932652053451
20.3 0.0147389995292195
21.025 0.0128046619246939
21.75 0.0114222711822127
22.475 0.00779764490154747
23.2 0.00440850700574368
23.925 0.00224757529748923
24.65 0.00109184003931829
25.375 0.000513372058763494
26.1 0.00023151966855741
26.825 9.64823417271315e-05
27.55 3.42333173932448e-05
28.275 7.5717386995864e-06
