-29 1.03132051643374e-08
-28.275 1.79565001685216e-08
-27.55 5.41233997365911e-08
-26.825 1.7333575008834e-07
-26.1 5.69503680339917e-07
-25.375 1.85146761389858e-06
-24.65 6.01939194431739e-06
-23.925 1.91518776143314e-05
-23.2 5.94159297227918e-05
-22.475 0.000172920312688578
-21.75 0.000442657417890938
-21.025 0.000809377811280686
-20.3 0.000889257087950956
-19.575 0.000839452727712679
-18.85 0.000838120798997142
-18.125 0.000738635396269163
-17.4 0.00124107451105826
-16.675 0.00303850689411698
-15.95 0.00594779863378179
-15.225 0.00663709465310197
-14.5 0.00457963922988844
-13.775 0.00578736852798267
-13.05 0.00644698769361639
-12.325 0.00451842397078519
-11.6 0.00668722210589766
-10.875 0.0169277143462535
-10.15 0.0349002591252746
-9.42500000000001 0.0473411312027024
-8.70000000000001 0.0486855964820915
-7.97500000000001 0.0468327838375911
-7.25000000000001 0.0327068196583403
-6.52500000000001 0.0154562057197123
-5.80000000000001 0.0127526842997889
-5.07500000000001 0.0288455200351211
-4.35000000000001 0.0580949956053116
-3.62500000000001 0.069831834339429
-2.90000000000001 0.0636517925109449
-2.17500000000001 0.0693050797925283
-1.45000000000001 0.0573654352861012
-0.725000000000009 0.0288526209245132
-9.32587340685131e-15 0.0168035374704395
0.724999999999991 0.0288527720032978
1.44999999999999 0.0573657249252001
2.17499999999999 0.0693053713008558
2.89999999999999 0.0636520294461787
3.62499999999999 0.0698320977120755
4.34999999999999 0.0580951736245688
5.07499999999999 0.0288456142917503
5.79999999999999 0.0127528294853968
6.52499999999999 0.0154565380104885
7.24999999999999 0.0327072735260992
7.97499999999999 0.0468327880015402
8.69999999999999 0.048685160888953
9.42499999999999 0.0473411599359135
10.15 0.0349007273653964
10.875 0.016928057959453
11.6 0.00668732729498981
12.325 0.00451832367029049
13.05 0.00644679978854812
13.775 0.00578740170962349
14.5 0.004579793077531
15.225 0.00663698993428279
15.95 0.00594758324375656
16.675 0.00303838446942975
17.4 0.00124103542336785
18.125 0.000738631111954216
18.85 0.000838101570850803
19.575 0.000839392732074666
20.3 0.000889211416090896
21.025 0.00080937795265721
21.75 0.000442670883415887
22.475 0.000172928910938379
23.2 5.9420160585213e-05
23.925 1.91538200118543e-05
24.65 6.02015292587269e-06
25.375 1.85174364588045e-06
26.1 5.69571923261282e-07
26.825 1.73341806068072e-07
27.55 5.41116660152913e-08
28.275 1.79494654185511e-08
