-29 7.97785767494818e-09
-28.275 1.52013301490353e-08
-27.55 4.82527779016584e-08
-26.825 1.55498172256791e-07
-26.1 5.04192193789795e-07
-25.375 1.61314264897232e-06
-24.65 5.14473280692771e-06
-23.925 1.60773521739594e-05
-23.2 4.90994092252381e-05
-22.475 0.000140983725037791
-21.75 0.000356788000838238
-21.025 0.00065872480953225
-20.3 0.000771536525636431
-19.575 0.000751177075953784
-18.85 0.000674546713954585
-18.125 0.000498139512060742
-17.4 0.00074159637045777
-16.675 0.0018901050831266
-15.95 0.00406559732793428
-15.225 0.00560457320683543
-14.5 0.00523479293683646
-13.775 0.00520910720260763
-13.05 0.00443207521854627
-12.325 0.00329166679726674
-11.6 0.00605250771672967
-10.875 0.0159385908162167
-10.15 0.0336056006127233
-9.42500000000001 0.0474943199118383
-8.70000000000001 0.0496790638329527
-7.97500000000001 0.0457942414165417
-7.25000000000001 0.0306499807825744
-6.52500000000001 0.0139783237284994
-5.80000000000001 0.0105900822122207
-5.07500000000001 0.0241944109867535
-4.35000000000001 0.0537249840837706
-3.62500000000001 0.078439610130086
-2.90000000000001 0.0837678378383
-2.17500000000001 0.0782278607504298
-1.45000000000001 0.0530213159297445
-0.725000000000009 0.0236535777217675
-9.32587340685131e-15 0.01283798208778
0.724999999999991 0.0236552533426558
1.44999999999999 0.0530249262080426
2.17499999999999 0.0782322117866936
2.89999999999999 0.0837715580665384
3.62499999999999 0.078442958412742
4.34999999999999 0.0537272968528051
5.07499999999999 0.024195333981256
5.79999999999999 0.0105907385916164
6.52499999999999 0.0139802743457497
7.24999999999999 0.0306544710481794
7.97499999999999 0.0458002045012874
8.69999999999999 0.0496849244007548
9.42499999999999 0.0475003652640082
10.15 0.0336103327778365
10.875 0.0159409178582552
11.6 0.0060533929153167
12.325 0.0032922252905179
13.05 0.0044329201239558
13.775 0.0052100373185279
14.5 0.00523571290910862
15.225 0.00560566802346772
15.95 0.00406641140069428
16.675 0.00189046460917051
17.4 0.00074170260463403
18.125 0.00049819944253142
18.85 0.000674735655937908
19.575 0.000751511265597444
20.3 0.000771832667356484
21.025 0.000658871763984043
21.75 0.000356842976500575
22.475 0.000141002554428834
23.2 4.91083392813479e-05
23.925 1.60825854898591e-05
24.65 5.1482196649827e-06
25.375 1.61517690422828e-06
26.1 5.0524834170325e-07
26.825 1.55896942387298e-07
27.55 4.83609961934435e-08
28.275 1.52150763587847e-08
