-29 3.54151370824076e-08
-28.275 4.00966245711344e-08
-27.55 7.79468349424144e-08
-26.825 1.94652378748093e-07
-26.1 5.46089872527096e-07
-25.375 1.57903469279675e-06
-24.65 4.66254882194961e-06
-23.925 1.37481094818908e-05
-23.2 4.00935896713586e-05
-22.475 0.000111251486500507
-21.75 0.000278493495109658
-21.025 0.000538914018601939
-20.3 0.000711431793265868
-19.575 0.000732265597894367
-18.85 0.000606701620859368
-18.125 0.000400609698783576
-17.4 0.000559943484658233
-16.675 0.00145124480084628
-15.95 0.00325563913739461
-15.225 0.00489927369996084
-14.5 0.00513949538391002
-13.775 0.00499156538195643
-13.05 0.00379605256924331
-12.325 0.00250696502576199
-11.6 0.00442990459142349
-10.875 0.0118800510874418
-10.15 0.025641809905815
-9.42500000000001 0.0377540460329046
-8.70000000000001 0.0412053499802499
-7.97500000000001 0.0378323235267093
-7.25000000000001 0.02448188185865
-6.52500000000001 0.0108278161471022
-5.80000000000001 0.0085888136945879
-5.07500000000001 0.0210231157927594
-4.35000000000001 0.0491460469099227
-3.62500000000001 0.0777399432094208
-2.90000000000001 0.0883337391295357
-2.17500000000001 0.0795365603840615
-1.45000000000001 0.049596638487907
-0.725000000000009 0.0197255899721986
-9.32587340685131e-15 0.00787130777859391
0.724999999999991 0.0154927169453919
1.44999999999999 0.0477721624130433
2.17499999999999 0.0988241406185657
2.89999999999999 0.125969435144758
3.62499999999999 0.099865934645781
4.34999999999999 0.0491426410489476
5.07499999999999 0.0161345797133618
5.79999999999999 0.00559435391756758
6.52499999999999 0.0104794716582754
7.24999999999999 0.0291830414411272
7.97499999999999 0.0524230625849842
8.69999999999999 0.0625624339396524
9.42499999999999 0.053938124553393
10.15 0.0322909370056176
10.875 0.0136446590989118
11.6 0.00491241549132844
12.325 0.00314461624296737
13.05 0.00474839625377056
13.775 0.00494070383807095
14.5 0.00438967354175718
15.225 0.00527665487500407
15.95 0.00424299069315923
16.675 0.002076757906538
17.4 0.000894716298731743
18.125 0.000766308598122273
18.85 0.00106192345386439
19.575 0.00104344136714721
20.3 0.00102889833305528
21.025 0.000934188923380916
21.75 0.000533116928940268
22.475 0.000220318234138458
23.2 8.03412483844246e-05
23.925 2.75413015611386e-05
24.65 9.24951807225877e-06
25.375 3.06722528396749e-06
26.1 1.03069509810551e-06
26.825 3.51076346514081e-07
27.55 1.29481555732231e-07
28.275 5.54043891850083e-08
