-29 1.05850577801433e-08
-28.275 2.04616085035865e-08
-27.55 6.600436824253e-08
-26.825 2.14539119613916e-07
-26.1 7.00513133660598e-07
-25.375 2.25554403875482e-06
-24.65 7.25339807078542e-06
-23.925 2.28433418885942e-05
-23.2 7.01657904188542e-05
-22.475 0.00020222813078919
-21.75 0.00051242959582576
-21.025 0.000926244622761005
-20.3 0.00100811251469872
-19.575 0.000964855707703746
-18.85 0.00097747250463998
-18.125 0.000818055098040938
-17.4 0.00126227901945857
-16.675 0.00305042899136691
-15.95 0.00595918179528311
-15.225 0.00655312639827927
-14.5 0.0043529750677527
-13.775 0.00567128614980112
-13.05 0.00650385081796674
-12.325 0.00443224303293143
-11.6 0.00619573537306529
-10.875 0.0158528077452613
-10.15 0.0338658862305435
-9.42500000000001 0.0486798138069107
-8.70000000000001 0.0519854739861703
-7.97500000000001 0.0480232127608702
-7.25000000000001 0.0316882992170415
-6.52500000000001 0.0145620473912624
-5.80000000000001 0.0124688818811173
-5.07500000000001 0.028885813721576
-4.35000000000001 0.0580626223240547
-3.62500000000001 0.0692474340882814
-2.90000000000001 0.0627772234941405
-2.17500000000001 0.0690175379828111
-1.45000000000001 0.0575768323452157
-0.725000000000009 0.0290221825197716
-9.32587340685131e-15 0.0168930611647672
0.724999999999991 0.0290221007553218
1.44999999999999 0.0575766327062461
2.17499999999999 0.0690172529570383
2.89999999999999 0.0627769609884939
3.62499999999999 0.0692472031205286
4.34999999999999 0.0580624413583131
5.07499999999999 0.028885719986071
5.79999999999999 0.0124688385810149
6.52499999999999 0.0145619995194438
7.24999999999999 0.0316882014628762
7.97499999999999 0.0480230783631609
8.69999999999999 0.0519853460874485
9.42499999999999 0.0486796795071896
10.15 0.0338657732819609
10.875 0.0158527480387155
11.6 0.00619569922796278
12.325 0.00443217438555457
13.05 0.00650372618958366
13.775 0.00567120224313849
14.5 0.00435293281398805
15.225 0.00655301444922779
15.95 0.00595905937038402
16.675 0.00305036346970259
17.4 0.00126225404493546
18.125 0.00081804141771416
18.85 0.000977445191085508
19.575 0.000964810322841947
20.3 0.00100807420969761
21.025 0.000926229253099016
21.75 0.000512427356219715
22.475 0.000202228628803944
23.2 7.01661691405669e-05
23.925 2.28434214051153e-05
24.65 7.25335535433898e-06
25.375 2.25547601233987e-06
26.1 7.0047133367924e-07
26.825 2.14524827898897e-07
27.55 6.6001073177472e-08
28.275 2.04628192154136e-08
