-29 1.81228096788174e-08
-28.275 3.14679980699062e-08
-27.55 9.25123103203581e-08
-26.825 2.8640805655923e-07
-26.1 9.05887286444118e-07
-25.375 2.83837655024296e-06
-24.65 8.89318846694987e-06
-23.925 2.73042704006581e-05
-23.2 8.17656932675339e-05
-22.475 0.000229081355121389
-21.75 0.000560215847852802
-21.025 0.000970867981013026
-20.3 0.00102537173130991
-19.575 0.00100299893934569
-18.85 0.00102596875900734
-18.125 0.00077829192735031
-17.4 0.001021051560111
-16.675 0.00244583806508368
-15.95 0.0049701033054181
-15.225 0.00601882847828709
-14.5 0.00470444380964572
-13.775 0.0053241753868024
-13.05 0.00537761756863838
-12.325 0.0038264518957575
-11.6 0.00610416098369375
-10.875 0.0157407577749514
-10.15 0.0330210619866388
-9.42500000000001 0.0461580711120433
-8.70000000000001 0.0478800858976036
-7.97500000000001 0.0443283583974566
-7.25000000000001 0.0297853302765855
-6.52500000000001 0.0135100568426795
-5.80000000000001 0.0104488348505181
-5.07500000000001 0.02452475139738
-4.35000000000001 0.054555366989544
-3.62500000000001 0.0789924759839107
-2.90000000000001 0.0835837220207039
-2.17500000000001 0.07822671185251
-1.45000000000001 0.0533342887045466
-0.725000000000009 0.0237115095074683
-9.32587340685131e-15 0.0127212903945525
0.724999999999991 0.023710824871106
1.44999999999999 0.0533330461336385
2.17499999999999 0.0782254325240524
2.89999999999999 0.0835824012137356
3.62499999999999 0.0789909534634763
4.34999999999999 0.054554331467584
5.07499999999999 0.0245243297408657
5.79999999999999 0.0104483170915761
6.52499999999999 0.0135086087490578
7.24999999999999 0.029782639705934
7.97499999999999 0.0443259601835242
8.69999999999999 0.0478786022093404
9.42499999999999 0.0461556681591103
10.15 0.0330183760238432
10.875 0.0157392395723959
11.6 0.0061034897198445
12.325 0.00382588332768307
13.05 0.00537681555023998
13.775 0.00532370910067404
14.5 0.00470427936856986
15.225 0.00601822422633358
15.95 0.00496939894933373
16.675 0.00244544636905753
17.4 0.00102084711923435
18.125 0.000778054147736363
18.85 0.00102564487418304
19.575 0.00100273723699969
20.3 0.00102510405261578
21.025 0.000970574822671921
21.75 0.000560039296159753
22.475 0.000229008675248954
23.2 8.17397992823421e-05
23.925 2.7295455946176e-05
24.65 8.89039009141082e-06
25.375 2.83760022337008e-06
26.1 9.05705419469353e-07
26.825 2.86404876119e-07
27.55 9.25309377592237e-08
28.275 3.14843122728305e-08
