-29 3.40268678363133e-08
-28.275 4.16884077603313e-08
-27.55 8.25129405957862e-08
-26.825 2.0631337744511e-07
-26.1 5.84332899454736e-07
-25.375 1.70858533274983e-06
-24.65 5.12429254177087e-06
-23.925 1.53690444222397e-05
-23.2 4.5789968329799e-05
-22.475 0.000130107660889432
-21.75 0.000332846433146691
-21.025 0.000649741944897532
-20.3 0.000858505516600141
-19.575 0.000905103203951654
-18.85 0.000764598300732929
-18.125 0.00044823460807431
-17.4 0.000462038227604458
-16.675 0.00116374556229249
-15.95 0.00273301093126479
-15.225 0.00439915276315386
-14.5 0.00488251883225796
-13.775 0.00451026612759682
-13.05 0.00304296269130783
-12.325 0.00165477648700287
-11.6 0.00293207667517899
-10.875 0.00932238898519508
-10.15 0.0247666173677205
-9.42500000000001 0.0468731754194721
-8.70000000000001 0.0579375198773432
-7.97500000000001 0.0460270313218731
-7.25000000000001 0.0224564412487193
-6.52500000000001 0.00681532377900584
-5.80000000000001 0.00357430910217212
-5.07500000000001 0.0130495718776686
-4.35000000000001 0.0436071979966833
-3.62500000000001 0.0952567402240251
-2.90000000000001 0.124887668376694
-2.17500000000001 0.0967375905568368
-1.45000000000001 0.0437821213874433
-0.725000000000009 0.0119686963896699
-9.32587340685131e-15 0.00330463159603285
0.724999999999991 0.0114199019302507
1.44999999999999 0.0426435459100546
2.17499999999999 0.0961295409137669
2.89999999999999 0.126293745185627
3.62499999999999 0.0972507566225229
4.34999999999999 0.0443471698752912
5.07499999999999 0.0129858285678058
5.79999999999999 0.00348224744731787
6.52499999999999 0.00722937506782157
7.24999999999999 0.0240535363232181
7.97499999999999 0.0494259498648872
8.69999999999999 0.0628107103139728
9.42499999999999 0.0514482394310167
10.15 0.0274303908602465
10.875 0.0103775238932723
11.6 0.00326976626914408
12.325 0.00178942608728754
13.05 0.00319811771678725
13.775 0.00470037195511144
14.5 0.00510143668506343
15.225 0.00465223121001513
15.95 0.00292362299246805
16.675 0.00125897754162798
17.4 0.000508663251745334
18.125 0.000486988878915159
18.85 0.000782589363931865
19.575 0.000873250190735551
20.3 0.000846087585741891
21.025 0.000686079962009245
21.75 0.000368343004642262
22.475 0.000148643576190981
23.2 5.37561257393735e-05
23.925 1.84398732870545e-05
24.65 6.23366632514443e-06
25.375 2.0922094821049e-06
26.1 7.16102844493461e-07
26.825 2.51447169256772e-07
27.55 9.81283742304647e-08
28.275 4.65582427396673e-08
