-29 1.2388280141796e-08
-28.275 3.13171522082261e-08
-27.55 1.04885646801672e-07
-26.825 3.33952502995136e-07
-26.1 1.05591413179594e-06
-25.375 3.2788276604534e-06
-24.65 1.01556281644062e-05
-23.925 3.08093935485337e-05
-23.2 9.10118163633356e-05
-22.475 0.000250467349207072
-21.75 0.000596956558228136
-21.025 0.000988147686483961
-20.3 0.000956250275033777
-19.575 0.000911522744335656
-18.85 0.00102180484156295
-18.125 0.00084516257339293
-17.4 0.00117500282271136
-16.675 0.00280229760689277
-15.95 0.00564717213493764
-15.225 0.0068082855661387
-14.5 0.00532886165413111
-13.775 0.00604398764012139
-13.05 0.00594153992462432
-12.325 0.0036421328283721
-11.6 0.00503749153496888
-10.875 0.0142762102027227
-10.15 0.03492643197759
-9.42500000000001 0.060112249152823
-8.70000000000001 0.0709029985790092
-7.97500000000001 0.058800364562822
-7.25000000000001 0.0321897226479292
-6.52500000000001 0.0132099503449741
-5.80000000000001 0.0127241867592946
-5.07500000000001 0.0312500279212352
-4.35000000000001 0.0605131200478796
-3.62500000000001 0.0647781150676902
-2.90000000000001 0.0522547091255231
-2.17500000000001 0.0649020596246669
-1.45000000000001 0.0608201604302931
-0.725000000000009 0.0324230008716033
-9.32587340685131e-15 0.0186303644116511
0.724999999999991 0.0295225530348237
1.44999999999999 0.0559476706128336
2.17499999999999 0.0625869219372394
2.89999999999999 0.0533921247359566
3.62499999999999 0.0635653964397357
4.34999999999999 0.05719529414044
5.07499999999999 0.0294387181485445
5.79999999999999 0.01268962272563
6.52499999999999 0.0138540462389521
7.24999999999999 0.0301253315202274
7.97499999999999 0.0474259422721802
8.69999999999999 0.0531871099021878
9.42499999999999 0.0493818395419659
10.15 0.0333355764135679
10.875 0.0152460261144187
11.6 0.00557257051391516
12.325 0.00300777710759689
13.05 0.00439805402784877
13.775 0.00567204795927824
14.5 0.00596319865149731
15.225 0.00605520916844236
15.95 0.00419865829554807
16.675 0.00191785489187357
17.4 0.000770702521017643
18.125 0.000570957091712825
18.85 0.000718811456356985
19.575 0.000642366635764786
20.3 0.000673802733546081
21.025 0.000705200210879469
21.75 0.00042690629498162
22.475 0.000178168741079841
23.2 6.43182295658005e-05
23.925 2.16386828812785e-05
24.65 7.08297430578115e-06
25.375 2.26435756301204e-06
26.1 7.19382794246435e-07
26.825 2.23217320880723e-07
27.55 6.80807988205293e-08
28.275 2.02300182970089e-08
