-29 1.40709486211009e-08
-28.275 2.64859950240987e-08
-27.55 8.38906952086336e-08
-26.825 2.67090850661098e-07
-26.1 8.53489282045541e-07
-25.375 2.68609810363097e-06
-24.65 8.43159365109593e-06
-23.925 2.58971186315216e-05
-23.2 7.74965934407056e-05
-22.475 0.000216608479198323
-21.75 0.000526593580479371
-21.025 0.000898045376025184
-20.3 0.000918838427877795
-19.575 0.000899624078883985
-18.85 0.000953840300596187
-18.125 0.000730479916804351
-17.4 0.000943763418035492
-16.675 0.00226438090643479
-15.95 0.00468232024603615
-15.225 0.00593913417066277
-14.5 0.00499116663913579
-13.775 0.0053612276622312
-13.05 0.00502676751662803
-12.325 0.00346479778044519
-11.6 0.00564551983748975
-10.875 0.0151033307769393
-10.15 0.0332837198848906
-9.42500000000001 0.0500860214894449
-8.70000000000001 0.0543953561398932
-7.97500000000001 0.0479393268396315
-7.25000000000001 0.0299060930101777
-6.52500000000001 0.0131515480007157
-5.80000000000001 0.0108139718948429
-5.07500000000001 0.0256811872332255
-4.35000000000001 0.0548768944076859
-3.62500000000001 0.0738773048990316
-2.90000000000001 0.0740973121946508
-2.17500000000001 0.0730904195132547
-1.45000000000001 0.0538288203928665
-0.725000000000009 0.0253296049873114
-9.32587340685131e-15 0.0141914015708114
0.724999999999991 0.0253959491649098
1.44999999999999 0.0540259750259625
2.17499999999999 0.0735435170201428
2.89999999999999 0.0747795542690377
3.62499999999999 0.0744632763937706
4.34999999999999 0.0551434082438278
5.07499999999999 0.0257371808798634
5.79999999999999 0.0107940899131585
6.52499999999999 0.0131460486072959
7.24999999999999 0.0301676888290595
7.97499999999999 0.0489824222489015
8.69999999999999 0.0560513809975511
9.42499999999999 0.0512846857478185
10.15 0.0336684880164434
10.875 0.0151442780849501
11.6 0.00563341677807155
12.325 0.00347258696351977
13.05 0.00505560014477383
13.775 0.00537012901700011
14.5 0.0049838435025987
15.225 0.00595964185418178
15.95 0.00471412744782631
16.675 0.00228364246647231
17.4 0.00095475168230599
18.125 0.00074266660028546
18.85 0.000966711719166384
19.575 0.000904951559026829
20.3 0.000925238256701243
21.025 0.000909887890042356
21.75 0.000535247299633926
22.475 0.000220612902979904
23.2 7.90648758923179e-05
23.925 2.64610340260545e-05
24.65 8.62658769561017e-06
25.375 2.75158641090896e-06
26.1 8.7535317260906e-07
26.825 2.74326955514349e-07
27.55 8.63113950568293e-08
28.275 2.72208229180271e-08
