1209
Se -28.58399530 -17.15139874 -0.00157837
Se -28.58494017 -11.43418394  5.71642112
Se -28.58494017 -5.71642112  11.43418394
Se -28.58399530  0.00157837  17.15139874
Se -22.86795213 -22.86795213 -0.00222746
Cd -25.72427296 -20.00898568  2.85650980
Se -22.86776316 -17.15032159  5.71587309
Cd -25.72502886 -14.29178978  8.57446160
Se -22.86757419 -11.43288003  11.43288003
Cd -25.72502886 -8.57446160  14.29178978
Se -22.86776316 -5.71587309  17.15032159
Cd -25.72427296 -2.85650980  20.00898568
Se -22.86795213  0.00222746  22.86795213
Se -17.15139874 -28.58399530 -0.00157837
Cd -20.00898568 -25.72427296  2.85650980
Se -17.15032159 -22.86776316  5.71587309
Cd -20.00785185 -20.00785185  8.57361122
Se -17.14990585 -17.14990585  11.43221862
Cd -20.00709596 -14.28999454  14.28999454
Se -17.14990585 -11.43221862  17.14990585
Cd -20.00785185 -8.57361122  20.00785185
Se -17.15032159 -5.71587309  22.86776316
Cd -20.00898568 -2.85650980  25.72427296
Se -17.15139874  0.00157837  28.58399530
Se -11.43418394 -28.58494017  5.71642112
Cd -14.29178978 -25.72502886  8.57446160
Se -11.43288003 -22.86757419  11.43288003
Cd -14.28999454 -20.00709596  14.28999454
Se -11.43221862 -17.14990585  17.14990585
Cd -14.28999454 -14.28999454  20.00709596
Se -11.43288003 -11.43288003  22.86757419
Cd -14.29178978 -8.57446160  25.72502886
Se -11.43418394 -5.71642112  28.58494017
Se -5.71642112 -28.58494017  11.43418394
Cd -8.57446160 -25.72502886  14.29178978
Se -5.71587309 -22.86776316  17.15032159
Cd -8.57361122 -20.00785185  20.00785185
Se -5.71587309 -17.15032159  22.86776316
Cd -8.57446160 -14.29178978  25.72502886
Se -5.71642112 -11.43418394  28.58494017
Se  0.00157837 -28.58399530  17.15139874
Cd -2.85650980 -25.72427296  20.00898568
Se  0.00222746 -22.86795213  22.86795213
Cd -2.85650980 -20.00898568  25.72427296
Se  0.00157837 -17.15139874  28.58399530
Se -28.58437325 -11.43586579 -5.71929350
Se -28.58569606 -5.71761164 -0.00078795
Se -28.58569606  0.00078795  5.71761164
Se -28.58437325  5.71929350  11.43586579
Se -22.86795213 -22.86795213 -11.43546895
Cd -25.72597372 -20.01049747 -8.57722060
Se -22.86851905 -17.15187117 -5.71906673
Cd -25.72635166 -14.29383069 -2.86036485
Se -22.86927494 -11.43442960 -0.00167432
Cd -25.72710755 -8.57633243  2.85758695
Se -22.86889700 -5.71645891  5.71645891
Cd -25.72710755 -2.85758695  8.57633243
Se -22.86927494  0.00167432  11.43442960
Cd -25.72635166  2.86036485  14.29383069
Se -22.86851905  5.71906673  17.15187117
Cd -25.72597372  8.57722060  20.01049747
Se -22.86795213  11.43546895  22.86795213
Cd -20.01049747 -25.72597372 -8.57722060
Se -17.15187117 -22.86851905 -5.71906673
Cd -20.00993055 -20.00993055 -2.86121522
Se -17.15136094 -17.15136094 -0.00232039
Cd -20.00974158 -14.29178978  2.85641532
Se -17.15209794 -11.43444850  5.71668568
Cd -20.00936363 -8.57421593  8.57421593
Se -17.15209794 -5.71668568  11.43444850
Cd -20.00974158 -2.85641532  14.29178978
Se -17.15136094  0.00232039  17.15136094
Cd -20.00993055  2.86121522  20.00993055
Se -17.15187117  5.71906673  22.86851905
Cd -20.01049747  8.57722060  25.72597372
Se -11.43586579 -28.58437325 -5.71929350
Cd -14.29383069 -25.72635166 -2.86036485
Se -11.43442960 -22.86927494 -0.00167432
Cd -14.29178978 -20.00974158  2.85641532
Se -11.43444850 -17.15209794  5.71668568
Cd -14.29158191 -14.29158191  8.57410255
Se -11.43548785 -11.43548785  11.43548785
Cd -14.29158191 -8.57410255  14.29158191
Se -11.43444850 -5.71668568  17.15209794
Cd -14.29178978 -2.85641532  20.00974158
Se -11.43442960  0.00167432  22.86927494
Cd -14.29383069  2.86036485  25.72635166
Se -11.43586579  5.71929350  28.58437325
Se -5.71761164 -28.58569606 -0.00078795
Cd -8.57633243 -25.72710755  2.85758695
Se -5.71645891 -22.86889700  5.71645891
Cd -8.57421593 -20.00936363  8.57421593
Se -5.71668568 -17.15209794  11.43444850
Cd -8.57410255 -14.29158191  14.29158191
Se -5.71668568 -11.43444850  17.15209794
Cd -8.57421593 -8.57421593  20.00936363
Se -5.71645891 -5.71645891  22.86889700
Cd -8.57633243 -2.85758695  25.72710755
Se -5.71761164  0.00078795  28.58569606
Se  0.00078795 -28.58569606  5.71761164
Cd -2.85758695 -25.72710755  8.57633243
Se  0.00167432 -22.86927494  11.43442960
Cd -2.85641532 -20.00974158  14.29178978
Se  0.00232039 -17.15136094  17.15136094
Cd -2.85641532 -14.29178978  20.00974158
Se  0.00167432 -11.43442960  22.86927494
Cd -2.85758695 -8.57633243  25.72710755
Se  0.00078795 -5.71761164  28.58569606
Se  5.71929350 -28.58437325  11.43586579
Cd  2.86036485 -25.72635166  14.29383069
Se  5.71906673 -22.86851905  17.15187117
Cd  2.86121522 -20.00993055  20.00993055
Se  5.71906673 -17.15187117  22.86851905
Cd  2.86036485 -14.29383069  25.72635166
Se  5.71929350 -11.43586579  28.58437325
Cd  8.57722060 -25.72597372  20.01049747
Se  11.43546895 -22.86795213  22.86795213
Cd  8.57722060 -20.01049747  25.72597372
Se -28.58437325 -5.71929350 -11.43586579
Se -28.58569606 -0.00078795 -5.71761164
Se -28.58569606  5.71761164  0.00078795
Se -28.58437325  11.43586579  5.71929350
Se -22.86814111 -17.15187117 -17.15187117
Cd -25.72597372 -14.29379289 -14.29379289
Se -22.86814111 -11.43535557 -11.43535557
Cd -25.72672961 -8.57720170 -8.57720170
Se -22.86927494 -5.71829194 -5.71829194
Cd -25.72729653 -2.85968454 -2.85968454
Se -22.86908597  0.00000000  0.00000000
Cd -25.72729653  2.85968454  2.85968454
Se -22.86927494  5.71829194  5.71829194
Cd -25.72672961  8.57720170  8.57720170
Se -22.86814111  11.43535557  11.43535557
Cd -25.72597372  14.29379289  14.29379289
Se -22.86814111  17.15187117  17.15187117
Se -17.15187117 -22.86814111 -17.15187117
Cd -20.00936363 -20.00936363 -14.29318818
Se -17.15041608 -17.15041608 -11.43490203
Cd -20.00974158 -14.29313149 -8.57655919
Se -17.15230581 -11.43499652 -5.71889666
Cd -20.01087541 -8.57655919 -2.86045933
Se -17.15540496 -5.71747936 -0.00067474
Cd -20.01125336 -2.85798379  2.85798379
Se -17.15540496  0.00067474  5.71747936
Cd -20.01087541  2.86045933  8.57655919
Se -17.15230581  5.71889666  11.43499652
Cd -20.00974158  8.57655919  14.29313149
Se -17.15041608  11.43490203  17.15041608
Cd -20.00936363  14.29318818  20.00936363
Se -17.15187117  17.15187117  22.86814111
Cd -14.29379289 -25.72597372 -14.29379289
Se -11.43535557 -22.86814111 -11.43535557
Cd -14.29313149 -20.00974158 -8.57655919
Se -11.43499652 -17.15230581 -5.71889666
Cd -14.29398186 -14.29398186 -2.86227347
Se -11.43847361 -11.43847361 -0.00065765
Cd -14.29658969 -8.57708832  2.85624524
Se -11.44074129 -5.71982262  5.71982262
Cd -14.29658969 -2.85624524  8.57708832
Se -11.43847361  0.00065765  11.43847361
Cd -14.29398186  2.86227347  14.29398186
Se -11.43499652  5.71889666  17.15230581
Cd -14.29313149  8.57655919  20.00974158
Se -11.43535557  11.43535557  22.86814111
Cd -14.29379289  14.29379289  25.72597372
Se -5.71929350 -28.58437325 -11.43586579
Cd -8.57720170 -25.72672961 -8.57720170
Se -5.71829194 -22.86927494 -5.71829194
Cd -8.57655919 -20.01087541 -2.86045933
Se -5.71747936 -17.15540496 -0.00067474
Cd -8.57708832 -14.29658969  2.85624524
Se -5.71982262 -11.44074129  5.71982262
Cd -8.57812767 -8.57812767  8.57812767
Se -5.71982262 -5.71982262  11.44074129
Cd -8.57708832 -2.85624524  14.29658969
Se -5.71747936  0.00067474  17.15540496
Cd -8.57655919  2.86045933  20.01087541
Se -5.71829194  5.71829194  22.86927494
Cd -8.57720170  8.57720170  25.72672961
Se -5.71929350  11.43586579  28.58437325
Se -0.00078795 -28.58569606 -5.71761164
Cd -2.85968454 -25.72729653 -2.85968454
Se  0.00000000 -22.86908597  0.00000000
Cd -2.85798379 -20.01125336  2.85798379
Se  0.00067474 -17.15540496  5.71747936
Cd -2.85624524 -14.29658969  8.57708832
Se  0.00065765 -11.43847361  11.43847361
Cd -2.85624524 -8.57708832  14.29658969
Se  0.00067474 -5.71747936  17.15540496
Cd -2.85798379 -2.85798379  20.01125336
Se -0.00000000 -0.00000000  22.86908597
Cd -2.85968454  2.85968454  25.72729653
Se -0.00078795  5.71761164  28.58569606
Se  5.71761164 -28.58569606  0.00078795
Cd  2.85968454 -25.72729653  2.85968454
Se  5.71829194 -22.86927494  5.71829194
Cd  2.86045933 -20.01087541  8.57655919
Se  5.71889666 -17.15230581  11.43499652
Cd  2.86227347 -14.29398186  14.29398186
Se  5.71889666 -11.43499652  17.15230581
Cd  2.86045933 -8.57655919  20.01087541
Se  5.71829194 -5.71829194  22.86927494
Cd  2.85968454 -2.85968454  25.72729653
Se  5.71761164 -0.00078795  28.58569606
Se  11.43586579 -28.58437325  5.71929350
Cd  8.57720170 -25.72672961  8.57720170
Se  11.43535557 -22.86814111  11.43535557
Cd  8.57655919 -20.00974158  14.29313149
Se  11.43490203 -17.15041608  17.15041608
Cd  8.57655919 -14.29313149  20.00974158
Se  11.43535557 -11.43535557  22.86814111
Cd  8.57720170 -8.57720170  25.72672961
Se  11.43586579 -5.71929350  28.58437325
Cd  14.29379289 -25.72597372  14.29379289
Se  17.15187117 -22.86814111  17.15187117
Cd  14.29318818 -20.00936363  20.00936363
Se  17.15187117 -17.15187117  22.86814111
Cd  14.29379289 -14.29379289  25.72597372
Se -28.58399530 -0.00157837 -17.15139874
Se -28.58494017  5.71642112 -11.43418394
Se -28.58494017  11.43418394 -5.71642112
Se -28.58399530  17.15139874  0.00157837
Se -22.86795213 -11.43546895 -22.86795213
Cd -25.72597372 -8.57722060 -20.01049747
Se -22.86851905 -5.71906673 -17.15187117
Cd -25.72635166 -2.86036485 -14.29383069
Se -22.86927494 -0.00167432 -11.43442960
Cd -25.72710755  2.85758695 -8.57633243
Se -22.86889700  5.71645891 -5.71645891
Cd -25.72710755  8.57633243 -2.85758695
Se -22.86927494  11.43442960  0.00167432
Cd -25.72635166  14.29383069  2.86036485
Se -22.86851905  17.15187117  5.71906673
Cd -25.72597372  20.01049747  8.57722060
Se -22.86795213  22.86795213  11.43546895
Se -17.15187117 -17.15187117 -22.86814111
Cd -20.00936363 -14.29318818 -20.00936363
Se -17.15041608 -11.43490203 -17.15041608
Cd -20.00974158 -8.57655919 -14.29313149
Se -17.15230581 -5.71889666 -11.43499652
Cd -20.01087541 -2.86045933 -8.57655919
Se -17.15540496 -0.00067474 -5.71747936
Cd -20.01125336  2.85798379 -2.85798379
Se -17.15540496  5.71747936  0.00067474
Cd -20.01087541  8.57655919  2.86045933
Se -17.15230581  11.43499652  5.71889666
Cd -20.00974158  14.29313149  8.57655919
Se -17.15041608  17.15041608  11.43490203
Cd -20.00936363  20.00936363  14.29318818
Se -17.15187117  22.86814111  17.15187117
Se -11.43546895 -22.86795213 -22.86795213
Cd -14.29318818 -20.00936363 -20.00936363
Se -11.43490203 -17.15041608 -17.15041608
Cd -14.29250788 -14.29250788 -14.29250788
Se -11.43592248 -11.43592248 -11.43592248
Cd -14.29517239 -8.57888356 -8.57888356
Se -11.44189402 -5.72014388 -5.72014388
Cd -14.29863059 -2.86091287 -2.86091287
Se -11.44463412 -0.00000000 -0.00000000
Cd -14.29863059  2.86091287  2.86091287
Se -11.44189402  5.72014388  5.72014388
Cd -14.29517239  8.57888356  8.57888356
Se -11.43592248  11.43592248  11.43592248
Cd -14.29250788  14.29250788  14.29250788
Se -11.43490203  17.15041608  17.15041608
Cd -14.29318818  20.00936363  20.00936363
Se -11.43546895  22.86795213  22.86795213
Cd -8.57722060 -25.72597372 -20.01049747
Se -5.71906673 -22.86851905 -17.15187117
Cd -8.57655919 -20.00974158 -14.29313149
Se -5.71889666 -17.15230581 -11.43499652
Cd -8.57888356 -14.29517239 -8.57888356
Se -5.72014388 -11.44189402 -5.72014388
Cd -8.58158586 -8.58158586 -2.86340730
Se -5.72331862 -5.72331862  0.00044955
Cd -8.58258742 -2.85945778  2.85945778
Se -5.72331862 -0.00044955  5.72331862
Cd -8.58158586  2.86340730  8.58158586
Se -5.72014388  5.72014388  11.44189402
Cd -8.57888356  8.57888356  14.29517239
Se -5.71889666  11.43499652  17.15230581
Cd -8.57655919  14.29313149  20.00974158
Se -5.71906673  17.15187117  22.86851905
Cd -8.57722060  20.01049747  25.72597372
Se -0.00157837 -28.58399530 -17.15139874
Cd -2.86036485 -25.72635166 -14.29383069
Se -0.00167432 -22.86927494 -11.43442960
Cd -2.86045933 -20.01087541 -8.57655919
Se -0.00067474 -17.15540496 -5.71747936
Cd -2.86091287 -14.29863059 -2.86091287
Se  0.00000000 -11.44463412 -0.00000000
Cd -2.85945778 -8.58258742  2.85945778
Se -0.00044955 -5.72331862  5.72331862
Cd -2.85945778 -2.85945778  8.58258742
Se  0.00000000 -0.00000000  11.44463412
Cd -2.86091287  2.86091287  14.29863059
Se -0.00067474  5.71747936  17.15540496
Cd -2.86045933  8.57655919  20.01087541
Se -0.00167432  11.43442960  22.86927494
Cd -2.86036485  14.29383069  25.72635166
Se -0.00157837  17.15139874  28.58399530
Se  5.71642112 -28.58494017 -11.43418394
Cd  2.85758695 -25.72710755 -8.57633243
Se  5.71645891 -22.86889700 -5.71645891
Cd  2.85798379 -20.01125336 -2.85798379
Se  5.71747936 -17.15540496  0.00067474
Cd  2.86091287 -14.29863059  2.86091287
Se  5.72014388 -11.44189402  5.72014388
Cd  2.86340730 -8.58158586  8.58158586
Se  5.72014388 -5.72014388  11.44189402
Cd  2.86091287 -2.86091287  14.29863059
Se  5.71747936 -0.00067474  17.15540496
Cd  2.85798379  2.85798379  20.01125336
Se  5.71645891  5.71645891  22.86889700
Cd  2.85758695  8.57633243  25.72710755
Se  5.71642112  11.43418394  28.58494017
Se  11.43418394 -28.58494017 -5.71642112
Cd  8.57633243 -25.72710755 -2.85758695
Se  11.43442960 -22.86927494  0.00167432
Cd  8.57655919 -20.01087541  2.86045933
Se  11.43499652 -17.15230581  5.71889666
Cd  8.57888356 -14.29517239  8.57888356
Se  11.43592248 -11.43592248  11.43592248
Cd  8.57888356 -8.57888356  14.29517239
Se  11.43499652 -5.71889666  17.15230581
Cd  8.57655919 -2.86045933  20.01087541
Se  11.43442960 -0.00167432  22.86927494
Cd  8.57633243  2.85758695  25.72710755
Se  11.43418394  5.71642112  28.58494017
Se  17.15139874 -28.58399530  0.00157837
Cd  14.29383069 -25.72635166  2.86036485
Se  17.15187117 -22.86851905  5.71906673
Cd  14.29313149 -20.00974158  8.57655919
Se  17.15041608 -17.15041608  11.43490203
Cd  14.29250788 -14.29250788  14.29250788
Se  17.15041608 -11.43490203  17.15041608
Cd  14.29313149 -8.57655919  20.00974158
Se  17.15187117 -5.71906673  22.86851905
Cd  14.29383069 -2.86036485  25.72635166
Se  17.15139874 -0.00157837  28.58399530
Cd  20.01049747 -25.72597372  8.57722060
Se  22.86795213 -22.86795213  11.43546895
Cd  20.00936363 -20.00936363  14.29318818
Se  22.86814111 -17.15187117  17.15187117
Cd  20.00936363 -14.29318818  20.00936363
Se  22.86795213 -11.43546895  22.86795213
Cd  20.01049747 -8.57722060  25.72597372
Se -22.86795213 -0.00222746 -22.86795213
Cd -25.72427296  2.85650980 -20.00898568
Se -22.86776316  5.71587309 -17.15032159
Cd -25.72502886  8.57446160 -14.29178978
Se -22.86757419  11.43288003 -11.43288003
Cd -25.72502886  14.29178978 -8.57446160
Se -22.86776316  17.15032159 -5.71587309
Cd -25.72427296  20.00898568 -2.85650980
Se -22.86795213  22.86795213  0.00222746
Cd -20.01049747 -8.57722060 -25.72597372
Se -17.15187117 -5.71906673 -22.86851905
Cd -20.00993055 -2.86121522 -20.00993055
Se -17.15136094 -0.00232039 -17.15136094
Cd -20.00974158  2.85641532 -14.29178978
Se -17.15209794  5.71668568 -11.43444850
Cd -20.00936363  8.57421593 -8.57421593
Se -17.15209794  11.43444850 -5.71668568
Cd -20.00974158  14.29178978 -2.85641532
Se -17.15136094  17.15136094  0.00232039
Cd -20.00993055  20.00993055  2.86121522
Se -17.15187117  22.86851905  5.71906673
Cd -20.01049747  25.72597372  8.57722060
Cd -14.29379289 -14.29379289 -25.72597372
Se -11.43535557 -11.43535557 -22.86814111
Cd -14.29313149 -8.57655919 -20.00974158
Se -11.43499652 -5.71889666 -17.15230581
Cd -14.29398186 -2.86227347 -14.29398186
Se -11.43847361 -0.00065765 -11.43847361
Cd -14.29658969  2.85624524 -8.57708832
Se -11.44074129  5.71982262 -5.71982262
Cd -14.29658969  8.57708832 -2.85624524
Se -11.43847361  11.43847361  0.00065765
Cd -14.29398186  14.29398186  2.86227347
Se -11.43499652  17.15230581  5.71889666
Cd -14.29313149  20.00974158  8.57655919
Se -11.43535557  22.86814111  11.43535557
Cd -14.29379289  25.72597372  14.29379289
Cd -8.57722060 -20.01049747 -25.72597372
Se -5.71906673 -17.15187117 -22.86851905
Cd -8.57655919 -14.29313149 -20.00974158
Se -5.71889666 -11.43499652 -17.15230581
Cd -8.57888356 -8.57888356 -14.29517239
Se -5.72014388 -5.72014388 -11.44189402
Cd -8.58158586 -2.86340730 -8.58158586
Se -5.72331862  0.00044955 -5.72331862
Cd -8.58258742  2.85945778 -2.85945778
Se -5.72331862  5.72331862 -0.00044955
Cd -8.58158586  8.58158586  2.86340730
Se -5.72014388  11.44189402  5.72014388
Cd -8.57888356  14.29517239  8.57888356
Se -5.71889666  17.15230581  11.43499652
Cd -8.57655919  20.00974158  14.29313149
Se -5.71906673  22.86851905  17.15187117
Cd -8.57722060  25.72597372  20.01049747
Se -0.00222746 -22.86795213 -22.86795213
Cd -2.86121522 -20.00993055 -20.00993055
Se -0.00232039 -17.15136094 -17.15136094
Cd -2.86227347 -14.29398186 -14.29398186
Se -0.00065765 -11.43847361 -11.43847361
Cd -2.86340730 -8.58158586 -8.58158586
Se  0.00044955 -5.72331862 -5.72331862
Cd -2.86181993 -2.86181993 -2.86181993
Se -0.00000000  0.00000000  0.00000000
Cd -2.86181993  2.86181993  2.86181993
Se  0.00044955  5.72331862  5.72331862
Cd -2.86340730  8.58158586  8.58158586
Se -0.00065765  11.43847361  11.43847361
Cd -2.86227347  14.29398186  14.29398186
Se -0.00232039  17.15136094  17.15136094
Cd -2.86121522  20.00993055  20.00993055
Se -0.00222746  22.86795213  22.86795213
Cd  2.85650980 -25.72427296 -20.00898568
Se  5.71587309 -22.86776316 -17.15032159
Cd  2.85641532 -20.00974158 -14.29178978
Se  5.71668568 -17.15209794 -11.43444850
Cd  2.85624524 -14.29658969 -8.57708832
Se  5.71982262 -11.44074129 -5.71982262
Cd  2.85945778 -8.58258742 -2.85945778
Se  5.72331862 -5.72331862 -0.00044955
Cd  2.86181993 -2.86181993  2.86181993
Se  5.72331862  0.00044955  5.72331862
Cd  2.85945778  2.85945778  8.58258742
Se  5.71982262  5.71982262  11.44074129
Cd  2.85624524  8.57708832  14.29658969
Se  5.71668568  11.43444850  17.15209794
Cd  2.85641532  14.29178978  20.00974158
Se  5.71587309  17.15032159  22.86776316
Cd  2.85650980  20.00898568  25.72427296
Cd  8.57446160 -25.72502886 -14.29178978
Se  11.43288003 -22.86757419 -11.43288003
Cd  8.57421593 -20.00936363 -8.57421593
Se  11.43444850 -17.15209794 -5.71668568
Cd  8.57708832 -14.29658969 -2.85624524
Se  11.43847361 -11.43847361  0.00065765
Cd  8.58158586 -8.58158586  2.86340730
Se  11.44189402 -5.72014388  5.72014388
Cd  8.58158586 -2.86340730  8.58158586
Se  11.43847361 -0.00065765  11.43847361
Cd  8.57708832  2.85624524  14.29658969
Se  11.43444850  5.71668568  17.15209794
Cd  8.57421593  8.57421593  20.00936363
Se  11.43288003  11.43288003  22.86757419
Cd  8.57446160  14.29178978  25.72502886
Cd  14.29178978 -25.72502886 -8.57446160
Se  17.15032159 -22.86776316 -5.71587309
Cd  14.29178978 -20.00974158 -2.85641532
Se  17.15136094 -17.15136094  0.00232039
Cd  14.29398186 -14.29398186  2.86227347
Se  17.15230581 -11.43499652  5.71889666
Cd  14.29517239 -8.57888356  8.57888356
Se  17.15230581 -5.71889666  11.43499652
Cd  14.29398186 -2.86227347  14.29398186
Se  17.15136094 -0.00232039  17.15136094
Cd  14.29178978  2.85641532  20.00974158
Se  17.15032159  5.71587309  22.86776316
Cd  14.29178978  8.57446160  25.72502886
Cd  20.00898568 -25.72427296 -2.85650980
Se  22.86795213 -22.86795213  0.00222746
Cd  20.00993055 -20.00993055  2.86121522
Se  22.86851905 -17.15187117  5.71906673
Cd  20.00974158 -14.29313149  8.57655919
Se  22.86814111 -11.43535557  11.43535557
Cd  20.00974158 -8.57655919  14.29313149
Se  22.86851905 -5.71906673  17.15187117
Cd  20.00993055 -2.86121522  20.00993055
Se  22.86795213 -0.00222746  22.86795213
Cd  20.00898568  2.85650980  25.72427296
Cd  25.72597372 -20.01049747  8.57722060
Cd  25.72597372 -14.29379289  14.29379289
Cd  25.72597372 -8.57722060  20.01049747
Se -17.15139874 -0.00157837 -28.58399530
Cd -20.00898568  2.85650980 -25.72427296
Se -17.15032159  5.71587309 -22.86776316
Cd -20.00785185  8.57361122 -20.00785185
Se -17.14990585  11.43221862 -17.14990585
Cd -20.00709596  14.28999454 -14.28999454
Se -17.14990585  17.14990585 -11.43221862
Cd -20.00785185  20.00785185 -8.57361122
Se -17.15032159  22.86776316 -5.71587309
Cd -20.00898568  25.72427296 -2.85650980
Se -17.15139874  28.58399530  0.00157837
Se -11.43586579 -5.71929350 -28.58437325
Cd -14.29383069 -2.86036485 -25.72635166
Se -11.43442960 -0.00167432 -22.86927494
Cd -14.29178978  2.85641532 -20.00974158
Se -11.43444850  5.71668568 -17.15209794
Cd -14.29158191  8.57410255 -14.29158191
Se -11.43548785  11.43548785 -11.43548785
Cd -14.29158191  14.29158191 -8.57410255
Se -11.43444850  17.15209794 -5.71668568
Cd -14.29178978  20.00974158 -2.85641532
Se -11.43442960  22.86927494  0.00167432
Cd -14.29383069  25.72635166  2.86036485
Se -11.43586579  28.58437325  5.71929350
Se -5.71929350 -11.43586579 -28.58437325
Cd -8.57720170 -8.57720170 -25.72672961
Se -5.71829194 -5.71829194 -22.86927494
Cd -8.57655919 -2.86045933 -20.01087541
Se -5.71747936 -0.00067474 -17.15540496
Cd -8.57708832  2.85624524 -14.29658969
Se -5.71982262  5.71982262 -11.44074129
Cd -8.57812767  8.57812767 -8.57812767
Se -5.71982262  11.44074129 -5.71982262
Cd -8.57708832  14.29658969 -2.85624524
Se -5.71747936  17.15540496  0.00067474
Cd -8.57655919  20.01087541  2.86045933
Se -5.71829194  22.86927494  5.71829194
Cd -8.57720170  25.72672961  8.57720170
Se -5.71929350  28.58437325  11.43586579
Se -0.00157837 -17.15139874 -28.58399530
Cd -2.86036485 -14.29383069 -25.72635166
Se -0.00167432 -11.43442960 -22.86927494
Cd -2.86045933 -8.57655919 -20.01087541
Se -0.00067474 -5.71747936 -17.15540496
Cd -2.86091287 -2.86091287 -14.29863059
Se  0.00000000  0.00000000 -11.44463412
Cd -2.85945778  2.85945778 -8.58258742
Se -0.00044955  5.72331862 -5.72331862
Cd -2.85945778  8.58258742 -2.85945778
Se -0.00000000  11.44463412  0.00000000
Cd -2.86091287  14.29863059  2.86091287
Se -0.00067474  17.15540496  5.71747936
Cd -2.86045933  20.01087541  8.57655919
Se -0.00167432  22.86927494  11.43442960
Cd -2.86036485  25.72635166  14.29383069
Se -0.00157837  28.58399530  17.15139874
Cd  2.85650980 -20.00898568 -25.72427296
Se  5.71587309 -17.15032159 -22.86776316
Cd  2.85641532 -14.29178978 -20.00974158
Se  5.71668568 -11.43444850 -17.15209794
Cd  2.85624524 -8.57708832 -14.29658969
Se  5.71982262 -5.71982262 -11.44074129
Cd  2.85945778 -2.85945778 -8.58258742
Se  5.72331862 -0.00044955 -5.72331862
Cd  2.86181993  2.86181993 -2.86181993
Se  5.72331862  5.72331862  0.00044955
Cd  2.85945778  8.58258742  2.85945778
Se  5.71982262  11.44074129  5.71982262
Cd  2.85624524  14.29658969  8.57708832
Se  5.71668568  17.15209794  11.43444850
Cd  2.85641532  20.00974158  14.29178978
Se  5.71587309  22.86776316  17.15032159
Cd  2.85650980  25.72427296  20.00898568
Cd  8.57361122 -20.00785185 -20.00785185
Se  11.43221862 -17.14990585 -17.14990585
Cd  8.57410255 -14.29158191 -14.29158191
Se  11.43548785 -11.43548785 -11.43548785
Cd  8.57812767 -8.57812767 -8.57812767
Se  11.44074129 -5.71982262 -5.71982262
Cd  8.58258742 -2.85945778 -2.85945778
Se  11.44463412  0.00000000  0.00000000
Cd  8.58258742  2.85945778  2.85945778
Se  11.44074129  5.71982262  5.71982262
Cd  8.57812767  8.57812767  8.57812767
Se  11.43548785  11.43548785  11.43548785
Cd  8.57410255  14.29158191  14.29158191
Se  11.43221862  17.14990585  17.14990585
Cd  8.57361122  20.00785185  20.00785185
Cd  14.28999454 -20.00709596 -14.28999454
Se  17.14990585 -17.14990585 -11.43221862
Cd  14.29158191 -14.29158191 -8.57410255
Se  17.15209794 -11.43444850 -5.71668568
Cd  14.29658969 -8.57708832 -2.85624524
Se  17.15540496 -5.71747936  0.00067474
Cd  14.29863059 -2.86091287  2.86091287
Se  17.15540496 -0.00067474  5.71747936
Cd  14.29658969  2.85624524  8.57708832
Se  17.15209794  5.71668568  11.43444850
Cd  14.29158191  8.57410255  14.29158191
Se  17.14990585  11.43221862  17.14990585
Cd  14.28999454  14.28999454  20.00709596
Cd  20.00785185 -20.00785185 -8.57361122
Se  22.86776316 -17.15032159 -5.71587309
Cd  20.00974158 -14.29178978 -2.85641532
Se  22.86927494 -11.43442960  0.00167432
Cd  20.01087541 -8.57655919  2.86045933
Se  22.86927494 -5.71829194  5.71829194
Cd  20.01087541 -2.86045933  8.57655919
Se  22.86927494 -0.00167432  11.43442960
Cd  20.00974158  2.85641532  14.29178978
Se  22.86776316  5.71587309  17.15032159
Cd  20.00785185  8.57361122  20.00785185
Cd  25.72427296 -20.00898568 -2.85650980
Se  28.58399530 -17.15139874  0.00157837
Cd  25.72635166 -14.29383069  2.86036485
Se  28.58437325 -11.43586579  5.71929350
Cd  25.72672961 -8.57720170  8.57720170
Se  28.58437325 -5.71929350  11.43586579
Cd  25.72635166 -2.86036485  14.29383069
Se  28.58399530 -0.00157837  17.15139874
Cd  25.72427296  2.85650980  20.00898568
Se -11.43418394  5.71642112 -28.58494017
Cd -14.29178978  8.57446160 -25.72502886
Se -11.43288003  11.43288003 -22.86757419
Cd -14.28999454  14.28999454 -20.00709596
Se -11.43221862  17.14990585 -17.14990585
Cd -14.28999454  20.00709596 -14.28999454
Se -11.43288003  22.86757419 -11.43288003
Cd -14.29178978  25.72502886 -8.57446160
Se -11.43418394  28.58494017 -5.71642112
Se -5.71761164 -0.00078795 -28.58569606
Cd -8.57633243  2.85758695 -25.72710755
Se -5.71645891  5.71645891 -22.86889700
Cd -8.57421593  8.57421593 -20.00936363
Se -5.71668568  11.43444850 -17.15209794
Cd -8.57410255  14.29158191 -14.29158191
Se -5.71668568  17.15209794 -11.43444850
Cd -8.57421593  20.00936363 -8.57421593
Se -5.71645891  22.86889700 -5.71645891
Cd -8.57633243  25.72710755 -2.85758695
Se -5.71761164  28.58569606  0.00078795
Se -0.00078795 -5.71761164 -28.58569606
Cd -2.85968454 -2.85968454 -25.72729653
Se  0.00000000 -0.00000000 -22.86908597
Cd -2.85798379  2.85798379 -20.01125336
Se  0.00067474  5.71747936 -17.15540496
Cd -2.85624524  8.57708832 -14.29658969
Se  0.00065765  11.43847361 -11.43847361
Cd -2.85624524  14.29658969 -8.57708832
Se  0.00067474  17.15540496 -5.71747936
Cd -2.85798379  20.01125336 -2.85798379
Se  0.00000000  22.86908597 -0.00000000
Cd -2.85968454  25.72729653  2.85968454
Se -0.00078795  28.58569606  5.71761164
Se  5.71642112 -11.43418394 -28.58494017
Cd  2.85758695 -8.57633243 -25.72710755
Se  5.71645891 -5.71645891 -22.86889700
Cd  2.85798379 -2.85798379 -20.01125336
Se  5.71747936  0.00067474 -17.15540496
Cd  2.86091287  2.86091287 -14.29863059
Se  5.72014388  5.72014388 -11.44189402
Cd  2.86340730  8.58158586 -8.58158586
Se  5.72014388  11.44189402 -5.72014388
Cd  2.86091287  14.29863059 -2.86091287
Se  5.71747936  17.15540496 -0.00067474
Cd  2.85798379  20.01125336  2.85798379
Se  5.71645891  22.86889700  5.71645891
Cd  2.85758695  25.72710755  8.57633243
Se  5.71642112  28.58494017  11.43418394
Cd  8.57446160 -14.29178978 -25.72502886
Se  11.43288003 -11.43288003 -22.86757419
Cd  8.57421593 -8.57421593 -20.00936363
Se  11.43444850 -5.71668568 -17.15209794
Cd  8.57708832 -2.85624524 -14.29658969
Se  11.43847361  0.00065765 -11.43847361
Cd  8.58158586  2.86340730 -8.58158586
Se  11.44189402  5.72014388 -5.72014388
Cd  8.58158586  8.58158586 -2.86340730
Se  11.43847361  11.43847361 -0.00065765
Cd  8.57708832  14.29658969  2.85624524
Se  11.43444850  17.15209794  5.71668568
Cd  8.57421593  20.00936363  8.57421593
Se  11.43288003  22.86757419  11.43288003
Cd  8.57446160  25.72502886  14.29178978
Cd  14.28999454 -14.28999454 -20.00709596
Se  17.14990585 -11.43221862 -17.14990585
Cd  14.29158191 -8.57410255 -14.29158191
Se  17.15209794 -5.71668568 -11.43444850
Cd  14.29658969 -2.85624524 -8.57708832
Se  17.15540496  0.00067474 -5.71747936
Cd  14.29863059  2.86091287 -2.86091287
Se  17.15540496  5.71747936 -0.00067474
Cd  14.29658969  8.57708832  2.85624524
Se  17.15209794  11.43444850  5.71668568
Cd  14.29158191  14.29158191  8.57410255
Se  17.14990585  17.14990585  11.43221862
Cd  14.28999454  20.00709596  14.28999454
Cd  20.00709596 -14.28999454 -14.28999454
Se  22.86757419 -11.43288003 -11.43288003
Cd  20.00936363 -8.57421593 -8.57421593
Se  22.86889700 -5.71645891 -5.71645891
Cd  20.01125336 -2.85798379 -2.85798379
Se  22.86908597 -0.00000000  0.00000000
Cd  20.01125336  2.85798379  2.85798379
Se  22.86889700  5.71645891  5.71645891
Cd  20.00936363  8.57421593  8.57421593
Se  22.86757419  11.43288003  11.43288003
Cd  20.00709596  14.28999454  14.28999454
Cd  25.72502886 -14.29178978 -8.57446160
Se  28.58494017 -11.43418394 -5.71642112
Cd  25.72710755 -8.57633243 -2.85758695
Se  28.58569606 -5.71761164  0.00078795
Cd  25.72729653 -2.85968454  2.85968454
Se  28.58569606 -0.00078795  5.71761164
Cd  25.72710755  2.85758695  8.57633243
Se  28.58494017  5.71642112  11.43418394
Cd  25.72502886  8.57446160  14.29178978
Se -5.71642112  11.43418394 -28.58494017
Cd -8.57446160  14.29178978 -25.72502886
Se -5.71587309  17.15032159 -22.86776316
Cd -8.57361122  20.00785185 -20.00785185
Se -5.71587309  22.86776316 -17.15032159
Cd -8.57446160  25.72502886 -14.29178978
Se -5.71642112  28.58494017 -11.43418394
Se  0.00078795  5.71761164 -28.58569606
Cd -2.85758695  8.57633243 -25.72710755
Se  0.00167432  11.43442960 -22.86927494
Cd -2.85641532  14.29178978 -20.00974158
Se  0.00232039  17.15136094 -17.15136094
Cd -2.85641532  20.00974158 -14.29178978
Se  0.00167432  22.86927494 -11.43442960
Cd -2.85758695  25.72710755 -8.57633243
Se  0.00078795  28.58569606 -5.71761164
Se  5.71761164  0.00078795 -28.58569606
Cd  2.85968454  2.85968454 -25.72729653
Se  5.71829194  5.71829194 -22.86927494
Cd  2.86045933  8.57655919 -20.01087541
Se  5.71889666  11.43499652 -17.15230581
Cd  2.86227347  14.29398186 -14.29398186
Se  5.71889666  17.15230581 -11.43499652
Cd  2.86045933  20.01087541 -8.57655919
Se  5.71829194  22.86927494 -5.71829194
Cd  2.85968454  25.72729653 -2.85968454
Se  5.71761164  28.58569606 -0.00078795
Se  11.43418394 -5.71642112 -28.58494017
Cd  8.57633243 -2.85758695 -25.72710755
Se  11.43442960  0.00167432 -22.86927494
Cd  8.57655919  2.86045933 -20.01087541
Se  11.43499652  5.71889666 -17.15230581
Cd  8.57888356  8.57888356 -14.29517239
Se  11.43592248  11.43592248 -11.43592248
Cd  8.57888356  14.29517239 -8.57888356
Se  11.43499652  17.15230581 -5.71889666
Cd  8.57655919  20.01087541 -2.86045933
Se  11.43442960  22.86927494 -0.00167432
Cd  8.57633243  25.72710755  2.85758695
Se  11.43418394  28.58494017  5.71642112
Cd  14.29178978 -8.57446160 -25.72502886
Se  17.15032159 -5.71587309 -22.86776316
Cd  14.29178978 -2.85641532 -20.00974158
Se  17.15136094  0.00232039 -17.15136094
Cd  14.29398186  2.86227347 -14.29398186
Se  17.15230581  5.71889666 -11.43499652
Cd  14.29517239  8.57888356 -8.57888356
Se  17.15230581  11.43499652 -5.71889666
Cd  14.29398186  14.29398186 -2.86227347
Se  17.15136094  17.15136094 -0.00232039
Cd  14.29178978  20.00974158  2.85641532
Se  17.15032159  22.86776316  5.71587309
Cd  14.29178978  25.72502886  8.57446160
Cd  20.00785185 -8.57361122 -20.00785185
Se  22.86776316 -5.71587309 -17.15032159
Cd  20.00974158 -2.85641532 -14.29178978
Se  22.86927494  0.00167432 -11.43442960
Cd  20.01087541  2.86045933 -8.57655919
Se  22.86927494  5.71829194 -5.71829194
Cd  20.01087541  8.57655919 -2.86045933
Se  22.86927494  11.43442960 -0.00167432
Cd  20.00974158  14.29178978  2.85641532
Se  22.86776316  17.15032159  5.71587309
Cd  20.00785185  20.00785185  8.57361122
Cd  25.72502886 -8.57446160 -14.29178978
Se  28.58494017 -5.71642112 -11.43418394
Cd  25.72710755 -2.85758695 -8.57633243
Se  28.58569606  0.00078795 -5.71761164
Cd  25.72729653  2.85968454 -2.85968454
Se  28.58569606  5.71761164 -0.00078795
Cd  25.72710755  8.57633243  2.85758695
Se  28.58494017  11.43418394  5.71642112
Cd  25.72502886  14.29178978  8.57446160
Se  0.00157837  17.15139874 -28.58399530
Cd -2.85650980  20.00898568 -25.72427296
Se  0.00222746  22.86795213 -22.86795213
Cd -2.85650980  25.72427296 -20.00898568
Se  0.00157837  28.58399530 -17.15139874
Se  5.71929350  11.43586579 -28.58437325
Cd  2.86036485  14.29383069 -25.72635166
Se  5.71906673  17.15187117 -22.86851905
Cd  2.86121522  20.00993055 -20.00993055
Se  5.71906673  22.86851905 -17.15187117
Cd  2.86036485  25.72635166 -14.29383069
Se  5.71929350  28.58437325 -11.43586579
Se  11.43586579  5.71929350 -28.58437325
Cd  8.57720170  8.57720170 -25.72672961
Se  11.43535557  11.43535557 -22.86814111
Cd  8.57655919  14.29313149 -20.00974158
Se  11.43490203  17.15041608 -17.15041608
Cd  8.57655919  20.00974158 -14.29313149
Se  11.43535557  22.86814111 -11.43535557
Cd  8.57720170  25.72672961 -8.57720170
Se  11.43586579  28.58437325 -5.71929350
Se  17.15139874  0.00157837 -28.58399530
Cd  14.29383069  2.86036485 -25.72635166
Se  17.15187117  5.71906673 -22.86851905
Cd  14.29313149  8.57655919 -20.00974158
Se  17.15041608  11.43490203 -17.15041608
Cd  14.29250788  14.29250788 -14.29250788
Se  17.15041608  17.15041608 -11.43490203
Cd  14.29313149  20.00974158 -8.57655919
Se  17.15187117  22.86851905 -5.71906673
Cd  14.29383069  25.72635166 -2.86036485
Se  17.15139874  28.58399530 -0.00157837
Cd  20.00898568 -2.85650980 -25.72427296
Se  22.86795213  0.00222746 -22.86795213
Cd  20.00993055  2.86121522 -20.00993055
Se  22.86851905  5.71906673 -17.15187117
Cd  20.00974158  8.57655919 -14.29313149
Se  22.86814111  11.43535557 -11.43535557
Cd  20.00974158  14.29313149 -8.57655919
Se  22.86851905  17.15187117 -5.71906673
Cd  20.00993055  20.00993055 -2.86121522
Se  22.86795213  22.86795213 -0.00222746
Cd  20.00898568  25.72427296  2.85650980
Cd  25.72427296 -2.85650980 -20.00898568
Se  28.58399530  0.00157837 -17.15139874
Cd  25.72635166  2.86036485 -14.29383069
Se  28.58437325  5.71929350 -11.43586579
Cd  25.72672961  8.57720170 -8.57720170
Se  28.58437325  11.43586579 -5.71929350
Cd  25.72635166  14.29383069 -2.86036485
Se  28.58399530  17.15139874 -0.00157837
Cd  25.72427296  20.00898568  2.85650980
Cd  8.57722060  20.01049747 -25.72597372
Se  11.43546895  22.86795213 -22.86795213
Cd  8.57722060  25.72597372 -20.01049747
Cd  14.29379289  14.29379289 -25.72597372
Se  17.15187117  17.15187117 -22.86814111
Cd  14.29318818  20.00936363 -20.00936363
Se  17.15187117  22.86814111 -17.15187117
Cd  14.29379289  25.72597372 -14.29379289
Cd  20.01049747  8.57722060 -25.72597372
Se  22.86795213  11.43546895 -22.86795213
Cd  20.00936363  14.29318818 -20.00936363
Se  22.86814111  17.15187117 -17.15187117
Cd  20.00936363  20.00936363 -14.29318818
Se  22.86795213  22.86795213 -11.43546895
Cd  20.01049747  25.72597372 -8.57722060
Cd  25.72597372  8.57722060 -20.01049747
Cd  25.72597372  14.29379289 -14.29379289
Cd  25.72597372  20.01049747 -8.57722060
P2 -29.29835897 -17.86612618 -0.71633641
P2 -29.29850070 -16.43678468  0.71309958
P2 -29.29920935 -12.14887358  5.00159919
P2 -29.29944556 -10.71940453  6.43108241
P2 -29.29944556 -6.43108241  10.71940453
P2 -29.29920935 -5.00159919  12.14887358
P2 -29.29850070 -0.71309958  16.43678468
P2 -29.29835897  0.71633641  17.86612618
P2 -23.72530192 -23.72530192 -0.85968568
P1 -27.29628877 -21.58058575  4.42876466
P1 -27.29662892 -15.86374323  10.14629032
P1 -27.29662892 -10.14629032  15.86374323
P1 -27.29628877 -4.42876466  21.58058575
P2 -23.72530192  0.85968568  23.72530192
P2 -17.86612618 -29.29835897 -0.71633641
P2 -16.43678468 -29.29850070  0.71309958
P1 -21.58058575 -27.29628877  4.42876466
P1 -21.57955585 -21.57955585  10.14624024
P1 -21.57931964 -15.86234294  15.86234294
P1 -21.57955585 -10.14624024  21.57955585
P1 -21.58058575 -4.42876466  27.29628877
P2 -17.86612618  0.71633641  29.29835897
P2 -16.43678468 -0.71309958  29.29850070
P2 -12.14887358 -29.29920935  5.00159919
P2 -10.71940453 -29.29944556  6.43108241
P1 -15.86374323 -27.29662892  10.14629032
P1 -15.86234294 -21.57931964  15.86234294
P1 -15.86234294 -15.86234294  21.57931964
P1 -15.86374323 -10.14629032  27.29662892
P2 -12.14887358 -5.00159919  29.29920935
P2 -10.71940453 -6.43108241  29.29944556
P2 -6.43108241 -29.29944556  10.71940453
P2 -5.00159919 -29.29920935  12.14887358
P1 -10.14629032 -27.29662892  15.86374323
P1 -10.14624024 -21.57955585  21.57955585
P1 -10.14629032 -15.86374323  27.29662892
P2 -6.43108241 -10.71940453  29.29944556
P2 -5.00159919 -12.14887358  29.29920935
P2 -0.71309958 -29.29850070  16.43678468
P2  0.71633641 -29.29835897  17.86612618
P1 -4.42876466 -27.29628877  21.58058575
P2  0.85968568 -23.72530192  23.72530192
P1 -4.42876466 -21.58058575  27.29628877
P2 -0.71309958 -16.43678468  29.29850070
P2  0.71633641 -17.86612618  29.29835897
P2 -29.29892589 -12.15063103 -6.43408235
P2 -29.29887864 -10.72124701 -5.00453771
P2 -29.29987075 -6.43255640 -0.71565855
P2 -29.30005972 -5.00285113  0.71405144
P2 -29.30005972 -0.71405144  5.00285113
P2 -29.29987075  0.71565855  6.43255640
P2 -29.29887864  5.00453771  10.72124701
P2 -29.29892589  6.43408235  12.15063103
P2 -23.72524522 -23.72524522 -12.29301716
P1 -27.29778166 -21.58230540 -7.00550620
P1 -27.29736592 -18.43856481 -10.14967293
P1 -27.29778166  7.00550620  21.58230540
P1 -27.29736592  10.14967293  18.43856481
P2 -23.72524522  12.29301716  23.72524522
P1 -21.58230540 -27.29778166 -7.00550620
P1 -18.43856481 -27.29736592 -10.14967293
P1 -21.58230540  7.00550620  27.29778166
P1 -18.43856481  10.14967293  27.29736592
P2 -12.15063103 -29.29892589 -6.43408235
P2 -10.72124701 -29.29887864 -5.00453771
P2 -12.15063103  6.43408235  29.29892589
P2 -10.72124701  5.00453771  29.29887864
P2 -6.43255640 -29.29987075 -0.71565855
P2 -5.00285113 -29.30005972  0.71405144
P2 -6.43255640  0.71565855  29.29987075
P2 -5.00285113 -0.71405144  29.30005972
P2 -0.71405144 -29.30005972  5.00285113
P2  0.71565855 -29.29987075  6.43255640
P2 -0.71405144 -5.00285113  29.30005972
P2  0.71565855 -6.43255640  29.29987075
P2  5.00453771 -29.29887864  10.72124701
P2  6.43408235 -29.29892589  12.15063103
P2  5.00453771 -10.72124701  29.29887864
P2  6.43408235 -12.15063103  29.29892589
P1  7.00550620 -27.29778166  21.58230540
P1  10.14967293 -27.29736592  18.43856481
P2  12.29301716 -23.72524522  23.72524522
P1  7.00550620 -21.58230540  27.29778166
P1  10.14967293 -18.43856481  27.29736592
P2 -29.29892589 -6.43408235 -12.15063103
P2 -29.29887864 -5.00453771 -10.72124701
P2 -29.29987075 -0.71565855 -6.43255640
P2 -29.30005972  0.71405144 -5.00285113
P2 -29.30005972  5.00285113 -0.71405144
P2 -29.29987075  6.43255640  0.71565855
P2 -29.29887864  10.72124701  5.00453771
P2 -29.29892589  12.15063103  6.43408235
P2 -23.72537751 -18.00928898 -18.00928898
P1 -27.29736592 -15.86604775 -12.72213046
P1 -27.29736592 -12.72213046 -15.86604775
P1 -27.29736592  12.72213046  15.86604775
P1 -27.29736592  15.86604775  12.72213046
P2 -23.72537751  18.00928898  18.00928898
P2 -18.00928898 -23.72537751 -18.00928898
P2 -18.00928898  18.00928898  23.72537751
P1 -15.86604775 -27.29736592 -12.72213046
P1 -12.72213046 -27.29736592 -15.86604775
P1 -15.86604775  12.72213046  27.29736592
P1 -12.72213046  15.86604775  27.29736592
P2 -6.43408235 -29.29892589 -12.15063103
P2 -5.00453771 -29.29887864 -10.72124701
P2 -6.43408235  12.15063103  29.29892589
P2 -5.00453771  10.72124701  29.29887864
P2 -0.71565855 -29.29987075 -6.43255640
P2  0.71405144 -29.30005972 -5.00285113
P2 -0.71565855  6.43255640  29.29987075
P2  0.71405144  5.00285113  29.30005972
P2  5.00285113 -29.30005972 -0.71405144
P2  6.43255640 -29.29987075  0.71565855
P2  5.00285113  0.71405144  29.30005972
P2  6.43255640 -0.71565855  29.29987075
P2  10.72124701 -29.29887864  5.00453771
P2  12.15063103 -29.29892589  6.43408235
P2  10.72124701 -5.00453771  29.29887864
P2  12.15063103 -6.43408235  29.29892589
P1  12.72213046 -27.29736592  15.86604775
P1  15.86604775 -27.29736592  12.72213046
P2  18.00928898 -23.72537751  18.00928898
P2  18.00928898 -18.00928898  23.72537751
P1  12.72213046 -15.86604775  27.29736592
P1  15.86604775 -12.72213046  27.29736592
P2 -29.29835897 -0.71633641 -17.86612618
P2 -29.29850070  0.71309958 -16.43678468
P2 -29.29920935  5.00159919 -12.14887358
P2 -29.29944556  6.43108241 -10.71940453
P2 -29.29944556  10.71940453 -6.43108241
P2 -29.29920935  12.14887358 -5.00159919
P2 -29.29850070  16.43678468 -0.71309958
P2 -29.29835897  17.86612618  0.71633641
P2 -23.72524522 -12.29301716 -23.72524522
P1 -27.29736592 -10.14967293 -18.43856481
P1 -27.29778166 -7.00550620 -21.58230540
P1 -27.29736592  18.43856481  10.14967293
P1 -27.29778166  21.58230540  7.00550620
P2 -23.72524522  23.72524522  12.29301716
P2 -18.00928898 -18.00928898 -23.72537751
P2 -18.00928898  23.72537751  18.00928898
P2 -12.29301716 -23.72524522 -23.72524522
P2 -12.29301716  23.72524522  23.72524522
P1 -10.14967293 -27.29736592 -18.43856481
P1 -7.00550620 -27.29778166 -21.58230540
P1 -10.14967293  18.43856481  27.29736592
P1 -7.00550620  21.58230540  27.29778166
P2 -0.71633641 -29.29835897 -17.86612618
P2  0.71309958 -29.29850070 -16.43678468
P2 -0.71633641  17.86612618  29.29835897
P2  0.71309958  16.43678468  29.29850070
P2  5.00159919 -29.29920935 -12.14887358
P2  6.43108241 -29.29944556 -10.71940453
P2  5.00159919  12.14887358  29.29920935
P2  6.43108241  10.71940453  29.29944556
P2  10.71940453 -29.29944556 -6.43108241
P2  12.14887358 -29.29920935 -5.00159919
P2  10.71940453  6.43108241  29.29944556
P2  12.14887358  5.00159919  29.29920935
P2  16.43678468 -29.29850070 -0.71309958
P2  17.86612618 -29.29835897  0.71633641
P2  16.43678468  0.71309958  29.29850070
P2  17.86612618 -0.71633641  29.29835897
P1  18.43856481 -27.29736592  10.14967293
P1  21.58230540 -27.29778166  7.00550620
P2  23.72524522 -23.72524522  12.29301716
P2  23.72537751 -18.00928898  18.00928898
P2  23.72524522 -12.29301716  23.72524522
P1  18.43856481 -10.14967293  27.29736592
P1  21.58230540 -7.00550620  27.29778166
P2 -23.72530192 -0.85968568 -23.72530192
P1 -27.29628877  4.42876466 -21.58058575
P1 -27.29662892  10.14629032 -15.86374323
P1 -27.29662892  15.86374323 -10.14629032
P1 -27.29628877  21.58058575 -4.42876466
P2 -23.72530192  23.72530192  0.85968568
P1 -21.58230540 -7.00550620 -27.29778166
P1 -18.43856481 -10.14967293 -27.29736592
P1 -21.58230540  27.29778166  7.00550620
P1 -18.43856481  27.29736592  10.14967293
P1 -15.86604775 -12.72213046 -27.29736592
P1 -12.72213046 -15.86604775 -27.29736592
P1 -15.86604775  27.29736592  12.72213046
P1 -12.72213046  27.29736592  15.86604775
P1 -10.14967293 -18.43856481 -27.29736592
P1 -7.00550620 -21.58230540 -27.29778166
P1 -10.14967293  27.29736592  18.43856481
P1 -7.00550620  27.29778166  21.58230540
P2 -0.85968568 -23.72530192 -23.72530192
P2 -0.85968568  23.72530192  23.72530192
P1  4.42876466 -27.29628877 -21.58058575
P1  4.42876466  21.58058575  27.29628877
P1  10.14629032 -27.29662892 -15.86374323
P1  10.14629032  15.86374323  27.29662892
P1  15.86374323 -27.29662892 -10.14629032
P1  15.86374323  10.14629032  27.29662892
P1  21.58058575 -27.29628877 -4.42876466
P2  23.72530192 -23.72530192  0.85968568
P2  23.72530192 -0.85968568  23.72530192
P1  21.58058575  4.42876466  27.29628877
P1  27.29778166 -21.58230540  7.00550620
P1  27.29736592 -18.43856481  10.14967293
P1  27.29736592 -15.86604775  12.72213046
P1  27.29736592 -12.72213046  15.86604775
P1  27.29736592 -10.14967293  18.43856481
P1  27.29778166 -7.00550620  21.58230540
P2 -17.86612618 -0.71633641 -29.29835897
P2 -16.43678468  0.71309958 -29.29850070
P1 -21.58058575  4.42876466 -27.29628877
P1 -21.57955585  10.14624024 -21.57955585
P1 -21.57931964  15.86234294 -15.86234294
P1 -21.57955585  21.57955585 -10.14624024
P1 -21.58058575  27.29628877 -4.42876466
P2 -17.86612618  29.29835897  0.71633641
P2 -16.43678468  29.29850070 -0.71309958
P2 -12.15063103 -6.43408235 -29.29892589
P2 -10.72124701 -5.00453771 -29.29887864
P2 -12.15063103  29.29892589  6.43408235
P2 -10.72124701  29.29887864  5.00453771
P2 -6.43408235 -12.15063103 -29.29892589
P2 -5.00453771 -10.72124701 -29.29887864
P2 -6.43408235  29.29892589  12.15063103
P2 -5.00453771  29.29887864  10.72124701
P2 -0.71633641 -17.86612618 -29.29835897
P2  0.71309958 -16.43678468 -29.29850070
P2 -0.71633641  29.29835897  17.86612618
P2  0.71309958  29.29850070  16.43678468
P1  4.42876466 -21.58058575 -27.29628877
P1  4.42876466  27.29628877  21.58058575
P1  10.14624024 -21.57955585 -21.57955585
P1  10.14624024  21.57955585  21.57955585
P1  15.86234294 -21.57931964 -15.86234294
P1  15.86234294  15.86234294  21.57931964
P1  21.57955585 -21.57955585 -10.14624024
P1  21.57955585  10.14624024  21.57955585
P1  27.29628877 -21.58058575 -4.42876466
P2  29.29835897 -17.86612618  0.71633641
P2  29.29850070 -16.43678468 -0.71309958
P2  29.29892589 -12.15063103  6.43408235
P2  29.29887864 -10.72124701  5.00453771
P2  29.29892589 -6.43408235  12.15063103
P2  29.29887864 -5.00453771  10.72124701
P2  29.29835897 -0.71633641  17.86612618
P2  29.29850070  0.71309958  16.43678468
P1  27.29628877  4.42876466  21.58058575
P2 -12.14887358  5.00159919 -29.29920935
P2 -10.71940453  6.43108241 -29.29944556
P1 -15.86374323  10.14629032 -27.29662892
P1 -15.86234294  15.86234294 -21.57931964
P1 -15.86234294  21.57931964 -15.86234294
P1 -15.86374323  27.29662892 -10.14629032
P2 -12.14887358  29.29920935 -5.00159919
P2 -10.71940453  29.29944556 -6.43108241
P2 -6.43255640 -0.71565855 -29.29987075
P2 -5.00285113  0.71405144 -29.30005972
P2 -6.43255640  29.29987075  0.71565855
P2 -5.00285113  29.30005972 -0.71405144
P2 -0.71565855 -6.43255640 -29.29987075
P2  0.71405144 -5.00285113 -29.30005972
P2 -0.71565855  29.29987075  6.43255640
P2  0.71405144  29.30005972  5.00285113
P2  5.00159919 -12.14887358 -29.29920935
P2  6.43108241 -10.71940453 -29.29944556
P2  5.00159919  29.29920935  12.14887358
P2  6.43108241  29.29944556  10.71940453
P1  10.14629032 -15.86374323 -27.29662892
P1  10.14629032  27.29662892  15.86374323
P1  15.86234294 -15.86234294 -21.57931964
P1  15.86234294  21.57931964  15.86234294
P1  21.57931964 -15.86234294 -15.86234294
P1  21.57931964  15.86234294  15.86234294
P1  27.29662892 -15.86374323 -10.14629032
P2  29.29920935 -12.14887358 -5.00159919
P2  29.29944556 -10.71940453 -6.43108241
P2  29.29987075 -6.43255640  0.71565855
P2  29.30005972 -5.00285113 -0.71405144
P2  29.29987075 -0.71565855  6.43255640
P2  29.30005972  0.71405144  5.00285113
P2  29.29920935  5.00159919  12.14887358
P2  29.29944556  6.43108241  10.71940453
P1  27.29662892  10.14629032  15.86374323
P2 -6.43108241  10.71940453 -29.29944556
P2 -5.00159919  12.14887358 -29.29920935
P1 -10.14629032  15.86374323 -27.29662892
P1 -10.14624024  21.57955585 -21.57955585
P1 -10.14629032  27.29662892 -15.86374323
P2 -6.43108241  29.29944556 -10.71940453
P2 -5.00159919  29.29920935 -12.14887358
P2 -0.71405144  5.00285113 -29.30005972
P2  0.71565855  6.43255640 -29.29987075
P2 -0.71405144  29.30005972 -5.00285113
P2  0.71565855  29.29987075 -6.43255640
P2  5.00285113 -0.71405144 -29.30005972
P2  6.43255640  0.71565855 -29.29987075
P2  5.00285113  29.30005972  0.71405144
P2  6.43255640  29.29987075 -0.71565855
P2  10.71940453 -6.43108241 -29.29944556
P2  12.14887358 -5.00159919 -29.29920935
P2  10.71940453  29.29944556  6.43108241
P2  12.14887358  29.29920935  5.00159919
P1  15.86374323 -10.14629032 -27.29662892
P1  15.86374323  27.29662892  10.14629032
P1  21.57955585 -10.14624024 -21.57955585
P1  21.57955585  21.57955585  10.14624024
P1  27.29662892 -10.14629032 -15.86374323
P2  29.29944556 -6.43108241 -10.71940453
P2  29.29920935 -5.00159919 -12.14887358
P2  29.30005972 -0.71405144 -5.00285113
P2  29.29987075  0.71565855 -6.43255640
P2  29.30005972  5.00285113  0.71405144
P2  29.29987075  6.43255640 -0.71565855
P2  29.29944556  10.71940453  6.43108241
P2  29.29920935  12.14887358  5.00159919
P1  27.29662892  15.86374323  10.14629032
P2 -0.71309958  16.43678468 -29.29850070
P2  0.71633641  17.86612618 -29.29835897
P1 -4.42876466  21.58058575 -27.29628877
P2  0.85968568  23.72530192 -23.72530192
P1 -4.42876466  27.29628877 -21.58058575
P2 -0.71309958  29.29850070 -16.43678468
P2  0.71633641  29.29835897 -17.86612618
P2  5.00453771  10.72124701 -29.29887864
P2  6.43408235  12.15063103 -29.29892589
P2  5.00453771  29.29887864 -10.72124701
P2  6.43408235  29.29892589 -12.15063103
P2  10.72124701  5.00453771 -29.29887864
P2  12.15063103  6.43408235 -29.29892589
P2  10.72124701  29.29887864 -5.00453771
P2  12.15063103  29.29892589 -6.43408235
P2  16.43678468 -0.71309958 -29.29850070
P2  17.86612618  0.71633641 -29.29835897
P2  16.43678468  29.29850070  0.71309958
P2  17.86612618  29.29835897 -0.71633641
P1  21.58058575 -4.42876466 -27.29628877
P2  23.72530192  0.85968568 -23.72530192
P2  23.72530192  23.72530192 -0.85968568
P1  21.58058575  27.29628877  4.42876466
P1  27.29628877 -4.42876466 -21.58058575
P2  29.29850070 -0.71309958 -16.43678468
P2  29.29835897  0.71633641 -17.86612618
P2  29.29887864  5.00453771 -10.72124701
P2  29.29892589  6.43408235 -12.15063103
P2  29.29887864  10.72124701 -5.00453771
P2  29.29892589  12.15063103 -6.43408235
P2  29.29850070  16.43678468  0.71309958
P2  29.29835897  17.86612618 -0.71633641
P1  27.29628877  21.58058575  4.42876466
P1  7.00550620  21.58230540 -27.29778166
P1  10.14967293  18.43856481 -27.29736592
P2  12.29301716  23.72524522 -23.72524522
P1  7.00550620  27.29778166 -21.58230540
P1  10.14967293  27.29736592 -18.43856481
P1  12.72213046  15.86604775 -27.29736592
P1  15.86604775  12.72213046 -27.29736592
P2  18.00928898  18.00928898 -23.72537751
P2  18.00928898  23.72537751 -18.00928898
P1  12.72213046  27.29736592 -15.86604775
P1  15.86604775  27.29736592 -12.72213046
P1  18.43856481  10.14967293 -27.29736592
P1  21.58230540  7.00550620 -27.29778166
P2  23.72524522  12.29301716 -23.72524522
P2  23.72537751  18.00928898 -18.00928898
P2  23.72524522  23.72524522 -12.29301716
P1  18.43856481  27.29736592 -10.14967293
P1  21.58230540  27.29778166 -7.00550620
P1  27.29778166  7.00550620 -21.58230540
P1  27.29736592  10.14967293 -18.43856481
P1  27.29736592  12.72213046 -15.86604775
P1  27.29736592  15.86604775 -12.72213046
P1  27.29736592  18.43856481 -10.14967293
P1  27.29778166  21.58230540 -7.00550620
