0 -0.240736650650296 4.27533e-06
1 -0.240736650633053 4.06526e-06
2 -0.2407274846312 5.94432e-06
3 -0.240718172056731 4.95479e-06
4 -0.240647600591501 3.23111e-06
5 -0.240571285884756 8.67628e-06
6 -0.240571285873085 4.5118e-06
7 -0.240542597184901 3.56336e-06
8 -0.240536902557171 3.9621e-06
9 -0.240330921614988 2.68788e-06
10 -0.240330921596458 3.06214e-06
11 -0.240315856298109 2.78637e-06
12 -0.240315856176816 2.49705e-06
13 -0.240147353632305 2.60354e-06
14 -0.240142995537987 3.94417e-06
15 -0.240142995493394 2.84265e-06
16 -0.240109432290419 1.92505e-06
17 -0.240090701496035 2.01282e-06
18 -0.240046370930749 2.45322e-06
19 -0.240020542156568 2.00481e-06
20 -0.239845691336752 3.46436e-06
21 -0.239845691302366 1.86462e-06
22 -0.239789418549927 3.29385e-06
23 -0.239789418532495 1.22993e-06
24 -0.239764484005266 1.81738e-06
25 -0.239764483902708 1.83725e-06
26 -0.239661975034978 1.17211e-06
27 -0.239560047515179 1.39485e-06
28 -0.239560047501018 1.26428e-06
29 -0.239516105384065 1.45445e-06
30 -0.239515173222525 1.82065e-06
31 -0.239490560522312 1.58433e-06
32 -0.239413360658663 1.73953e-06
33 -0.239349868225365 1.6238e-06
34 -0.239269730032586 9.22436e-07
35 -0.239269730025902 1.49425e-06
36 -0.239228499232642 1.25502e-06
37 -0.239226557291584 1.10767e-06
38 -0.239143905413465 9.56783e-07
39 -0.239069125781732 1.49613e-06
40 -0.238951625553408 6.12506e-07
41 -0.238951625538115 1.09059e-06
42 -0.238797821497378 6.20734e-07
43 -0.238789738592928 8.61828e-07
44 -0.238628015110226 5.36209e-07
45 -0.238628015095376 5.62042e-07
46 -0.238454521779857 4.88208e-07
47 -0.238452041058149 6.11749e-07
48 -0.238154489218497 3.51646e-07
49 -0.238154489165746 3.67772e-07
50 -0.145589940485837 6.67151e-09
51 -0.141465617191408 1.10288e-08
52 -0.141465615321625 5.36467e-09
53 -0.137684099811859 1.44436e-08
54 -0.135313360745023 5.43171e-09
55 -0.135268052402706 1.05462e-08
56 -0.131963386324908 1.59062e-08
57 -0.131963385209243 4.09102e-09
58 -0.127526636430281 5.75986e-09
59 -0.127526636100547 9.55474e-09
60 -0.126869688002605 5.50247e-09
61 -0.124759859011338 4.29268e-09
62 -0.124611011347771 4.0346e-09
63 -0.120303534157397 5.59773e-09
64 -0.120303533435057 6.411e-09
65 -0.118576093111821 2.85317e-09
66 -0.118553449293858 7.72833e-09
67 -0.116198597090571 7.36247e-09
68 -0.116198597015071 1.20588e-08
69 -0.114569272317275 3.63628e-09
70 -0.112675170116129 5.69246e-09
71 -0.112387680077764 2.16675e-08
72 -0.108780133030081 5.70128e-09
73 -0.108780132785958 1.25192e-08
74 -0.107674822248185 1.30518e-08
75 -0.107674821579834 2.04646e-08
76 -0.106895539703146 2.22262e-08
77 -0.106800602822996 1.39329e-07
78 -0.103840952503 4.40343e-08
79 -0.103840952459044 3.52976e-08
80 -0.102816976903766 4.67479e-08
81 -0.10174782089806 1.0164e-07
82 -0.100073127270684 2.77995e-07
83 -0.100043536097337 3.93458e-07
84 -0.100043535846195 2.69644e-07
85 -0.0995962686164504 2.42641e-07
86 -0.0986197604405898 6.6734e-07
87 -0.0986079485316009 1.15748e-06
88 -0.0975320753994816 6.59001e-07
89 -0.0970647422739861 1.86815e-06
90 -0.0970647421983346 1.12245e-06
91 -0.0957810404342506 3.50713e-06
92 -0.0957522514156297 9.62842e-07
93 -0.0948989527869065 5.86106e-06
94 -0.0948989522738298 9.31277e-06
95 -0.0947353348471965 2.81774e-06
96 -0.0945541336776833 1.77419e-06
97 -0.0936421046210408 5.50775e-06
98 -0.0936421041506116 5.92142e-06
99 -0.091393989282946 4.16073e-05
