-18 8.15994106920197e-05
-17.3571428571429 9.00897935992112e-05
-16.7142857142857 0.000119443720352674
-16.0714285714286 0.000183080388893489
-15.4285714285714 0.000309031714721622
-14.7857142857143 0.0005500529441673
-14.1428571428571 0.00100160424780643
-13.5 0.00183491601462771
-12.8571428571429 0.00332260658002378
-12.2142857142857 0.00580738282742354
-11.5714285714286 0.00945996013491503
-10.9285714285714 0.013732757216066
-10.2857142857143 0.0168991978657817
-9.64285714285714 0.0189469850921582
-9 0.0240309642145359
-8.35714285714285 0.0292533077886249
-7.71428571428571 0.0267794586755541
-7.07142857142857 0.0227910874509021
-6.42857142857143 0.0284326087269597
-5.78571428571428 0.0383280532784348
-5.14285714285714 0.0446639932480285
-4.5 0.0478282201318653
-3.85714285714285 0.0609668090036324
-3.21428571428571 0.0842951639283303
-2.57142857142857 0.0895651936476152
-1.92857142857143 0.0690067424566745
-1.28571428571428 0.0530426508086756
-0.64285714285714 0.0559298249524914
3.10862446895044e-15 0.0599001747870342
0.642857142857146 0.0560599938214705
1.28571428571429 0.0533002340537111
1.92857142857143 0.0693416115722036
2.57142857142857 0.0898599408612204
3.21428571428572 0.0844833489073006
3.85714285714286 0.0610510989860384
4.5 0.0478782866090257
5.14285714285715 0.0447209458346984
5.78571428571429 0.0383756272403463
6.42857142857143 0.0284450727493208
7.07142857142857 0.022766643370553
7.71428571428572 0.02673074615427
8.35714285714286 0.0291979081081461
9 0.0239945051424129
9.64285714285715 0.0189343705521696
10.2857142857143 0.0168889767401996
10.9285714285714 0.013719960826128
11.5714285714286 0.00945153776736667
12.2142857142857 0.00580313771384031
12.8571428571429 0.00331974839622166
13.5 0.00183225271361613
14.1428571428571 0.000999206707902158
14.7857142857143 0.000548222870702092
15.4285714285714 0.000307834900923679
16.0714285714286 0.000182380775049237
16.7142857142857 0.000119071397108011
17.3571428571429 8.99297330229276e-05
