-18 7.668504938282e-05
-17.3571428571429 8.33662780912679e-05
-16.7142857142857 0.000109644519514096
-16.0714285714286 0.00016780361653119
-15.4285714285714 0.000283707481577112
-14.7857142857143 0.00050583157445813
-14.1428571428571 0.000922030997296752
-13.5 0.00169333591725766
-12.8571428571429 0.0030863349091887
-12.2142857142857 0.0054585365692832
-11.5714285714286 0.00903756426167771
-10.9285714285714 0.013355934490804
-10.2857142857143 0.0166620942790886
-9.64285714285714 0.0186763328859047
-9 0.0234772075212021
-8.35714285714285 0.0285415656103798
-7.71428571428571 0.0260014902049685
-7.07142857142857 0.021694832503694
-6.42857142857143 0.0269795684787022
-5.78571428571428 0.0369291815707556
-5.14285714285714 0.0439603218775629
-4.5 0.0481940500515422
-3.85714285714285 0.0618233641959492
-3.21428571428571 0.084792846427601
-2.57142857142857 0.0898418808147396
-1.92857142857143 0.0691839927825467
-1.28571428571428 0.052620990866103
-0.64285714285714 0.0548632784947806
3.10862446895044e-15 0.0586715670789366
0.642857142857146 0.0553333494552702
1.28571428571429 0.0534916839769174
1.92857142857143 0.069998696720774
2.57142857142857 0.0903019248840831
3.21428571428572 0.0849089830339814
3.85714285714286 0.0616123647985033
4.5 0.0483183417782388
5.14285714285715 0.0450152108361471
5.78571428571429 0.0386040353064248
6.42857142857143 0.0287287621003351
7.07142857142857 0.0232721492038127
7.71428571428572 0.0274543179658936
8.35714285714286 0.0299700825917289
9 0.0248794291268498
9.64285714285715 0.0198841092386228
10.2857142857143 0.0177587802468048
10.9285714285714 0.01444948220439
11.5714285714286 0.00999264580826481
12.2142857142857 0.0061492494784592
12.8571428571429 0.00351176785510268
13.5 0.00192589567342656
14.1428571428571 0.00103942502602284
14.7857142857143 0.000563036163825703
15.4285714285714 0.000311776526185602
16.0714285714286 0.000181876662717436
16.7142857142857 0.000116592278645096
17.3571428571429 8.62453046060259e-05
