-18 9.45118760576271e-05
-17.3571428571429 0.000104569393593282
-16.7142857142857 0.000139676649023732
-16.0714285714286 0.00021632735955026
-15.4285714285714 0.000368952448877134
-14.7857142857143 0.000662450031064636
-14.1428571428571 0.00121540537859229
-13.5 0.00224485369286538
-12.8571428571429 0.00410357391584493
-12.2142857142857 0.00723471594336592
-11.5714285714286 0.0118188407607242
-10.9285714285714 0.0169706379050911
-10.2857142857143 0.0201078390109503
-9.64285714285714 0.0211505639483686
-9 0.0269599181568463
-8.35714285714285 0.0351742967985872
-7.71428571428571 0.0330399044824053
-7.07142857142857 0.0251926224634386
-6.42857142857143 0.0275538854405278
-5.78571428571428 0.0362731658919374
-5.14285714285714 0.0426002436746907
-4.5 0.0457711280654348
-3.85714285714285 0.0577691476309763
-3.21428571428571 0.0798070120626151
-2.57142857142857 0.0860705803163429
-1.92857142857143 0.067183638548759
-1.28571428571428 0.0502816908615943
-0.64285714285714 0.0508472836470193
3.10862446895044e-15 0.0537351566431988
0.642857142857146 0.0508472842541093
1.28571428571429 0.0502816921481602
1.92857142857143 0.0671836408079144
2.57142857142857 0.0860705833357487
3.21428571428572 0.0798070150497713
3.85714285714286 0.0577691498323203
4.5 0.0457711298558205
5.14285714285715 0.0426002455396608
5.78571428571429 0.0362731677983308
6.42857142857143 0.0275538871651657
7.07142857142857 0.0251926242288064
7.71428571428572 0.0330399067382825
8.35714285714286 0.035174299092609
9 0.0269599199559357
9.64285714285715 0.0211505653631769
10.2857142857143 0.0201078404964572
10.9285714285714 0.0169706394349399
11.5714285714286 0.0118188421356285
12.2142857142857 0.00723471702932041
12.8571428571429 0.00410357475912093
13.5 0.00224485433085849
14.1428571428571 0.0012154058889838
14.7857142857143 0.00066245043992797
15.4285714285714 0.000368952785518169
16.0714285714286 0.00021632764370072
16.7142857142857 0.00013967688311599
17.3571428571429 0.000104569563830463
