-18 2.57763725319019e-08
-17.3571428571429 4.90729590564071e-08
-16.7142857142857 1.58014157475957e-07
-16.0714285714286 5.83912749792245e-07
-15.4285714285714 2.21639797294956e-06
-14.7857142857143 8.48114693689492e-06
-14.1428571428571 3.21172714779894e-05
-13.5 0.00012102220447905
-12.8571428571429 0.000454365430538935
-12.2142857142857 0.00168750563272071
-11.5714285714286 0.00605515169284204
-10.9285714285714 0.0202214425805622
-10.2857142857143 0.0587040932792601
-9.64285714285714 0.130744049873491
-9 0.196494601790348
-8.35714285714285 0.192280891511455
-7.71428571428571 0.123113586079303
-7.07142857142857 0.0534573729922629
-6.42857142857143 0.0172034533949818
-5.78571428571428 0.00480727194800093
-5.14285714285714 0.00531226164467251
-4.5 0.0176239901213498
-3.85714285714285 0.042477722604004
-3.21428571428571 0.0653281848744946
-2.57142857142857 0.0644610662220884
-1.92857142857143 0.0414692193034417
-1.28571428571428 0.0178851733728519
-0.64285714285714 0.00551528946304085
3.10862446895044e-15 0.00175837731078402
0.642857142857146 0.00380028457683425
1.28571428571429 0.01307731027943
1.92857142857143 0.0309258527677866
2.57142857142857 0.0470617687018898
3.21428571428572 0.0457454190427664
3.85714285714286 0.0285451675333451
4.5 0.0115624262196547
5.14285714285715 0.00327001190376617
5.78571428571429 0.00192219239126875
6.42857142857143 0.00678311571750084
7.07142857142857 0.0217884415594045
7.71428571428572 0.0495800476093984
8.35714285714286 0.0745271344195161
9 0.0726500215258987
9.64285714285715 0.0464956671552542
10.2857142857143 0.020492630333529
10.9285714285714 0.00709254630105821
11.5714285714286 0.00216700449765285
12.2142857142857 0.000617294722584199
12.8571428571429 0.000168769823998573
13.5 4.54842894061972e-05
14.1428571428571 1.23558633504267e-05
14.7857142857143 3.44669109224441e-06
15.4285714285714 9.95725100429106e-07
16.0714285714286 3.03552937698053e-07
16.7142857142857 9.91817850920939e-08
17.3571428571429 3.82497527040416e-08
