-18 1.30127750370625e-08
-17.3571428571429 1.83714306460105e-08
-16.7142857142857 5.85053221765232e-08
-16.0714285714286 2.07735019390764e-07
-15.4285714285714 7.54746590454371e-07
-14.7857142857143 2.81641887613012e-06
-14.1428571428571 1.06483539883138e-05
-13.5 4.06510442340331e-05
-12.8571428571429 0.000154651510730842
-12.2142857142857 0.000576198897622809
-11.5714285714286 0.00205315966301183
-10.9285714285714 0.00680060982177437
-10.2857142857143 0.0198037454751209
-9.64285714285714 0.0450599261428542
-9 0.0703097129040783
-8.35714285714285 0.0719055976697079
-7.71428571428571 0.0477680571583835
-7.07142857142857 0.0211149862923809
-6.42857142857143 0.00675655401013393
-5.78571428571428 0.00197972509979515
-5.14285714285714 0.00281251267706727
-4.5 0.00952946768467606
-3.85714285714285 0.023432000371803
-3.21428571428571 0.0374774856980167
-2.57142857142857 0.0384863199217414
-1.92857142857143 0.0252825667901624
-1.28571428571428 0.0107484405889621
-0.64285714285714 0.00324182369705468
3.10862446895044e-15 0.00169523924656206
0.642857142857146 0.00506211637996046
1.28571428571429 0.0158934622131538
1.92857142857143 0.0364445038024816
2.57142857142857 0.0563602497094004
3.21428571428572 0.0569475025769659
3.85714285714286 0.0369716391617638
4.5 0.0154145221881111
5.14285714285715 0.0050486387169548
5.78571428571429 0.00566517045558642
6.42857142857143 0.0195303110137915
7.07142857142857 0.0591185530657835
7.71428571428572 0.135006772860567
8.35714285714286 0.210151653600979
9 0.214269543071461
9.64285714285715 0.142224976844638
10.2857142857143 0.063642685590295
10.9285714285714 0.0218182374142915
11.5714285714286 0.00649342289344726
12.2142857142857 0.00179658913379297
12.8571428571429 0.000479759521281254
13.5 0.000126554789741601
14.1428571428571 3.31803405241315e-05
14.7857142857143 8.62135649206039e-06
15.4285714285714 2.20154241132839e-06
16.0714285714286 5.59680266388665e-07
16.7142857142857 1.41286232378897e-07
17.3571428571429 3.68353135810226e-08
