-18 1.19479525812134e-08
-17.3571428571429 8.71213187060998e-09
-16.7142857142857 2.00035513430348e-08
-16.0714285714286 6.567742573203e-08
-15.4285714285714 2.29250827518931e-07
-14.7857142857143 8.28351794283983e-07
-14.1428571428571 3.04029847142892e-06
-13.5 1.13098229680819e-05
-12.8571428571429 4.22227059995354e-05
-12.2142857142857 0.000155920370420439
-11.5714285714286 0.000555744063270393
-10.9285714285714 0.00184911949930051
-10.2857142857143 0.00539355477383534
-9.64285714285714 0.0122118358928949
-9 0.018886801557442
-8.35714285714285 0.0191884178394664
-7.71428571428571 0.0128029792265
-7.07142857142857 0.0058380306305271
-6.42857142857143 0.00206689908400921
-5.78571428571428 0.00071065640120438
-5.14285714285714 0.000576094939999686
-4.5 0.00134814738825386
-3.85714285714285 0.00299746662918893
-3.21428571428571 0.00458354485562073
-2.57142857142857 0.00461888615611561
-1.92857142857143 0.00305876831579299
-1.28571428571428 0.00139600563390485
-0.64285714285714 0.0006584830101227
3.10862446895044e-15 0.000940011003376266
0.642857142857146 0.00263134091229497
1.28571428571429 0.00695190310139053
1.92857142857143 0.0143137386941342
2.57142857142857 0.020409302437384
3.21428571428572 0.0194790063999228
3.85714285714286 0.0125234557314867
4.5 0.00618696826965147
5.14285714285715 0.00519427392383267
5.78571428571429 0.012605754578042
6.42857142857143 0.0384144699554196
7.07142857142857 0.105886163600509
7.71428571428572 0.227923243923107
8.35714285714286 0.334237131220633
9 0.320119674445883
9.64285714285715 0.201182221436281
10.2857142857143 0.0866550034375464
10.9285714285714 0.0291454684909075
11.5714285714286 0.00861620884723468
12.2142857142857 0.00236289565684046
12.8571428571429 0.000615849216251433
13.5 0.000155372025079938
14.1428571428571 3.84638245040184e-05
14.7857142857143 9.45899887182559e-06
15.4285714285714 2.31957684041839e-06
16.0714285714286 5.77995637694841e-07
16.7142857142857 1.45881218784589e-07
17.3571428571429 3.89322791146806e-08
