-18 9.47868960443236e-09
-17.3571428571429 2.34337051669818e-08
-16.7142857142857 9.31023150883658e-08
-16.0714285714286 3.70621507809051e-07
-15.4285714285714 1.45110797918464e-06
-14.7857142857143 5.66648204447515e-06
-14.1428571428571 2.1821204755064e-05
-13.5 8.34458313172978e-05
-12.8571428571429 0.000316959586913887
-12.2142857142857 0.0011868592470627
-11.5714285714286 0.00428242168812762
-10.9285714285714 0.0143679082259219
-10.2857142857143 0.0419570038899858
-9.64285714285714 0.0942684560947973
-9 0.143445518613665
-8.35714285714285 0.142551977757641
-7.71428571428571 0.0928769046279751
-7.07142857142857 0.0412610223837442
-6.42857142857143 0.013979653178275
-5.78571428571428 0.00450518780422638
-5.14285714285714 0.0044951493422347
-4.5 0.0125980380191257
-3.85714285714285 0.0290335725612774
-3.21428571428571 0.0444348258037237
-2.57142857142857 0.0444900776114013
-1.92857142857143 0.0293254865287836
-1.28571428571428 0.0130265906976137
-0.64285714285714 0.00430111557430283
3.10862446895044e-15 0.0019202326159997
0.642857142857146 0.00430111765688668
1.28571428571429 0.0130265978598335
1.92857142857143 0.0293255030025033
2.57142857142857 0.0444901011633616
3.21428571428572 0.0444348456289699
3.85714285714286 0.0290335821119065
4.5 0.0125980403536691
5.14285714285715 0.00449514933700849
5.78571428571429 0.00450518788091443
6.42857142857143 0.0139796546189444
7.07142857142857 0.041261025650353
7.71428571428572 0.0928769086717133
8.35714285714286 0.142551981383007
9 0.143445522599467
9.64285714285715 0.0942684613468555
10.2857142857143 0.0419570082111453
10.9285714285714 0.014367910732024
11.5714285714286 0.00428242284510945
12.2142857142857 0.0011868597364414
12.8571428571429 0.000316959783072205
13.5 8.34458958273509e-05
14.1428571428571 2.18212220212393e-05
14.7857142857143 5.66648446878716e-06
15.4285714285714 1.45110697782293e-06
16.0714285714286 3.70621478738156e-07
16.7142857142857 9.31025479842955e-08
17.3571428571429 2.34339473602112e-08
