-19 5.09590598105546e-05
-18.3214285714286 5.58422020425638e-05
-17.6428571428571 7.42186302887275e-05
-16.9642857142857 0.000115040144405699
-16.2857142857143 0.000198145276531281
-15.6071428571429 0.000361556784960582
-14.9285714285714 0.000674923844749551
-14.25 0.00126640566984347
-13.5714285714286 0.00236812074950698
-12.8928571428571 0.00433201581961588
-12.2142857142857 0.00750123717254724
-11.5357142857143 0.0116987875389662
-10.8571428571429 0.015400187698396
-10.1785714285714 0.0172106566645798
-9.5 0.0210878936555061
-8.82142857142857 0.02672921435014
-8.14285714285714 0.0252100940499609
-7.46428571428571 0.0206100455749503
-6.78571428571428 0.026056284002075
-6.10714285714285 0.0366928634297497
-5.42857142857142 0.0439052460664465
-4.74999999999999 0.0464041548921864
-4.07142857142857 0.0566103245661946
-3.39285714285714 0.078955275730383
-2.71428571428571 0.0844812933629745
-2.03571428571428 0.063806814714717
-1.35714285714285 0.050234712709522
-0.678571428571423 0.0560384254934783
5.77315972805081e-15 0.0608678056521521
0.678571428571434 0.056334753575987
1.35714285714286 0.0520920891329574
2.03571428571429 0.0673199316390665
2.71428571428572 0.0859685131240533
3.39285714285715 0.0772295532787079
4.07142857142858 0.0544149911081938
4.75000000000001 0.0460877555887332
5.42857142857143 0.0447835034102748
6.10714285714286 0.037882892528621
6.78571428571429 0.0274050037177453
7.46428571428572 0.0226456736355007
8.14285714285715 0.0274041637036216
8.82142857142858 0.0278389493065895
9.50000000000001 0.021783654726266
10.1785714285714 0.0181424169938738
10.8571428571429 0.0163410748123177
11.5357142857143 0.0125179455073574
12.2142857142857 0.00814737706059187
12.8928571428572 0.00476161344855447
13.5714285714286 0.00261176997693631
14.25 0.00138823702210235
14.9285714285714 0.000731088516134019
15.6071428571429 0.000387002308758003
16.2857142857143 0.000210245717689363
16.9642857142857 0.000121114278617402
17.6428571428572 7.72469407247991e-05
18.3214285714286 5.7103959652232e-05
