-19 6.07261229147592e-05
-18.3214285714286 6.70514111864977e-05
-17.6428571428571 8.9068082003164e-05
-16.9642857142857 0.000137173025460394
-16.2857142857143 0.000234202921786001
-15.6071428571429 0.000424036132372276
-14.9285714285714 0.000787338550577404
-14.25 0.00147117252850415
-13.5714285714286 0.00273460094672822
-12.8928571428571 0.00495025765116911
-12.2142857142857 0.00843300531851053
-11.5357142857143 0.0128651423398745
-10.8571428571429 0.0164892897292042
-10.1785714285714 0.0178690627757107
-9.5 0.0218877488711229
-8.82142857142857 0.0289156218856324
-8.14285714285714 0.0282239186178182
-7.46428571428571 0.0226051879332323
-6.78571428571428 0.0270870414614735
-6.10714285714285 0.0374213984498242
-5.42857142857142 0.0441032733857564
-4.74999999999999 0.0452609146861527
-4.07142857142857 0.0537629537198603
-3.39285714285714 0.0763194288202019
-2.71428571428571 0.0839315114999059
-2.03571428571428 0.0645243613434793
-1.35714285714285 0.0503481776282711
-0.678571428571423 0.05564413614544
5.77315972805081e-15 0.0604468878244172
0.678571428571434 0.0556441523215572
1.35714285714286 0.0503482456549605
2.03571428571429 0.06452453033327
2.71428571428572 0.0839317164750346
3.39285714285715 0.0763195826584112
4.07142857142858 0.0537631057165814
4.75000000000001 0.0452611351381295
5.42857142857143 0.0441035281584536
6.10714285714286 0.0374216236796926
6.78571428571429 0.0270872055949592
7.46428571428572 0.0226053034519208
8.14285714285715 0.0282240428783431
8.82142857142858 0.0289157561683958
9.50000000000001 0.021887841880311
10.1785714285714 0.0178691256038211
10.8571428571429 0.016489359388909
11.5357142857143 0.0128652123075086
12.2142857142857 0.00843305840326537
12.8928571428572 0.0049502934724724
13.5714285714286 0.00273462413885526
14.25 0.00147118771715839
14.9285714285714 0.000787348487249904
15.6071428571429 0.000424042016954296
16.2857142857143 0.000234205711578462
16.9642857142857 0.000137173990092
17.6428571428572 8.90681242334512e-05
18.3214285714286 6.70512456090076e-05
