-19 5.25073751200357e-05
-18.3214285714286 5.92534760080083e-05
-17.6428571428571 8.27560878545978e-05
-16.9642857142857 0.00013582464179855
-16.2857142857143 0.000247281084744863
-15.6071428571429 0.000474281231708728
-14.9285714285714 0.000925818037234319
-14.25 0.00181188446430618
-13.5714285714286 0.00353068035006747
-12.8928571428571 0.00670989166616128
-12.2142857142857 0.0119457696477321
-11.5357142857143 0.0187192794381412
-10.8571428571429 0.023601503743425
-10.1785714285714 0.0227574027222776
-9.5 0.0244085028888663
-8.82142857142857 0.0350390697230296
-8.14285714285714 0.0377495362230756
-7.46428571428571 0.0272734642852309
-6.78571428571428 0.0256908806433192
-6.10714285714285 0.0336262764913131
-5.42857142857142 0.0409974890511922
-4.74999999999999 0.0437108821504868
-4.07142857142857 0.0507869507385638
-3.39285714285714 0.0688293377826452
-2.71428571428571 0.0767145640298031
-2.03571428571428 0.0615006682770831
-1.35714285714285 0.0465973109030657
-0.678571428571423 0.0473201066303091
5.77315972805081e-15 0.0497838727343713
0.678571428571434 0.0472315367470177
1.35714285714286 0.0472888638797298
2.03571428571429 0.0630884573411255
2.71428571428572 0.0770082213312192
3.39285714285715 0.0676774868329923
4.07142857142858 0.0498296174742341
4.75000000000001 0.0435790505047498
5.42857142857143 0.0408785057183371
6.10714285714286 0.0333894615183429
6.78571428571429 0.0258098339041683
7.46428571428572 0.0282879891982123
8.14285714285715 0.0384840268117709
8.82142857142858 0.0345834278043592
9.50000000000001 0.0242526025465755
10.1785714285714 0.0232210861855771
10.8571428571429 0.0237967770051642
11.5357142857143 0.0186249176009023
12.2142857142857 0.0118139559334774
12.8928571428572 0.00661620055833113
13.5714285714286 0.00347433219281066
14.25 0.00177898164303407
14.9285714285714 0.000906797487958594
15.6071428571429 0.000463709598240059
16.2857142857143 0.000241819357408765
16.9642857142857 0.00013317870791914
17.6428571428572 8.15435381249436e-05
18.3214285714286 5.87825855968122e-05
