-19 5.89780895854601e-05
-18.3214285714286 6.57730093688014e-05
-17.6428571428571 8.96978957733964e-05
-16.9642857142857 0.000143004433580444
-16.2857142857143 0.000252929429565718
-15.6071428571429 0.00047261846331234
-14.9285714285714 0.000901641359079916
-14.25 0.00172768581092091
-13.5714285714286 0.00329650085365919
-12.8928571428571 0.00613156904305218
-12.2142857142857 0.0106971802839149
-11.5357142857143 0.0165200338994744
-10.8571428571429 0.0208647534167738
-10.1785714285714 0.0210492233196174
-9.5 0.0241403878573257
-8.82142857142857 0.0337794023733041
-8.14285714285714 0.0348586399855494
-7.46428571428571 0.025533326867837
-6.78571428571428 0.0258748579493686
-6.10714285714285 0.0346615467760809
-5.42857142857142 0.0418138451894811
-4.74999999999999 0.0440046786776062
-4.07142857142857 0.0516957508072201
-3.39285714285714 0.0717696897827824
-2.71428571428571 0.0799814718334551
-2.03571428571428 0.0630930807885646
-1.35714285714285 0.0476245306827645
-0.678571428571423 0.0494362231778198
5.77315972805081e-15 0.0526651450743996
0.678571428571434 0.0494362231696796
1.35714285714286 0.0476245310247258
2.03571428571429 0.0630930813859355
2.71428571428572 0.079981471708456
3.39285714285715 0.0717696890435102
4.07142857142858 0.051695750216068
4.75000000000001 0.0440046784345534
5.42857142857143 0.041813845005236
6.10714285714286 0.0346615466587897
6.78571428571429 0.0258748581369187
7.46428571428572 0.0255333274393232
8.14285714285715 0.0348586402439491
8.82142857142858 0.0337794021868797
9.50000000000001 0.0241403880927371
10.1785714285714 0.0210492236970243
10.8571428571429 0.020864753455749
11.5357142857143 0.0165200337866055
12.2142857142857 0.0106971801645959
12.8928571428572 0.00613156892484883
13.5714285714286 0.00329650073344227
14.25 0.00172768569271424
14.9285714285714 0.00090164126279091
15.6071428571429 0.000472618390193447
16.2857142857143 0.000252929373720049
16.9642857142857 0.000143004376382943
17.6428571428572 8.96978367844161e-05
18.3214285714286 6.57729534603878e-05
