-19 1.09335404020335e-08
-18.3214285714286 1.69235497203904e-08
-17.6428571428571 4.60898906737392e-08
-16.9642857142857 1.47887998463296e-07
-16.2857142857143 5.15184830575184e-07
-15.6071428571429 1.896409105511e-06
-14.9285714285714 7.27065829863636e-06
-14.25 2.8534257181892e-05
-13.5714285714286 0.000113212413714989
-12.8928571428571 0.000444611364095752
-12.2142857142857 0.00168832353157855
-11.5357142857143 0.00602605552742433
-10.8571428571429 0.0193494677936538
-10.1785714285714 0.0500399030480465
-9.5 0.0888817684878967
-8.82142857142857 0.100219228368175
-8.14285714285714 0.0709488066191174
-7.46428571428571 0.0324774929229865
-6.78571428571428 0.0109572919392698
-6.10714285714285 0.0033641068202864
-5.42857142857142 0.0027235605040633
-4.74999999999999 0.00762581975422106
-4.07142857142857 0.0191968368743289
-3.39285714285714 0.0317507360390568
-2.71428571428571 0.0328973824931477
-2.03571428571428 0.0212025900023045
-1.35714285714285 0.00870043075418647
-0.678571428571423 0.00259794845721954
5.77315972805081e-15 0.00153653442195627
0.678571428571434 0.00461354125569018
1.35714285714286 0.0141894528755874
2.03571428571429 0.0319810417539494
2.71428571428572 0.04786705821993
3.39285714285715 0.0459329112055529
4.07142857142858 0.0276964372539998
4.75000000000001 0.0107195659931697
5.42857142857143 0.00374731821421702
6.10714285714286 0.0058868047057713
6.78571428571429 0.0207736565890626
7.46428571428572 0.0623255498457918
8.14285714285715 0.13804521554653
8.82142857142858 0.199962270802355
9.50000000000001 0.182983764704944
10.1785714285714 0.105450416699044
10.8571428571429 0.041221033041202
11.5357142857143 0.0127732544881582
12.2142857142857 0.00351712830647892
12.8928571428572 0.000910300784801175
13.5714285714286 0.000229824372970182
14.25 5.77461981572201e-05
14.9285714285714 1.45174589498954e-05
15.6071428571429 3.62876177869276e-06
16.2857142857143 9.09859323913802e-07
16.9642857142857 2.32377215225717e-07
17.6428571428572 6.29673569932031e-08
18.3214285714286 1.97632068616567e-08
