-34 0.00119533079221573
-33.2916666666667 0.00141913601323349
-32.5833333333333 0.00200598985778806
-31.875 0.00311157349871822
-31.1666666666667 0.00477724075577824
-30.4583333333333 0.00620821873063165
-29.75 0.00632742666366581
-29.0416666666667 0.00818533949115899
-28.3333333333333 0.0113942817912646
-27.625 0.0106530369679848
-26.9166666666667 0.00947328604471558
-26.2083333333333 0.0109647664269408
-25.5 0.0123615408008821
-24.7916666666667 0.0128098565417402
-24.0833333333333 0.0154980024345328
-23.375 0.0213934256023866
-22.6666666666667 0.0226909194994059
-21.9583333333333 0.0172685374216081
-21.25 0.0133707882022613
-20.5416666666667 0.0133707769893408
-19.8333333333333 0.0133083294653565
-19.125 0.0132066458609533
-18.4166666666667 0.016550471590257
-17.7083333333333 0.0213423978377786
-17 0.0205708878887639
-16.2916666666667 0.015815132808754
-15.5833333333333 0.0128549028300439
-14.875 0.0121994799374641
-14.1666666666667 0.0118287187060954
-13.4583333333333 0.0121640357685741
-12.75 0.0142462974444392
-12.0416666666667 0.0165513838883496
-11.3333333333333 0.017367628497889
-10.625 0.0164152768298174
-9.91666666666666 0.0138547803973492
-9.20833333333333 0.0135393085577664
-8.49999999999999 0.0151589685706284
-7.79166666666666 0.0167617537323095
-7.08333333333333 0.0183720005787455
-6.37499999999999 0.0233188256128767
-5.66666666666666 0.0288308480056362
-4.95833333333333 0.0270735578707633
-4.24999999999999 0.0206522668190266
-3.54166666666666 0.0198638586893699
-2.83333333333333 0.0218677379127055
-2.12499999999999 0.0227683023782899
-1.41666666666666 0.0253087853745593
-0.708333333333325 0.0345962670761341
8.43769498715119e-15 0.040195387480724
0.708333333333342 0.0338043464440376
1.41666666666668 0.0248219829936418
2.12500000000001 0.0221842168365645
2.83333333333334 0.0207145428227806
3.54166666666668 0.0184288759195375
4.25000000000001 0.0191625994913913
4.95833333333334 0.0248382173250684
5.66666666666668 0.0259166452225401
6.37500000000001 0.021243062026541
7.08333333333334 0.0172667318030955
7.79166666666668 0.0157141747367056
8.50000000000001 0.014250959128168
9.20833333333334 0.0129418913506534
9.91666666666667 0.0131169963462475
10.625 0.0154156155776627
11.3333333333333 0.0171820957795326
12.0416666666667 0.0168589934084915
12.75 0.0141085112881856
13.4583333333333 0.0120185001375056
14.1666666666667 0.0119160572573929
14.875 0.0120826499187683
15.5833333333333 0.0122991206834966
16.2916666666667 0.0153765072209536
17 0.0202527004332517
17.7083333333333 0.0202177884333053
18.4166666666667 0.0151604484001893
19.125 0.0123036122177726
19.8333333333333 0.0122389297185167
20.5416666666667 0.0117310804867705
21.25 0.0112558330102052
21.9583333333333 0.0143878915590642
22.6666666666667 0.0185130309055715
23.375 0.017012175473473
24.0833333333333 0.0124480351630926
24.7916666666667 0.0105393261528502
25.5 0.00994674085046727
26.2083333333333 0.0084406355687571
26.9166666666667 0.00683007107811
27.625 0.0072769977124822
28.3333333333333 0.00768571919113998
29.0416666666667 0.00543589299445347
29.75 0.00427211639940123
30.4583333333333 0.00437660650414928
31.1666666666667 0.0034738606195698
31.875 0.00235660893268155
32.5833333333333 0.00162073809289802
33.2916666666667 0.0012608593275448
