-34 0.00140558896413836
-33.2916666666667 0.00161051106943763
-32.5833333333333 0.00227539500521745
-31.875 0.00352347783468579
-31.1666666666667 0.00533445593247673
-30.4583333333333 0.00689163120967662
-29.75 0.00751782133579767
-29.0416666666667 0.0100604924874787
-28.3333333333333 0.0128341574560221
-27.625 0.0114134632401832
-26.9166666666667 0.0102247190215044
-26.2083333333333 0.0113773324633035
-25.5 0.011958042287291
-24.7916666666667 0.0120612394917579
-24.0833333333333 0.0150370359405775
-23.375 0.0197609185186002
-22.6666666666667 0.0194779861441303
-21.9583333333333 0.0146899090091611
-21.25 0.0119762267060285
-20.5416666666667 0.011976415117219
-19.8333333333333 0.0118693049462158
-19.125 0.0118738699637715
-18.4166666666667 0.0140126575827657
-17.7083333333333 0.0172008432944613
-17 0.0175645447061725
-16.2916666666667 0.0146692351334807
-15.5833333333333 0.011778715262437
-14.875 0.0112758590969869
-14.1666666666667 0.011653764998375
-13.4583333333333 0.0125331936571325
-12.75 0.0151804711139347
-12.0416666666667 0.0191214356357352
-11.3333333333333 0.0203727789973858
-10.625 0.0176490603697728
-9.91666666666666 0.0142848941934633
-9.20833333333333 0.0137979958398168
-8.49999999999999 0.0145394200788538
-7.79166666666666 0.0155393635215735
-7.08333333333333 0.0176656049077117
-6.37499999999999 0.0218713981720046
-5.66666666666666 0.0246235655417387
-4.95833333333333 0.0225368797398638
-4.24999999999999 0.0181987841187876
-3.54166666666666 0.0177998169404901
-2.83333333333333 0.0193811095899459
-2.12499999999999 0.0205918512278971
-1.41666666666666 0.0233545274415023
-0.708333333333325 0.0314785313269768
8.43769498715119e-15 0.0369175205045356
0.708333333333342 0.0321301895334113
1.41666666666668 0.0240132674542288
2.12500000000001 0.0215902985811127
2.83333333333334 0.0209182306029066
3.54166666666668 0.0193920349930323
4.25000000000001 0.0198582433864803
4.95833333333334 0.0254067866546096
5.66666666666668 0.028142262009218
6.37500000000001 0.0240864604442131
7.08333333333334 0.0189273516435629
7.79166666666668 0.0170266363509731
8.50000000000001 0.0159743609514078
9.20833333333334 0.0147638139342001
9.91666666666667 0.014832722186599
10.625 0.0179917753099311
11.3333333333333 0.0204486671695461
12.0416666666667 0.019036301266072
12.75 0.0152978058140195
13.4583333333333 0.0128460462643341
14.1666666666667 0.0119289260226465
14.875 0.0113580901779884
15.5833333333333 0.0115898084232437
16.2916666666667 0.0143612448764003
17 0.0172621425863413
17.7083333333333 0.0166726119941594
18.4166666666667 0.0133705460540241
19.125 0.0112217100464416
19.8333333333333 0.0109962825599837
20.5416666666667 0.0109207956338002
21.25 0.0109119613547456
21.9583333333333 0.0132337133232456
22.6666666666667 0.017063698534437
23.375 0.0171815457913059
24.0833333333333 0.0132004530276843
24.7916666666667 0.0106389393515538
25.5 0.0106644064742674
26.2083333333333 0.010530357908229
26.9166666666667 0.0101472150650507
27.625 0.0120080525391515
28.3333333333333 0.013814172898274
29.0416666666667 0.0111803839202262
29.75 0.00821676138405231
30.4583333333333 0.00707218313830618
31.1666666666667 0.00536079762007495
31.875 0.00353305451304518
32.5833333333333 0.00228303458337017
33.2916666666667 0.00161474439197524
