-34 5.38003345869366e-07
-33.2916666666667 1.64468638191475e-06
-32.5833333333333 5.54785191828685e-06
-31.875 1.73050703589233e-05
-31.1666666666667 4.96454759728945e-05
-30.4583333333333 0.000116740634590577
-29.75 0.000167993579588834
-29.0416666666667 0.000144924299030472
-28.3333333333333 0.000179559322341338
-27.625 0.000264619932079223
-26.9166666666667 0.00044111073715678
-26.2083333333333 0.00107533199921484
-25.5 0.00270610683625919
-24.7916666666667 0.00601505041281168
-24.0833333333333 0.0101977324320553
-23.375 0.0124773268161562
-22.6666666666667 0.0127195279977695
-21.9583333333333 0.0102956441401972
-21.25 0.00552156899852605
-20.5416666666667 0.00279504512481677
-19.8333333333333 0.00428915178473071
-19.125 0.01123792964788
-18.4166666666667 0.023275736954393
-17.7083333333333 0.0331430750981762
-17 0.0343368798306162
-16.2916666666667 0.0261572435363069
-15.5833333333333 0.0134227892564548
-14.875 0.00512280636318159
-14.1666666666667 0.00384683968310659
-13.4583333333333 0.010174808343672
-12.75 0.025864088112317
-12.0416666666667 0.0442788302504137
-11.3333333333333 0.0495817389792519
-10.625 0.0366315034515022
-9.91666666666666 0.0177039107567595
-9.20833333333333 0.00658177976618445
-8.49999999999999 0.00500469280169262
-7.79166666666666 0.0117416264604158
-7.08333333333333 0.0250487712830172
-6.37499999999999 0.0354224466382474
-5.66666666666666 0.0380810147289892
-4.95833333333333 0.0345583545372471
-4.24999999999999 0.0222711631490911
-3.54166666666666 0.0102966432458714
-2.83333333333333 0.00755044707001595
-2.12499999999999 0.0148364698911195
-1.41666666666666 0.0271790779637063
-0.708333333333325 0.0284885307357942
8.43769498715119e-15 0.0232302396971712
0.708333333333342 0.0285900693097838
1.41666666666668 0.0271371789715113
2.12500000000001 0.0150210258593694
2.83333333333334 0.00893940537339793
3.54166666666668 0.0140430198279517
4.25000000000001 0.0275366811490854
4.95833333333334 0.0346861642331229
5.66666666666668 0.0315663976541694
6.37500000000001 0.033483583830272
7.08333333333334 0.0299679573070415
7.79166666666668 0.016218174210905
8.50000000000001 0.00757631419557866
9.20833333333334 0.00932857309637908
9.91666666666667 0.0219984848922051
10.625 0.0398489844641633
11.3333333333333 0.0495411277073976
12.0416666666667 0.0461392810094424
12.75 0.031050352730698
13.4583333333333 0.0141063181709403
14.1666666666667 0.00528556170692741
14.875 0.00499024367556176
15.5833333333333 0.0130861213777767
16.2916666666667 0.028378257862169
17 0.0406552982327053
17.7083333333333 0.0394853348710419
18.4166666666667 0.0259522604238796
19.125 0.0116593773302031
19.8333333333333 0.00413730997459814
20.5416666666667 0.00227443412871051
21.25 0.00427946541347411
21.9583333333333 0.00848360723543076
22.6666666666667 0.0114253630074051
23.375 0.0117345862914068
24.0833333333333 0.00927342242790654
24.7916666666667 0.0051832926548657
25.5 0.00224012685283265
26.2083333333333 0.000863498775111677
26.9166666666667 0.000333305960167875
27.625 0.000179614396804677
28.3333333333333 0.00013862472119252
29.0416666666667 0.000136756573679108
29.75 0.000134165137264185
30.4583333333333 7.95981360013615e-05
31.1666666666667 3.07873298042661e-05
31.875 9.92689425421919e-06
32.5833333333333 2.90814011110725e-06
33.2916666666667 8.07989763017455e-07
