-34 8.70842080554013e-07
-33.2916666666667 1.39234218910712e-06
-32.5833333333333 3.49526789194472e-06
-31.875 1.02280693300144e-05
-31.1666666666667 3.04341707309219e-05
-30.4583333333333 8.05758572489709e-05
-29.75 0.000150870319107759
-29.0416666666667 0.000183711467497863
-28.3333333333333 0.000197393560996167
-27.625 0.000273510111856916
-26.9166666666667 0.000599044367502921
-26.2083333333333 0.00165222922977704
-25.5 0.00452253266143329
-24.7916666666667 0.0112702176201282
-24.0833333333333 0.0221933406514981
-23.375 0.0306755242228766
-22.6666666666667 0.0300903585947919
-21.9583333333333 0.0208685281090514
-21.25 0.00998704662004925
-20.5416666666667 0.0051166171989585
-19.8333333333333 0.00818445397772324
-19.125 0.020432591324797
-18.4166666666667 0.038875616422921
-17.7083333333333 0.0493664015623728
-17 0.0486051905080704
-16.2916666666667 0.039981966665148
-15.5833333333333 0.0234355297401628
-14.875 0.0104787129396446
-14.1666666666667 0.00736671749611999
-13.4583333333333 0.0136338039202985
-12.75 0.0257160019847874
-12.0416666666667 0.0329049678311544
-11.3333333333333 0.0339598646214645
-10.625 0.0314011078144562
-9.91666666666666 0.0207057690048589
-9.20833333333333 0.00985708826959532
-8.49999999999999 0.00635368249479166
-7.79166666666666 0.0109214442976155
-7.08333333333333 0.022250253790265
-6.37499999999999 0.0324120982873004
-5.66666666666666 0.0352181941161545
-4.95833333333333 0.030543863111996
-4.24999999999999 0.0188742100280804
-3.54166666666666 0.00858384147113565
-2.83333333333333 0.00513799743625915
-2.12499999999999 0.00829124721781091
-1.41666666666666 0.0165354807440602
-0.708333333333325 0.0233784641564281
8.43769498715119e-15 0.0249752429934587
0.708333333333342 0.0233349658868412
1.41666666666668 0.0159845759079567
2.12500000000001 0.00739514629123939
2.83333333333334 0.00434489332683746
3.54166666666668 0.00827884951674918
4.25000000000001 0.0195891570698634
4.95833333333334 0.0326689608121437
5.66666666666668 0.0378522829335843
6.37500000000001 0.0340117387631457
7.08333333333334 0.022585412984503
7.79166666666668 0.0107070751880216
8.50000000000001 0.00604320120327729
9.20833333333334 0.00968784926688692
9.91666666666667 0.0208370592433036
10.625 0.0315974923243085
11.3333333333333 0.0341411460425965
12.0416666666667 0.0335927148763331
12.75 0.0266884311398126
13.4583333333333 0.0143697212467772
14.1666666666667 0.00812524644120065
14.875 0.0112264770587397
15.5833333333333 0.020687785296232
16.2916666666667 0.0222879141319736
17 0.0111252626910192
17.7083333333333 0.0142203682043514
18.4166666666667 0.0244721171388424
19.125 0.0186370500328379
19.8333333333333 0.00889765088806034
20.5416666666667 0.00502809626341941
21.25 0.00729615767940577
21.9583333333333 0.0127644078357303
22.6666666666667 0.0157846890382453
23.375 0.0156344203125858
24.0833333333333 0.0127226398103142
24.7916666666667 0.00731771037874757
25.5 0.00316639841049399
26.2083333333333 0.0012023501494776
26.9166666666667 0.000440046667576344
27.625 0.000203019105592451
28.3333333333333 0.000151522466383495
29.0416666666667 0.000145046492119459
29.75 0.000123116024250191
30.4583333333333 6.69349355611106e-05
31.1666666666667 2.53073189369771e-05
31.875 8.46249466164667e-06
32.5833333333333 2.90110875932034e-06
33.2916666666667 1.20796873070868e-06
