-34 1.40857297260081e-07
-33.2916666666667 2.77879980202883e-07
-32.5833333333333 1.46467987073619e-06
-31.875 5.69616012958543e-06
-31.1666666666667 1.96359488218485e-05
-30.4583333333333 5.93371414020425e-05
-29.75 0.000132450578456956
-29.0416666666667 0.00018824298648329
-28.3333333333333 0.000190566896724435
-27.625 0.000229077083994213
-26.9166666666667 0.000493970455266219
-26.2083333333333 0.00130692235477758
-25.5 0.0033181517879156
-24.7916666666667 0.00751276047397675
-24.0833333333333 0.0132111123821129
-23.375 0.0168843622694754
-22.6666666666667 0.0172764751914972
-21.9583333333333 0.0135094367345811
-21.25 0.00713989535385035
-20.5416666666667 0.00394049884574995
-19.8333333333333 0.00627455742952934
-19.125 0.0142400210616641
-18.4166666666667 0.022704667958468
-17.7083333333333 0.022560207897993
-17 0.022361650265813
-16.2916666666667 0.0243096727103731
-15.5833333333333 0.0170522493350099
-14.875 0.00818669673952235
-14.1666666666667 0.00637265058246302
-13.4583333333333 0.0129326251218973
-12.75 0.0252221159163241
-12.0416666666667 0.0333031094064346
-11.3333333333333 0.0348898336417003
-10.625 0.0314433135682292
-9.91666666666666 0.0198941281141961
-9.20833333333333 0.00903533430504067
-8.49999999999999 0.00591292112103299
-7.79166666666666 0.0113909897266929
-7.08333333333333 0.0254735707184208
-6.37499999999999 0.0409955121471559
-5.66666666666666 0.0471335014250302
-4.95833333333333 0.0393083566336201
-4.24999999999999 0.0220872464517641
-3.54166666666666 0.00929206006077386
-2.83333333333333 0.00690142566423646
-2.12499999999999 0.0143626826960431
-1.41666666666666 0.0279955198073524
-0.708333333333325 0.0337340820745278
8.43769498715119e-15 0.0316449194414776
0.708333333333342 0.0338700043976985
1.41666666666668 0.0279971046179502
2.12500000000001 0.0145505726422525
2.83333333333334 0.0083569003022938
3.54166666666668 0.0134115584034022
4.25000000000001 0.0281834808628037
4.95833333333334 0.040036222088372
5.66666666666668 0.0402337623921173
6.37500000000001 0.0389889414992157
7.08333333333334 0.0314206075591046
7.79166666666668 0.0167103822229476
8.50000000000001 0.00799053380668022
9.20833333333334 0.00912338408566385
9.91666666666667 0.0200800294611031
10.625 0.0351767906412811
11.3333333333333 0.0427672890837404
12.0416666666667 0.0398203195633104
12.75 0.0273464026359207
13.4583333333333 0.0129903507256644
14.1666666666667 0.0058561557570402
14.875 0.00682193841747127
15.5833333333333 0.0144968801762647
16.2916666666667 0.0226235195211864
17 0.0240478057867878
17.7083333333333 0.0242878410194641
18.4166666666667 0.0215786068996345
19.125 0.0125429815438847
19.8333333333333 0.00535922253336322
20.5416666666667 0.00342049237018727
21.25 0.00622782454356928
21.9583333333333 0.0114412911307996
22.6666666666667 0.0141379320268257
23.375 0.013848650275897
24.0833333333333 0.0112646824489242
24.7916666666667 0.00664295285373706
25.5 0.00300967163321754
26.2083333333333 0.00120864540211141
26.9166666666667 0.000473476141533345
27.625 0.000249505808950595
28.3333333333333 0.000216723217943587
29.0416666666667 0.000211936461339449
29.75 0.00016896792868559
30.4583333333333 8.87834343370033e-05
31.1666666666667 3.30210027456116e-05
31.875 1.05650455957945e-05
32.5833333333333 3.11586681313755e-06
33.2916666666667 7.81557377383796e-07
