-34 1.74975549661224e-06
-33.2916666666667 3.34899721042117e-06
-32.5833333333333 9.0253722990691e-06
-31.875 2.6810069301693e-05
-31.1666666666667 7.91568559826544e-05
-30.4583333333333 0.000204383674298994
-29.75 0.000366463471084907
-29.0416666666667 0.000423928244529056
-28.3333333333333 0.000398167157529133
-27.625 0.000353105003216221
-26.9166666666667 0.000524542842987609
-26.2083333333333 0.00143893586335779
-25.5 0.00396325861943288
-24.7916666666667 0.00975508239488983
-24.0833333333333 0.0193258801269837
-23.375 0.0275839857502929
-22.6666666666667 0.0277843796164254
-21.9583333333333 0.0189672458970611
-21.25 0.00844752232709685
-20.5416666666667 0.00433564738781987
-19.8333333333333 0.0086024886862465
-19.125 0.0228494943325297
-18.4166666666667 0.0439394358190288
-17.7083333333333 0.0569456316907983
-17 0.0584667407902298
-16.2916666666667 0.0491732238351707
-15.5833333333333 0.0283883602840052
-14.875 0.0128235684149119
-14.1666666666667 0.011785264637733
-13.4583333333333 0.0250760881789457
-12.75 0.0425337231291193
-12.0416666666667 0.0407068524977401
-11.3333333333333 0.0356215581079589
-10.625 0.044369440640847
-9.91666666666666 0.0377909566882922
-9.20833333333333 0.0198965120405666
-8.49999999999999 0.0118228444757918
-7.79166666666666 0.0169453961236388
-7.08333333333333 0.0266586920245373
-6.37499999999999 0.0218845993153235
-5.66666666666666 0.0154363077982712
-4.95833333333333 0.0249687852939684
-4.24999999999999 0.0261115889521322
-3.54166666666666 0.0151482165573163
-2.83333333333333 0.00803448286424629
-2.12499999999999 0.00864129648811989
-1.41666666666666 0.0137164701672019
-0.708333333333325 0.0135360937295431
8.43769498715119e-15 0.00999070581248331
0.708333333333342 0.0132183834689485
1.41666666666668 0.0136272476693428
2.12500000000001 0.00777108698421357
2.83333333333334 0.00431797247461117
3.54166666666668 0.00606154210638235
4.25000000000001 0.0118158074265159
4.95833333333334 0.0154791451005541
5.66666666666668 0.0150299214691672
6.37500000000001 0.0157591714213742
7.08333333333334 0.0132908071970605
7.79166666666668 0.00688143495459096
8.50000000000001 0.00337218457698306
9.20833333333334 0.00509467218642286
9.91666666666667 0.0128759171175352
10.625 0.024502273452231
11.3333333333333 0.0319025706936966
12.0416666666667 0.0295054759733729
12.75 0.0185641141044269
13.4583333333333 0.00765287924732803
14.1666666666667 0.00277963896989725
14.875 0.00407993216101207
15.5833333333333 0.0133162072683311
16.2916666666667 0.0326929577427312
17 0.0510639504815987
17.7083333333333 0.0492107707101788
18.4166666666667 0.0290881239261783
19.125 0.0111217380790511
19.8333333333333 0.00316083589341001
20.5416666666667 0.00155182506009559
21.25 0.00435253500294874
21.9583333333333 0.0120122305195576
22.6666666666667 0.020590330273217
23.375 0.0214024560407517
24.0833333333333 0.0136350258131574
24.7916666666667 0.00575908816307609
25.5 0.00193055178782033
26.2083333333333 0.00058426822085083
26.9166666666667 0.000190427995854162
27.625 0.00013107015701521
28.3333333333333 0.000127628893480638
29.0416666666667 0.00012963284277347
29.75 0.000134507024969996
30.4583333333333 8.50327452231058e-05
31.1666666666667 3.49971763001906e-05
31.875 1.24093834583369e-05
32.5833333333333 4.47035579839265e-06
33.2916666666667 2.01676487841033e-06
