-34 4.36143142496605e-07
-33.2916666666667 1.23981960827633e-06
-32.5833333333333 4.83153069922732e-06
-31.875 1.57149094331622e-05
-31.1666666666667 4.51338771441878e-05
-30.4583333333333 0.000104274822110437
-29.75 0.000147116861016569
-29.0416666666667 0.000133549581396926
-28.3333333333333 0.000190184909847166
-27.625 0.000319105590473197
-26.9166666666667 0.00059698117592495
-26.2083333333333 0.00144297236331026
-25.5 0.00348832586902438
-24.7916666666667 0.00731811589438545
-24.0833333333333 0.0110813542286059
-23.375 0.0115281552058467
-22.6666666666667 0.0116280379102407
-21.9583333333333 0.011082951269851
-21.25 0.00713383061307202
-20.5416666666667 0.00478768873297409
-19.8333333333333 0.00773415594677598
-19.125 0.016508012970093
-18.4166666666667 0.0250175245743994
-17.7083333333333 0.0231753208439112
-17 0.0220717522249893
-16.2916666666667 0.0248978739352385
-15.5833333333333 0.0178991222346821
-14.875 0.00885071970539756
-14.1666666666667 0.00768831673428308
-13.4583333333333 0.0163785059454413
-12.75 0.031508524238558
-12.0416666666667 0.0399100211404699
-11.3333333333333 0.0400249263421591
-10.625 0.0360858128793816
-9.91666666666666 0.0232689825492811
-9.20833333333333 0.0104602364526524
-8.49999999999999 0.00622839668781653
-7.79166666666666 0.011693623245524
-7.08333333333333 0.0266690567238529
-6.37499999999999 0.0426649296490247
-5.66666666666666 0.047567960645446
-4.95833333333333 0.0388559014396544
-4.24999999999999 0.0221534461590809
-3.54166666666666 0.00928209274540013
-2.83333333333333 0.00488240237932056
-2.12499999999999 0.00788803585595789
-1.41666666666666 0.0172462172168974
-0.708333333333325 0.026931614477912
8.43769498715119e-15 0.0302142112954745
0.708333333333342 0.0268740673618284
1.41666666666668 0.0173922789260567
2.12500000000001 0.00832020085324497
2.83333333333334 0.00565264894293922
3.54166666666668 0.0103040157380096
4.25000000000001 0.0214656966745848
4.95833333333334 0.0309891652456133
5.66666666666668 0.0329119824493279
6.37500000000001 0.0318736855487838
7.08333333333334 0.0240102891581873
7.79166666666668 0.0123870084392465
8.50000000000001 0.00775647308305379
9.20833333333334 0.0129880483666183
9.91666666666667 0.0261988672177277
10.625 0.0344650684618633
11.3333333333333 0.0314362757011086
12.0416666666667 0.0330184533662496
12.75 0.0311681766392046
13.4583333333333 0.0179519508877711
14.1666666666667 0.00876717413981916
14.875 0.0101318431818343
15.5833333333333 0.0211847846294552
16.2916666666667 0.0319391309836762
17 0.0317973283361447
17.7083333333333 0.0316183903616261
18.4166666666667 0.0296323598477172
19.125 0.0180954763569257
19.8333333333333 0.00806785375943921
20.5416666666667 0.00498682346125379
21.25 0.00813824330949311
21.9583333333333 0.0139593609995975
22.6666666666667 0.0162573513150904
23.375 0.0159227744703869
24.0833333333333 0.013696689170212
24.7916666666667 0.00843343446190619
25.5 0.00389741259754615
26.2083333333333 0.00158836821116921
26.9166666666667 0.000659271941935594
27.625 0.00035566289667191
28.3333333333333 0.000197324006585536
29.0416666666667 0.000127247354506527
29.75 0.000152933060400704
30.4583333333333 0.000112432029034637
31.1666666666667 4.90850692455132e-05
31.875 1.7186934742333e-05
32.5833333333333 5.32468482655717e-06
33.2916666666667 1.38670251299496e-06
