-34 9.87902356382542e-08
-33.2916666666667 1.73793214917778e-07
-32.5833333333333 9.54163321938422e-07
-31.875 3.78917704853068e-06
-31.1666666666667 1.3298279078758e-05
-30.4583333333333 4.10619445056788e-05
-29.75 9.38931801177508e-05
-29.0416666666667 0.000134937999467494
-28.3333333333333 0.000134706442568298
-27.625 0.000161102993346208
-26.9166666666667 0.000357824639500728
-26.2083333333333 0.000974709976768225
-25.5 0.00256147658850078
-24.7916666666667 0.00608448162856367
-24.0833333333333 0.0114662196562296
-23.375 0.0156732684784231
-22.6666666666667 0.0160737570710447
-21.9583333333333 0.0118797545410862
-21.25 0.00595497778984966
-20.5416666666667 0.00322735741049393
-19.8333333333333 0.00524234162640441
-19.125 0.0123049044068218
-18.4166666666667 0.0211690855440403
-17.7083333333333 0.0241554493857015
-17 0.0246253983788837
-16.2916666666667 0.0234129974480814
-15.5833333333333 0.0149634604318243
-14.875 0.00707547228394439
-14.1666666666667 0.0061118883694869
-13.4583333333333 0.0129932561129381
-12.75 0.0254205414586575
-12.0416666666667 0.0339160166917792
-11.3333333333333 0.0358570713251438
-10.625 0.0321230284182155
-9.91666666666666 0.0200856933950745
-9.20833333333333 0.00900670319516067
-8.49999999999999 0.00581855016424503
-7.79166666666666 0.0113810920510147
-7.08333333333333 0.0262757602802496
-6.37499999999999 0.0438546755317927
-5.66666666666666 0.051075079181027
-4.95833333333333 0.0417590436424017
-4.24999999999999 0.0227398961118773
-3.54166666666666 0.00912515113524705
-2.83333333333333 0.00588398817049117
-2.12499999999999 0.0120201987511403
-1.41666666666666 0.0260933690366377
-0.708333333333325 0.0384744387433334
8.43769498715119e-15 0.0418381636991073
0.708333333333342 0.0385795657694091
1.41666666666668 0.0260947161907216
2.12500000000001 0.0121654323141714
2.83333333333334 0.00700852853557188
3.54166666666668 0.0123078357922876
4.25000000000001 0.0274494558627266
4.95833333333334 0.042320244700825
5.66666666666668 0.0457426592168898
6.37500000000001 0.0423030692837034
7.08333333333334 0.0308698418755261
7.79166666666668 0.0154906801923133
8.50000000000001 0.00742369082538055
9.20833333333334 0.00907476160223374
9.91666666666667 0.0202295300645942
10.625 0.0350083884547758
11.3333333333333 0.0419448121716701
12.0416666666667 0.0389525554552801
12.75 0.0270622043170803
13.4583333333333 0.0130378151444867
14.1666666666667 0.0057127228237164
14.875 0.00602094880932835
15.5833333333333 0.0129891175033485
16.2916666666667 0.0221103120460342
17 0.025928321302625
17.7083333333333 0.0254905069928024
18.4166666666667 0.0202993146459847
19.125 0.010993875131386
19.8333333333333 0.00453517604390181
20.5416666666667 0.00282558337619772
21.25 0.00525026834302337
21.9583333333333 0.0102818019692669
22.6666666666667 0.0136487493378527
23.375 0.013327751435028
24.0833333333333 0.00996239032869243
24.7916666666667 0.00541249736409124
25.5 0.00232317219519133
26.2083333333333 0.000898794854478982
26.9166666666667 0.000341997477700811
27.625 0.0001768987008638
28.3333333333333 0.000154939106104306
29.0416666666667 0.000153275175124751
29.75 0.000122132061169406
30.4583333333333 6.38238896602438e-05
31.1666666666667 2.36431728098683e-05
31.875 7.55163146217324e-06
32.5833333333333 2.22998228918732e-06
33.2916666666667 5.62898485407608e-07
