-34 2.28250334565898e-06
-33.2916666666667 3.15626346094249e-06
-32.5833333333333 6.94292964428884e-06
-31.875 1.88426826452778e-05
-31.1666666666667 5.31196533954387e-05
-30.4583333333333 0.000131332680143627
-29.75 0.000217490083146368
-29.0416666666667 0.000225647031585526
-28.3333333333333 0.000216549441046934
-27.625 0.000202808567991072
-26.9166666666667 0.00029065617536109
-26.2083333333333 0.000902381868409689
-25.5 0.00296444854065397
-24.7916666666667 0.00877842184706666
-24.0833333333333 0.0207162248386334
-23.375 0.0326103236199539
-22.6666666666667 0.0316423414619922
-21.9583333333333 0.018706203974802
-21.25 0.00691074777423008
-20.5416666666667 0.00251548757589522
-19.8333333333333 0.00493598561211191
-19.125 0.017190636110412
-18.4166666666667 0.0451460452888981
-17.7083333333333 0.0770560623662253
-17 0.0807474494121863
-16.2916666666667 0.0521878585178175
-15.5833333333333 0.0214799225066551
-14.875 0.00650475692265856
-14.1666666666667 0.00350354486263595
-13.4583333333333 0.00902152598906652
-12.75 0.0229783419023857
-12.0416666666667 0.0384533646681309
-11.3333333333333 0.0428465804898399
-10.625 0.032889509061201
-9.91666666666666 0.0171008651603064
-9.20833333333333 0.0064236414727001
-8.49999999999999 0.00265701756843033
-7.79166666666666 0.00399153554090759
-7.08333333333333 0.00930923571805512
-6.37499999999999 0.0149060413532597
-5.66666666666666 0.0167816284050284
-4.95833333333333 0.0144002042693237
-4.24999999999999 0.00880578250363991
-3.54166666666666 0.00387977756403967
-2.83333333333333 0.00172968648124927
-2.12499999999999 0.00213990690189565
-1.41666666666666 0.00527096654083112
-0.708333333333325 0.01013225576409
8.43769498715119e-15 0.0125959456505327
0.708333333333342 0.0101322554836397
1.41666666666668 0.00527096632613221
2.12500000000001 0.0021399068294048
2.83333333333334 0.00172968642716249
3.54166666666668 0.00387977743693643
4.25000000000001 0.00880578251367057
4.95833333333334 0.0144002049420372
5.66666666666668 0.0167816296080753
6.37500000000001 0.0149060419729222
7.08333333333334 0.00930923562018687
7.79166666666668 0.00399153534739033
8.50000000000001 0.00265701734753427
9.20833333333334 0.00642364105999557
9.91666666666667 0.0171008643964145
10.625 0.0328895081364404
11.3333333333333 0.0428465794595909
12.0416666666667 0.038453363193086
12.75 0.0229783404762446
13.4583333333333 0.00902152514869012
14.1666666666667 0.00350354443613603
14.875 0.00650475641844604
15.5833333333333 0.0214799213523859
16.2916666666667 0.0521878559521327
17 0.0807474454156677
17.7083333333333 0.0770560582299262
18.4166666666667 0.0451460426236793
19.125 0.0171906350059388
19.8333333333333 0.00493598528246639
20.5416666666667 0.00251548741261447
21.25 0.00691074730727277
21.9583333333333 0.0187062024828392
22.6666666666667 0.0316423387038743
23.375 0.0326103206876912
24.0833333333333 0.0207162229902282
24.7916666666667 0.00877842105521583
25.5 0.00296444823727629
26.2083333333333 0.000902381724482323
26.9166666666667 0.00029065600126515
27.625 0.000202808383923761
28.3333333333333 0.000216549494065361
29.0416666666667 0.000225647110249954
29.75 0.000217489893650552
30.4583333333333 0.000131332474710193
31.1666666666667 5.31195604724845e-05
31.875 1.88426435352575e-05
32.5833333333333 6.94290994230247e-06
33.2916666666667 3.15624879658176e-06
