-43 7.77086919039495e-08
-42.2321428571429 2.19938389647366e-06
-41.4642857142857 1.0423460373518e-05
-40.6964285714286 3.01545493156339e-05
-39.9285714285714 7.39867499415722e-05
-39.1607142857143 0.000168210975804091
-38.3928571428571 0.000366214078448776
-37.625 0.000771408448600825
-36.8571428571429 0.00152821272574716
-36.0892857142857 0.00266879768415841
-35.3214285714286 0.00365742802161926
-34.5535714285714 0.00399134228731452
-33.7857142857143 0.00543367774484858
-33.0178571428571 0.0070065350797119
-32.25 0.00545169691012712
-31.4821428571429 0.00485523740798533
-30.7142857142857 0.00598221959366812
-29.9464285714286 0.00707035606779757
-29.1785714285714 0.00959758763180197
-28.4107142857143 0.0132186741387708
-27.6428571428572 0.0128283456081901
-26.875 0.00901612944488266
-26.1071428571429 0.00760481018147465
-25.3392857142857 0.00787189958601891
-24.5714285714286 0.00838410046473253
-23.8035714285714 0.0107571625649886
-23.0357142857143 0.0138485680654595
-22.2678571428572 0.0139096757980634
-21.5 0.0116108187937857
-20.7321428571429 0.00971551924637688
-19.9642857142857 0.0101164469355558
-19.1964285714286 0.0111132434309669
-18.4285714285714 0.0123462206381992
-17.6607142857143 0.0155693668133841
-16.8928571428572 0.0193699101225901
-16.125 0.0185790139701117
-15.3571428571429 0.013958315967478
-14.5892857142857 0.0138145666625647
-13.8214285714286 0.0154155786223651
-13.0535714285714 0.0160860629825012
-12.2857142857143 0.0204406215952086
-11.5178571428572 0.0284291604098434
-10.75 0.027517132053237
-9.98214285714287 0.0191569360780206
-9.21428571428573 0.016632081291428
-8.44642857142859 0.0169708103490778
-7.67857142857144 0.0161073463042166
-6.9107142857143 0.0187788911449717
-6.14285714285716 0.0263581512389958
-5.37500000000001 0.0261047073112844
-4.60714285714287 0.0187204405776103
-3.83928571428573 0.0153760637346117
-3.07142857142859 0.0153165386670826
-2.30357142857144 0.0145518575395749
-1.5357142857143 0.0151048734665171
-0.767857142857157 0.0198435619002557
-1.37667655053519e-14 0.0225743521519992
0.767857142857129 0.0195854888578872
1.53571428571427 0.0149961387454915
2.30357142857142 0.0144327504821472
3.07142857142856 0.0150926619641437
3.8392857142857 0.0151720558964156
4.60714285714284 0.0184293227366545
5.37499999999999 0.0255257814452906
6.14285714285713 0.0259214662289037
6.91071428571427 0.0186485845923476
7.67857142857141 0.0159732208670304
8.44642857142856 0.0168954527254986
9.2142857142857 0.0166558473723426
9.98214285714284 0.019135685070277
10.75 0.0276626663598488
11.5178571428571 0.0288930133050409
12.2857142857143 0.0208035509992614
13.0535714285714 0.0162893537716285
13.8214285714286 0.0156640981715765
14.5892857142857 0.0140301274843068
15.3571428571428 0.0141505152009827
16.125 0.019036599440441
16.8928571428571 0.0197780775689575
17.6607142857143 0.0156195865313291
18.4285714285714 0.0123853099838611
19.1964285714286 0.0111274388235865
19.9642857142857 0.00997515863132319
20.7321428571428 0.00953397290574366
21.5 0.0114012205965752
22.2678571428571 0.0133526406619551
23.0357142857143 0.0132710010112906
23.8035714285714 0.0104921511514891
24.5714285714286 0.00814147817285989
25.3392857142857 0.00767795274602361
26.1071428571428 0.00758572201294226
26.875 0.00905756300903537
27.6428571428571 0.0129249294034261
28.4107142857143 0.0136138252893434
29.1785714285714 0.0100693395656805
29.9464285714286 0.00739935866951493
30.7142857142857 0.00634072440956903
31.4821428571428 0.00518373196044364
32.25 0.0056578577732105
33.0178571428571 0.00731859528459381
33.7857142857143 0.00569498021564205
34.5535714285714 0.00414452820662296
35.3214285714285 0.00387157432443645
36.0892857142857 0.00282153705616049
36.8571428571428 0.00160552060573966
37.625 0.000810852123577231
38.3928571428571 0.000386454004746445
39.1607142857143 0.00017828591673601
39.9285714285714 7.90339753326381e-05
40.6964285714285 3.27245394425449e-05
41.4642857142857 1.16616562250555e-05
42.2321428571428 2.68852817074078e-06
