-43 4.9596039757585e-07
-42.2321428571429 3.15367856480541e-06
-41.4642857142857 1.26722998267392e-05
-40.6964285714286 3.49678096480742e-05
-39.9285714285714 8.35112861427742e-05
-39.1607142857143 0.000186054768468553
-38.3928571428571 0.000398545750780626
-37.625 0.000829592643008918
-36.8571428571429 0.00163912885599156
-36.0892857142857 0.00288845425869852
-35.3214285714286 0.00398431582978555
-34.5535714285714 0.00410385227309239
-33.7857142857143 0.00545245465316952
-33.0178571428571 0.0074295497292807
-32.25 0.00606941954077591
-31.4821428571429 0.00578440379888713
-30.7142857142857 0.0075727113555763
-29.9464285714286 0.00937476624196865
-29.1785714285714 0.0118999767058838
-28.4107142857143 0.0151460584923238
-27.6428571428572 0.0154607223871508
-26.875 0.0117864180946432
-26.1071428571429 0.00962331273970669
-25.3392857142857 0.0100616860583728
-24.5714285714286 0.0114042291420124
-23.8035714285714 0.014430695550612
-23.0357142857143 0.0171236288540038
-22.2678571428572 0.0169972313210246
-21.5 0.0148302203398202
-20.7321428571429 0.0121525713266322
-19.9642857142857 0.0119691899445327
-19.1964285714286 0.0132126985391649
-18.4285714285714 0.0152687139245204
-17.6607142857143 0.0186540926648005
-16.8928571428572 0.022023659873327
-16.125 0.0215589431140984
-15.3571428571429 0.016342506018797
-14.5892857142857 0.0152571413506813
-13.8214285714286 0.0166126013050524
-13.0535714285714 0.0178677195987353
-12.2857142857143 0.0237075856549964
-11.5178571428572 0.0321704307968945
-10.75 0.0303785697937824
-9.98214285714287 0.0208534240795765
-9.21428571428573 0.0165407291046289
-8.44642857142859 0.014843700232823
-7.67857142857144 0.013303089635401
-6.9107142857143 0.0167458436654718
-6.14285714285716 0.0212457856343838
-5.37500000000001 0.0174111755215764
-4.60714285714287 0.0128048099754423
-3.83928571428573 0.0106601248824221
-3.07142857142859 0.00768366092002678
-2.30357142857144 0.00584308974193141
-1.5357142857143 0.00698243056222156
-0.767857142857157 0.00550640801730115
-1.37667655053519e-14 0.0016334072272033
0.767857142857129 0.00498193891055051
1.53571428571427 0.00670721984185244
2.30357142857142 0.00539737579342046
3.07142857142856 0.00683529641905171
3.8392857142857 0.00969297647887012
4.60714285714284 0.0113140061498303
5.37499999999999 0.0148401201463517
6.14285714285713 0.0189420340483836
6.91071428571427 0.0155078952801061
7.67857142857141 0.0123673123809375
8.44642857142856 0.0142015021416784
9.2142857142857 0.0163980352412494
9.98214285714284 0.0207564309389633
10.75 0.0302997118497428
11.5178571428571 0.0328298044927891
12.2857142857143 0.0244383054808715
13.0535714285714 0.018326253268682
13.8214285714286 0.0175790132775659
14.5892857142857 0.0166813758284631
15.3571428571428 0.0180208340414735
16.125 0.0244421194452444
16.8928571428571 0.0259367342447846
17.6607142857143 0.021451919759821
18.4285714285714 0.0170201780329018
19.1964285714286 0.0150462057449567
19.9642857142857 0.0135525967244861
20.7321428571428 0.0133380379599036
21.5 0.0164246369214433
22.2678571428571 0.0187970017160168
23.0357142857143 0.0180838534720061
23.8035714285714 0.0151943691153433
24.5714285714286 0.0124757373082508
25.3392857142857 0.0108852751192366
26.1071428571428 0.0100171186659631
26.875 0.0118325361888984
27.6428571428571 0.0151510073408157
28.4107142857143 0.0146884236530221
29.1785714285714 0.0118068296283173
29.9464285714286 0.0096962536764336
30.7142857142857 0.0079902379241162
31.4821428571428 0.00610189665601374
32.25 0.00608059709952621
33.0178571428571 0.00725616203086221
33.7857142857143 0.00527048023590673
34.5535714285714 0.00396507172991624
35.3214285714285 0.00394132388271726
36.0892857142857 0.00282810044737607
36.8571428571428 0.0015869256609293
37.625 0.000802288490022853
38.3928571428571 0.000386437937324318
39.1607142857143 0.000180580900499087
39.9285714285714 8.12142085293639e-05
40.6964285714285 3.4161732642262e-05
41.4642857142857 1.24187897356385e-05
42.2321428571428 3.07341451632055e-06
