-43 6.42217631267591e-06
-42.2321428571429 7.54402673981591e-06
-41.4642857142857 1.17258170525228e-05
-40.6964285714286 2.20354195291735e-05
-39.9285714285714 4.56810406780567e-05
-39.1607142857143 9.84797361369618e-05
-38.3928571428571 0.000214298311228849
-37.625 0.000462482595682029
-36.8571428571429 0.000951495782594634
-36.0892857142857 0.00173339741630401
-35.3214285714286 0.00239487401120748
-34.5535714285714 0.00224157384683697
-33.7857142857143 0.0028597137433423
-33.0178571428571 0.00433374164914204
-32.25 0.00365360786794696
-31.4821428571429 0.00339281095509891
-30.7142857142857 0.00451030580339409
-29.9464285714286 0.00549987333811739
-29.1785714285714 0.00646970014669179
-28.4107142857143 0.00847773704243975
-27.6428571428572 0.00951190216411954
-26.875 0.00750773912207469
-26.1071428571429 0.00623644243102053
-25.3392857142857 0.00691898839534265
-24.5714285714286 0.00781524107835291
-23.8035714285714 0.00947188818929902
-23.0357142857143 0.0120818714477995
-22.2678571428572 0.0127367603705102
-21.5 0.0105683508307935
-20.7321428571429 0.00856712545620379
-19.9642857142857 0.00872574471379448
-19.1964285714286 0.00947396636426175
-18.4285714285714 0.0109365194252553
-17.6607142857143 0.0133974575722126
-16.8928571428572 0.0147556427130347
-16.125 0.0139125379041925
-15.3571428571429 0.01113598739854
-14.5892857142857 0.0109267103792812
-13.8214285714286 0.0124484211365302
-13.0535714285714 0.0139743319868199
-12.2857142857143 0.0165685092419424
-11.5178571428572 0.0212186172485814
-10.75 0.0227967990907944
-9.98214285714287 0.0176237063025553
-9.21428571428573 0.0153514582810124
-8.44642857142859 0.0175405686390623
-7.67857142857144 0.0191074484055633
-6.9107142857143 0.0214685638605319
-6.14285714285716 0.0304804829952611
-5.37500000000001 0.0355933281419861
-4.60714285714287 0.0276505646235356
-3.83928571428573 0.0210925592117006
-3.07142857142859 0.0225005333059974
-2.30357142857144 0.0233292506294171
-1.5357142857143 0.0242671609665558
-0.767857142857157 0.0346201851205752
-1.37667655053519e-14 0.0429302786566074
0.767857142857129 0.0346201851867871
1.53571428571427 0.0242671609896361
2.30357142857142 0.0233292506450904
3.07142857142856 0.0225005333470668
3.8392857142857 0.0210925592499089
4.60714285714284 0.0276505646770646
5.37499999999999 0.0355933282749167
6.14285714285713 0.0304804831086627
6.91071428571427 0.0214685638945229
7.67857142857141 0.0191074484255822
8.44642857142856 0.0175405686331158
9.2142857142857 0.0153514582324684
9.98214285714284 0.0176237062622291
10.75 0.0227967990378609
11.5178571428571 0.021218617084053
12.2857142857143 0.0165685090669976
13.0535714285714 0.0139743318720818
13.8214285714286 0.0124484209773949
14.5892857142857 0.0109267101627435
15.3571428571428 0.0111359871741662
16.125 0.013912537569469
16.8928571428571 0.0147556422045953
17.6607142857143 0.0133974571490759
18.4285714285714 0.0109365191669648
19.1964285714286 0.00947396609772346
19.9642857142857 0.00872574443865973
20.7321428571428 0.00856712520367046
21.5 0.0105683504549975
22.2678571428571 0.0127367598344705
23.0357142857143 0.012081871029609
23.8035714285714 0.00947188793174042
24.5714285714286 0.00781524081988747
25.3392857142857 0.00691898817934649
26.1071428571428 0.00623644232196696
26.875 0.00750773906684797
27.6428571428571 0.0095119021121815
28.4107142857143 0.00847773706778267
29.1785714285714 0.00646970023775844
29.9464285714286 0.00549987336213082
30.7142857142857 0.00451030574899091
31.4821428571428 0.00339281080354451
32.25 0.00365360757436993
33.0178571428571 0.00433374130472486
33.7857142857143 0.00285971344658584
34.5535714285714 0.00224157350002952
35.3214285714285 0.00239487365361227
36.0892857142857 0.0017333971476434
36.8571428571428 0.000951495638053471
37.625 0.000462482505205007
38.3928571428571 0.000214298355998054
39.1607142857143 9.84799136578496e-05
39.9285714285714 4.56812832287998e-05
40.6964285714285 2.20355970612983e-05
41.4642857142857 1.17258589500632e-05
42.2321428571428 7.54398487197145e-06
