-43 3.83429593802916e-08
-42.2321428571429 5.14484330678578e-06
-41.4642857142857 2.26886428766755e-05
-40.6964285714286 6.38590996454671e-05
-39.9285714285714 0.000154344723144049
-39.1607142857143 0.000348187048125566
-38.3928571428571 0.000754496367927341
-37.625 0.00158222423999945
-36.8571428571429 0.00313021090620501
-36.0892857142857 0.00549338639298376
-35.3214285714286 0.00752167578743989
-34.5535714285714 0.00804447358632068
-33.7857142857143 0.0110663196520065
-33.0178571428571 0.0141969115498865
-32.25 0.0109015032108837
-31.4821428571429 0.00984597853660033
-30.7142857142857 0.0118823014863326
-29.9464285714286 0.0137258677278368
-29.1785714285714 0.0188501150941066
-28.4107142857143 0.0255607858733181
-27.6428571428572 0.0238202165548257
-26.875 0.0162956972590164
-26.1071428571429 0.0132357347046231
-25.3392857142857 0.0125070685116254
-24.5714285714286 0.0124678957310832
-23.8035714285714 0.016407182218003
-23.0357142857143 0.0203032237539197
-22.2678571428572 0.0187192199366112
-21.5 0.0157070444011045
-20.7321428571429 0.0130048807697591
-19.9642857142857 0.0120810885635187
-19.1964285714286 0.0125137286379555
-18.4285714285714 0.0141075805091936
-17.6607142857143 0.0168914111834486
-16.8928571428572 0.0200745900419392
-16.125 0.0204519702743298
-15.3571428571429 0.0154751585146393
-14.5892857142857 0.0136735815677659
-13.8214285714286 0.014323697142127
-13.0535714285714 0.0150838298479636
-12.2857142857143 0.0197303837052952
-11.5178571428572 0.026176529111005
-10.75 0.0243900184852667
-9.98214285714287 0.0169285157138292
-9.21428571428573 0.0132103183884761
-8.44642857142859 0.0111084146676607
-7.67857142857144 0.00971320085184413
-6.9107142857143 0.0129095860429372
-6.14285714285716 0.0152572104137539
-5.37500000000001 0.0108593253756117
-4.60714285714287 0.0083183683941371
-3.83928571428573 0.00726957136573137
-3.07142857142859 0.00452918057803841
-2.30357142857144 0.00332914029982329
-1.5357142857143 0.00498115687874675
-0.767857142857157 0.00342346333287918
-1.37667655053519e-14 8.33521537530161e-05
0.767857142857129 0.00393031246902195
1.53571428571427 0.00519470922323129
2.30357142857142 0.00356306365572543
3.07142857142856 0.00496886894291114
3.8392857142857 0.00767023774293476
4.60714285714284 0.00889011665885813
5.37499999999999 0.0119963215579173
6.14285714285713 0.0161148490289993
6.91071428571427 0.0131655048518411
7.67857142857141 0.00997661986852474
8.44642857142856 0.0112564151365288
9.2142857142857 0.0131636423426574
9.98214285714284 0.0169702521461699
10.75 0.0241041925983368
11.5178571428571 0.0252655333144496
12.2857142857143 0.0190175992283441
13.0535714285714 0.0146845717018179
13.8214285714286 0.0138356108241909
14.5892857142857 0.0132502254255977
15.3571428571428 0.015097683977196
16.125 0.0195532836474027
16.8928571428571 0.0192729592803219
17.6607142857143 0.0167927810157159
18.4285714285714 0.0140308100566205
19.1964285714286 0.0124858493287426
19.9642857142857 0.0123585754544001
20.7321428571428 0.0133614334339413
21.5 0.0161186902152715
22.2678571428571 0.0198132234202592
23.0357142857143 0.0214375513654092
23.8035714285714 0.0169276581587893
24.5714285714286 0.012944400027546
25.3392857142857 0.0128879753927831
26.1071428571428 0.0132732233659272
26.875 0.0162143226425004
27.6428571428571 0.0236305281618455
28.4107142857143 0.0247847184729409
29.1785714285714 0.017923605653706
29.9464285714286 0.0130797145102906
30.7142857142857 0.0111782066654644
31.4821428571428 0.00920082320845902
32.25 0.01049660831601
33.0178571428571 0.013584033004613
33.7857142857143 0.010553128206625
34.5535714285714 0.00774362033731668
35.3214285714285 0.00710109775650563
36.0892857142857 0.00519341018567526
36.8571428571428 0.00297838037682773
37.625 0.00150475810159177
38.3928571428571 0.000714745915576902
39.1607142857143 0.000328400372276271
39.9285714285714 0.000144432345175182
40.6964285714285 5.88119368650966e-05
41.4642857142857 2.02570577926217e-05
42.2321428571428 4.18431476563641e-06
