-43 7.03248395739764e-06
-42.2321428571429 8.20820272132889e-06
-41.4642857142857 1.30299791196544e-05
-40.6964285714286 2.50491700335065e-05
-39.9285714285714 5.27481951964604e-05
-39.1607142857143 0.000114762816129969
-38.3928571428571 0.000251162048173694
-37.625 0.000544211935148345
-36.8571428571429 0.0011239917533858
-36.0892857142857 0.00206316294404145
-35.3214285714286 0.00291752776900876
-34.5535714285714 0.00289589963851102
-33.7857142857143 0.00373435936714428
-33.0178571428571 0.00548884175722345
-32.25 0.00473580781390889
-31.4821428571429 0.00473968610467703
-30.7142857142857 0.00660554679593251
-29.9464285714286 0.00809958381842671
-29.1785714285714 0.00951704224611054
-28.4107142857143 0.0132341661124122
-27.6428571428572 0.0152071170790609
-26.875 0.011625003107744
-26.1071428571429 0.00980626654880989
-25.3392857142857 0.0113930267479106
-24.5714285714286 0.0126372873136793
-23.8035714285714 0.0150805398477878
-23.0357142857143 0.0213845072577575
-22.2678571428572 0.0234569778791187
-21.5 0.0178641688910616
-20.7321428571429 0.0138008041707084
-19.9642857142857 0.0139391247941947
-19.1964285714286 0.0138550563711539
-18.4285714285714 0.0151224340755694
-17.6607142857143 0.0208159681131844
-16.8928571428572 0.0230495277751973
-16.125 0.0187794314138299
-15.3571428571429 0.0143317743281654
-14.5892857142857 0.0133612073489022
-13.8214285714286 0.0128591981460247
-13.0535714285714 0.0130642310701606
-12.2857142857143 0.0165379701265119
-11.5178571428572 0.019786101674454
-10.75 0.0187983404274646
-9.98214285714287 0.0148722001586578
-9.21428571428573 0.0128095347529102
-8.44642857142859 0.0127151733113142
-7.67857142857144 0.0127338839983125
-6.9107142857143 0.0143190070172514
-6.14285714285716 0.0187760281748741
-5.37500000000001 0.0206019613992737
-4.60714285714287 0.0168605516295167
-3.83928571428573 0.0132862917294341
-3.07142857142859 0.0134310557692532
-2.30357142857144 0.0138041714538128
-1.5357142857143 0.0147320902056571
-0.767857142857157 0.0199414260593192
-1.37667655053519e-14 0.0239177201886585
0.767857142857129 0.0204159799683552
1.53571428571427 0.0149021226363188
2.30357142857142 0.0139286790123247
3.07142857142856 0.0137616043583173
3.8392857142857 0.0135846361032931
4.60714285714284 0.0169606415096493
5.37499999999999 0.0211180726357243
6.14285714285713 0.0194588717769049
6.91071428571427 0.0146441887774247
7.67857142857141 0.0129984532977495
8.44642857142856 0.0130487485475738
9.2142857142857 0.013032840751316
9.98214285714284 0.014968190689404
10.75 0.0191685602833491
11.5178571428571 0.0201499236677426
12.2857142857143 0.0166729292596701
13.0535714285714 0.0132328718060503
13.8214285714286 0.0130245665367591
14.5892857142857 0.0134244334519295
15.3571428571428 0.0143465478844706
16.125 0.0188153801268693
16.8928571428571 0.0229766851572508
17.6607142857143 0.0207726748543119
18.4285714285714 0.0151555668545994
19.1964285714286 0.0138369112829429
19.9642857142857 0.013965305803747
20.7321428571428 0.0139212671323439
21.5 0.0179722012173797
22.2678571428571 0.0236703898555016
23.0357142857143 0.021856608979
23.8035714285714 0.0154819425361524
24.5714285714286 0.0129095575173146
25.3392857142857 0.0117682967614231
26.1071428571428 0.0102879893339461
26.875 0.0122161899231136
27.6428571428571 0.0161139165162825
28.4107142857143 0.014309227448244
29.1785714285714 0.0103518637290429
29.9464285714286 0.0087459255440084
30.7142857142857 0.00720807631580828
31.4821428571428 0.00521357804271914
32.25 0.00514771872527508
33.0178571428571 0.00603228954797563
33.7857142857143 0.00415347970843091
34.5535714285714 0.00319565229552775
35.3214285714285 0.0032335191105823
36.0892857142857 0.00228445502713006
36.8571428571428 0.00124192217463914
37.625 0.000601836259290077
38.3928571428571 0.000277976569493431
39.1607142857143 0.000126850770628173
39.9285714285714 5.81830148521235e-05
40.6964285714285 2.75284160591025e-05
41.4642857142857 1.41388310758268e-05
42.2321428571428 8.63175011403706e-06
