-43 1.85939233924887e-05
-42.2321428571429 2.18866196685474e-05
-41.4642857142857 3.4220519321749e-05
-40.6964285714286 6.50177899869916e-05
-39.9285714285714 0.000136356526400804
-39.1607142857143 0.000296998491731673
-38.3928571428571 0.00065130233882656
-37.625 0.00141228331149343
-36.8571428571429 0.00288995949663735
-36.0892857142857 0.00515051124764646
-35.3214285714286 0.00687791172578502
-34.5535714285714 0.0066273849075741
-33.7857142857143 0.00880755598003942
-33.0178571428571 0.0125360992143494
-32.25 0.0098994176832726
-31.4821428571429 0.00848973367344803
-30.7142857142857 0.0105955745517565
-29.9464285714286 0.0122547467798144
-29.1785714285714 0.0151617265744788
-28.4107142857143 0.0213283903743694
-27.6428571428572 0.0221654488696289
-26.875 0.0156685678249553
-26.1071428571429 0.0128542539708028
-25.3392857142857 0.0131006981498758
-24.5714285714286 0.0131917732974518
-23.8035714285714 0.0169687057753655
-23.0357142857143 0.0232058293716066
-22.2678571428572 0.0214030285825153
-21.5 0.0152703205464234
-20.7321428571429 0.0125513674582073
-19.9642857142857 0.0109716736263769
-19.1964285714286 0.0095397177142873
-18.4285714285714 0.0116533234623678
-17.6607142857143 0.0148556129939255
-16.8928571428572 0.0121731470203144
-16.125 0.0104479257323557
-15.3571428571429 0.00977735856837667
-14.5892857142857 0.00797287831758955
-13.8214285714286 0.00738087683732963
-13.0535714285714 0.00899805354200592
-12.2857142857143 0.0101383561774524
-11.5178571428572 0.00969121037194813
-10.75 0.0124430878541945
-9.98214285714287 0.0122179833397003
-9.21428571428573 0.00954894434500711
-8.44642857142859 0.010435825415193
-7.67857142857144 0.0125420559697895
-6.9107142857143 0.0138426212047697
-6.14285714285716 0.0179872463601622
-5.37500000000001 0.0231660272644693
-4.60714285714287 0.0203201702181217
-3.83928571428573 0.0149060089012182
-3.07142857142859 0.0153693996965929
-2.30357142857144 0.0166274494168037
-1.5357142857143 0.0179841052274667
-0.767857142857157 0.0252006516824605
-1.37667655053519e-14 0.030689410183684
0.767857142857129 0.0252006518774144
1.53571428571427 0.0179841053139105
2.30357142857142 0.0166274495162773
3.07142857142856 0.0153693999180578
3.8392857142857 0.0149060091446473
4.60714285714284 0.0203201705218634
5.37499999999999 0.023166027869292
6.14285714285713 0.01798724697158
6.91071428571427 0.0138426215405211
7.67857142857141 0.0125420562688411
8.44642857142856 0.0104358257412117
9.2142857142857 0.00954894461570702
9.98214285714284 0.0122179836810801
10.75 0.0124430883940281
11.5178571428571 0.00969121076198442
12.2857142857143 0.0101383563391092
13.0535714285714 0.00899805372565385
13.8214285714286 0.00738087699338808
14.5892857142857 0.00797287837607735
15.3571428571428 0.00977735863439377
16.125 0.0104479258157389
16.8928571428571 0.0121731469213617
17.6607142857143 0.0148556128791264
18.4285714285714 0.0116533234749974
19.1964285714286 0.00953971773415137
19.9642857142857 0.0109716736370615
20.7321428571428 0.0125513674693467
21.5 0.0152703204227324
22.2678571428571 0.0214030283795122
23.0357142857143 0.023205829352293
23.8035714285714 0.0169687057928821
24.5714285714286 0.0131917732595158
25.3392857142857 0.0131006982508803
26.1071428571428 0.0128542542784358
26.875 0.0156685683081101
27.6428571428571 0.0221654496774085
28.4107142857143 0.0213283914700523
29.1785714285714 0.015161727541597
29.9464285714286 0.0122547474364912
30.7142857142857 0.0105955750123079
31.4821428571428 0.00848973375097502
32.25 0.00989941714234879
33.0178571428571 0.012536098630531
33.7857142857143 0.00880755562443872
34.5535714285714 0.00662738419723641
35.3214285714285 0.00687791101266047
36.0892857142857 0.00515051088113268
36.8571428571428 0.00288995950450795
37.625 0.00141228344465326
38.3928571428571 0.000651302938669009
39.1607142857143 0.000296999566177929
39.9285714285714 0.000136357835020031
40.6964285714285 6.50188406691062e-05
41.4642857142857 3.42210035275675e-05
42.2321428571428 2.1886682977873e-05
