-43 3.53919944880783e-07
-42.2321428571429 7.45287269234006e-07
-41.4642857142857 2.15838246362822e-06
-40.6964285714286 5.69037006342027e-06
-39.9285714285714 1.40626084253468e-05
-39.1607142857143 3.3538323471499e-05
-38.3928571428571 7.81569420614532e-05
-37.625 0.000177841799594309
-36.8571428571429 0.000385412659219677
-36.0892857142857 0.000748448571161932
-35.3214285714286 0.00111164143871998
-34.5535714285714 0.00104962407989663
-33.7857142857143 0.00128283553073855
-33.0178571428571 0.00204931715976837
-32.25 0.00187541630818325
-31.4821428571429 0.00204753437235988
-30.7142857142857 0.00305448405942175
-29.9464285714286 0.00385787135717447
-29.1785714285714 0.00418083505511668
-28.4107142857143 0.00556800932903887
-27.6428571428572 0.00708094603554166
-26.875 0.00588089775703199
-26.1071428571429 0.00518820440860013
-25.3392857142857 0.00671087290383436
-24.5714285714286 0.0080730470526667
-23.8035714285714 0.00891238782200503
-23.0357142857143 0.0120793211220496
-22.2678571428572 0.0151045654553119
-21.5 0.0127023629663209
-20.7321428571429 0.00986524063670276
-19.9642857142857 0.011301274973744
-19.1964285714286 0.0129208917498038
-18.4285714285714 0.0137195426267303
-17.6607142857143 0.01810759816495
-16.8928571428572 0.0233063969798607
-16.125 0.0206643057373963
-15.3571428571429 0.014857515968396
-14.5892857142857 0.0150541861137753
-13.8214285714286 0.0165122890212366
-13.0535714285714 0.0168359974217301
-12.2857142857143 0.0210978628010919
-11.5178571428572 0.028448470771623
-10.75 0.0271858172860599
-9.98214285714287 0.0194149033439907
-9.21428571428573 0.0175240140761026
-8.44642857142859 0.0184555123160687
-7.67857142857144 0.0179345984558121
-6.9107142857143 0.0200382370786679
-6.14285714285716 0.0279099713901531
-5.37500000000001 0.0295101975635005
-4.60714285714287 0.0221318516166291
-3.83928571428573 0.0181779783418489
-3.07142857142859 0.0191050034591487
-2.30357142857144 0.0189710619226497
-1.5357142857143 0.0192981605898563
-0.767857142857157 0.026214802990795
-1.37667655053519e-14 0.0316243397631395
0.767857142857129 0.026368898402968
1.53571428571427 0.0193563276347335
2.30357142857142 0.0190557913210851
3.07142857142856 0.0193081851937139
3.8392857142857 0.0184057829153088
4.60714285714284 0.0223691086342408
5.37499999999999 0.0299776846415891
6.14285714285713 0.0284356763533186
6.91071428571427 0.0203355012955962
7.67857142857141 0.0182094600316936
8.44642857142856 0.0187916660606084
9.2142857142857 0.0178286694600487
9.98214285714284 0.0197524252768394
10.75 0.0277555960860968
11.5178571428571 0.0289859617465773
12.2857142857143 0.0213693529829187
13.0535714285714 0.0170781926482626
13.8214285714286 0.0167518369960093
14.5892857142857 0.0151999222184694
15.3571428571428 0.0149947237016962
16.125 0.0209432480835665
16.8928571428571 0.0234949217901427
17.6607142857143 0.0181039645116874
18.4285714285714 0.0137421197728139
19.1964285714286 0.0129364087593602
19.9642857142857 0.0112317835829125
20.7321428571428 0.00978275290737027
21.5 0.0126696041869067
22.2678571428571 0.0149595664569803
23.0357142857143 0.0118447368328405
23.8035714285714 0.00875221028509089
24.5714285714286 0.00792627832662529
25.3392857142857 0.0065230714414703
26.1071428571428 0.00501594602405925
26.875 0.00573016461798881
27.6428571428571 0.00682556296533907
28.4107142857143 0.00528658228655789
29.1785714285714 0.00397698759117218
29.9464285714286 0.00367427702569512
30.7142857142857 0.00287422489474778
31.4821428571428 0.00191576254588183
32.25 0.00178847866247501
33.0178571428571 0.00193283290809116
33.7857142857143 0.00120040504448522
34.5535714285714 0.00100151183775895
35.3214285714285 0.00104906564478518
36.0892857142857 0.000706631591337984
36.8571428571428 0.000365509352229254
37.625 0.000168688226346542
38.3928571428571 7.39925037285001e-05
39.1607142857143 3.16892520759424e-05
39.9285714285714 1.32387645597392e-05
40.6964285714285 5.31555564413876e-06
41.4642857142857 1.99345732610521e-06
42.2321428571428 6.83864612965972e-07
