-43 3.06739567243016e-06
-42.2321428571429 4.45775841514207e-06
-41.4642857142857 9.56627025878625e-06
-40.6964285714286 2.20851000398385e-05
-39.9285714285714 5.07851791302201e-05
-39.1607142857143 0.000114841165695592
-38.3928571428571 0.000254848743177846
-37.625 0.000552562514345835
-36.8571428571429 0.00112930657241952
-36.0892857142857 0.0020313605412026
-35.3214285714286 0.00281482610509286
-34.5535714285714 0.00295091421203104
-33.7857142857143 0.00398989983485762
-33.0178571428571 0.00535757545452165
-32.25 0.00436299588362217
-31.4821428571429 0.00443990833049074
-30.7142857142857 0.00610624353174599
-29.9464285714286 0.00744612485746095
-29.1785714285714 0.00896158611916504
-28.4107142857143 0.0122726752313547
-27.6428571428572 0.0136686649327948
-26.875 0.0104911701564776
-26.1071428571429 0.00934888250456108
-25.3392857142857 0.0113110782506839
-24.5714285714286 0.0129702278099613
-23.8035714285714 0.0152386102293721
-23.0357142857143 0.0209759958773235
-22.2678571428572 0.0239723730542253
-21.5 0.0192329985393522
-20.7321428571429 0.0149443721105661
-19.9642857142857 0.0158328410111701
-19.1964285714286 0.0167078587487367
-18.4285714285714 0.0178792921680199
-17.6607142857143 0.0242561866304806
-16.8928571428572 0.0290327840443774
-16.125 0.0244779035211971
-15.3571428571429 0.0178294464824423
-14.5892857142857 0.0168641566846032
-13.8214285714286 0.016533339212765
-13.0535714285714 0.0161700207583438
-12.2857142857143 0.0207747159013654
-11.5178571428572 0.0257552515804672
-10.75 0.022822581868968
-9.98214285714287 0.016708315062063
-9.21428571428573 0.0143796137471231
-8.44642857142859 0.0131655491046904
-7.67857142857144 0.0120148091270262
-6.9107142857143 0.0140737537183671
-6.14285714285716 0.0177128523447311
-5.37500000000001 0.0167048326920394
-4.60714285714287 0.0133700839020963
-3.83928571428573 0.0110885905601932
-3.07142857142859 0.0100417684544061
-2.30357142857144 0.00945286533521298
-1.5357142857143 0.010389724326016
-0.767857142857157 0.0129492708531499
-1.37667655053519e-14 0.0137346908495228
0.767857142857129 0.0127526787323517
1.53571428571427 0.0102813285359639
2.30357142857142 0.00924947402673141
3.07142857142856 0.00964200746692145
3.8392857142857 0.0106026838203144
4.60714285714284 0.0127419044565125
5.37499999999999 0.0157019312901617
6.14285714285713 0.0166878540615208
6.91071428571427 0.0134164912644047
7.67857142857141 0.0114006431738158
8.44642857142856 0.0124640974597448
9.2142857142857 0.0137154916463602
9.98214285714284 0.0159420733199093
10.75 0.0217048532007671
11.5178571428571 0.024665154526641
12.2857142857143 0.0200453734885265
13.0535714285714 0.0155592970761406
13.8214285714286 0.0159340059805805
14.5892857142857 0.0163839879113608
15.3571428571428 0.0173963718291526
16.125 0.0239167208582644
16.8928571428571 0.0285423628674402
17.6607142857143 0.0239324665782884
18.4285714285714 0.0175653852610427
19.1964285714286 0.0164116074995463
19.9642857142857 0.015628900133847
20.7321428571428 0.0148231351541653
21.5 0.0191661809928529
22.2678571428571 0.0239849465340643
23.0357142857143 0.0209967492701137
23.8035714285714 0.0151767716351712
24.5714285714286 0.0128830585884346
25.3392857142857 0.0112336491909699
26.1071428571428 0.00930017191305601
26.875 0.0105220456272337
27.6428571428571 0.0137041966042795
28.4107142857143 0.0122452773203226
29.1785714285714 0.00890058405228318
29.9464285714286 0.00737158973357044
30.7142857142857 0.00601035291896965
31.4821428571428 0.00436102883773447
32.25 0.00435318300939667
33.0178571428571 0.00534157073502851
33.7857142857143 0.00397977075369559
34.5535714285714 0.00296766938690466
35.3214285714285 0.00280406824220536
36.0892857142857 0.00202435144014116
36.8571428571428 0.00112901959475473
37.625 0.000552570097971111
38.3928571428571 0.000254504828219567
39.1607142857143 0.000114531179476477
39.9285714285714 5.05552167927217e-05
40.6964285714285 2.1918669387093e-05
41.4642857142857 9.46634228194729e-06
42.2321428571428 4.41410396976354e-06
