-43 6.24108732688467e-09
-42.2321428571429 9.64996033925958e-07
-41.4642857142857 4.81006140697345e-06
-40.6964285714286 1.45676330008045e-05
-39.9285714285714 3.77925503161297e-05
-39.1607142857143 9.16737108348927e-05
-38.3928571428571 0.000214557469962011
-37.625 0.00048801954615839
-36.8571428571429 0.00104993261980011
-36.0892857142857 0.00200136861053328
-35.3214285714286 0.00290859468668547
-34.5535714285714 0.00273732072803648
-33.7857142857143 0.00330415235264658
-33.0178571428571 0.0053203573069817
-32.25 0.00481270569552725
-31.4821428571429 0.00486752301743015
-30.7142857142857 0.0070800627763033
-29.9464285714286 0.00886006723847708
-29.1785714285714 0.00961203760957545
-28.4107142857143 0.0130288545738709
-27.6428571428572 0.0164873556635058
-26.875 0.0134131966444339
-26.1071428571429 0.0112752620132924
-25.3392857142857 0.0138444096651051
-24.5714285714286 0.0159870156742015
-23.8035714285714 0.0177594249949393
-23.0357142857143 0.0248259116505047
-22.2678571428572 0.0299214746513542
-21.5 0.0239937187371066
-20.7321428571429 0.0181409503317872
-19.9642857142857 0.0192357393033437
-19.1964285714286 0.0200197772608203
-18.4285714285714 0.0209433873461537
-17.6607142857143 0.0292470817466233
-16.8928571428572 0.0351143639509918
-16.125 0.0282816852729797
-15.3571428571429 0.0204010331399452
-14.5892857142857 0.0193211158328839
-13.8214285714286 0.0178431119268106
-13.0535714285714 0.0167008386468204
-12.2857142857143 0.0225948964438134
-11.5178571428572 0.0268901087894998
-10.75 0.0210604507412406
-9.98214285714287 0.0153876491604065
-9.21428571428573 0.0137620265987219
-8.44642857142859 0.0108761856912749
-7.67857142857144 0.00854292196937643
-6.9107142857143 0.0109759154541561
-6.14285714285716 0.0119307738730663
-5.37500000000001 0.0073449657425538
-4.60714285714287 0.00646908064299035
-3.83928571428573 0.00669208171505787
-3.07142857142859 0.00439975550796535
-2.30357142857144 0.00309442466021036
-1.5357142857143 0.00431157468251445
-0.767857142857157 0.00322591129143981
-1.37667655053519e-14 4.95153141940048e-05
0.767857142857129 0.00266079834286747
1.53571428571427 0.00409825908880937
2.30357142857142 0.00278369711813176
3.07142857142856 0.00365462856301722
3.8392857142857 0.00585665558399697
4.60714285714284 0.00559898961299212
5.37499999999999 0.00563055369865666
6.14285714285713 0.0100028598125451
6.91071428571427 0.00988576049229746
7.67857142857141 0.00753492405658658
8.44642857142856 0.00964341139208079
9.2142857142857 0.0126447659333045
9.98214285714284 0.0141498572232731
10.75 0.0189709048548857
11.5178571428571 0.0249189717113419
12.2857142857143 0.0215992621557392
13.0535714285714 0.0158126376322822
13.8214285714286 0.0169646191222303
14.5892857142857 0.0187866585640211
15.3571428571428 0.0198978519250252
16.125 0.0272587217050149
16.8928571428571 0.0344229878078697
17.6607142857143 0.0292604069598063
18.4285714285714 0.0208605900210933
19.1964285714286 0.0199628715161926
19.9642857142857 0.0194905842293399
20.7321428571428 0.0184434566844668
21.5 0.0241138544601551
22.2678571428571 0.0304532279930549
23.0357142857143 0.0256862004962638
23.8035714285714 0.0183468426111569
24.5714285714286 0.0165252592763482
25.3392857142857 0.0145331323436813
26.1071428571428 0.0119069837497638
26.875 0.0139659790576867
27.6428571428571 0.0174239199632297
28.4107142857143 0.0140609297556084
29.1785714285714 0.0103596058030271
29.9464285714286 0.00953336125810377
30.7142857142857 0.00774112575642959
31.4821428571428 0.00535076874864918
32.25 0.00513153137896156
33.0178571428571 0.0057475390834414
33.7857142857143 0.00360644905315199
34.5535714285714 0.00291376234054649
35.3214285714285 0.00313807836274855
36.0892857142857 0.00215472369080974
36.8571428571428 0.00112292388977108
37.625 0.000521588413431366
38.3928571428571 0.00022982973556201
39.1607142857143 9.84548619085304e-05
39.9285714285714 4.0813895779744e-05
40.6964285714285 1.59422468345511e-05
41.4642857142857 5.41493133357829e-06
42.2321428571428 1.19027330007407e-06
