-43 8.56865029339821e-08
-42.2321428571429 7.1992221367913e-07
-41.4642857142857 3.08971744119676e-06
-40.6964285714286 8.96151648145967e-06
-39.9285714285714 2.26981809689305e-05
-39.1607142857143 5.42620575661756e-05
-38.3928571428571 0.00012581608351509
-37.625 0.000284273848801778
-36.8571428571429 0.000614471206710369
-36.0892857142857 0.00120436142827542
-35.3214285714286 0.0018454814637562
-34.5535714285714 0.00183641955469761
-33.7857142857143 0.00225156050266776
-33.0178571428571 0.00348978157724116
-32.25 0.00326549365372536
-31.4821428571429 0.00376751927753621
-30.7142857142857 0.00566078683558839
-29.9464285714286 0.00714992104693869
-29.1785714285714 0.00794290104177352
-28.4107142857143 0.0107342037190631
-27.6428571428572 0.0133958542206383
-26.875 0.0110409277136864
-26.1071428571429 0.00974418894344573
-25.3392857142857 0.0124391017783242
-24.5714285714286 0.0146748112094303
-23.8035714285714 0.0163686329404836
-23.0357142857143 0.0228704081289749
-22.2678571428572 0.0280307129169454
-21.5 0.0227924457375158
-20.7321428571429 0.0173612854233828
-19.9642857142857 0.0190669199684007
-19.1964285714286 0.0205187751238177
-18.4285714285714 0.0214781109141081
-17.6607142857143 0.0298174696129745
-16.8928571428572 0.0370270338953385
-16.125 0.0305212067576907
-15.3571428571429 0.0214650692076617
-14.5892857142857 0.0203506639722031
-13.8214285714286 0.0193853851835224
-13.0535714285714 0.018189444362556
-12.2857142857143 0.0242406053770343
-11.5178571428572 0.029931088559607
-10.75 0.0243790414619612
-9.98214285714287 0.0171950028758092
-9.21428571428573 0.0148326115167123
-8.44642857142859 0.0118894941759206
-7.67857142857144 0.00925632274432086
-6.9107142857143 0.0112767617880551
-6.14285714285716 0.0125118056298064
-5.37500000000001 0.0084112303712716
-4.60714285714287 0.0071446592030165
-3.83928571428573 0.00700723829005372
-3.07142857142859 0.00483126683498443
-2.30357142857144 0.00353812006794139
-1.5357142857143 0.0043950733377347
-0.767857142857157 0.00320976366983721
-1.37667655053519e-14 0.000622982779222777
0.767857142857129 0.003209763675554
1.53571428571427 0.00439507334064272
2.30357142857142 0.00353812007184763
3.07142857142856 0.00483126684128495
3.8392857142857 0.00700723829731493
4.60714285714284 0.0071446592123725
5.37499999999999 0.00841123039188
6.14285714285713 0.0125118056491649
6.91071428571427 0.0112767617998728
7.67857142857141 0.0092563227553241
8.44642857142856 0.0118894941870507
9.2142857142857 0.0148326115248189
9.98214285714284 0.017195002881775
10.75 0.0243790414734378
11.5178571428571 0.0299310885658104
12.2857142857143 0.0242406053776472
13.0535714285714 0.0181894443623086
13.8214285714286 0.0193853851825218
14.5892857142857 0.0203506639692809
15.3571428571428 0.0214650692049691
16.125 0.0305212067565321
16.8928571428571 0.0370270338813032
17.6607142857143 0.0298174696002451
18.4285714285714 0.0214781109052271
19.1964285714286 0.0205187751108572
19.9642857142857 0.0190669199457674
20.7321428571428 0.0173612853964561
21.5 0.0227924457048992
22.2678571428571 0.0280307128656251
23.0357142857143 0.0228704080809363
23.8035714285714 0.0163686329083411
24.5714285714286 0.0146748111850953
25.3392857142857 0.0124391017506956
26.1071428571428 0.00974418891728372
26.875 0.0110409276898094
27.6428571428571 0.0133958541912152
28.4107142857143 0.0107342036937112
29.1785714285714 0.00794290101588127
29.9464285714286 0.00714992102786692
30.7142857142857 0.00566078681337711
31.4821428571428 0.00376751926174919
32.25 0.00326549365315177
33.0178571428571 0.00348978161868792
33.7857142857143 0.00225156056390015
34.5535714285714 0.00183641957774885
35.3214285714285 0.00184548147347715
36.0892857142857 0.00120436143194833
36.8571428571428 0.000614471214974613
37.625 0.000284273854909906
38.3928571428571 0.000125816093462946
39.1607142857143 5.4262068246926e-05
39.9285714285714 2.26981937195227e-05
40.6964285714285 8.96152605441444e-06
41.4642857142857 3.08972182383516e-06
42.2321428571428 7.19919637841692e-07
