-43 5.76012583560302e-06
-42.2321428571429 7.4837280079383e-06
-41.4642857142857 1.24870529541445e-05
-40.6964285714286 2.41826212002464e-05
-39.9285714285714 5.0385347810926e-05
-39.1607142857143 0.000107987217375448
-38.3928571428571 0.000232529326287832
-37.625 0.000494476940216614
-36.8571428571429 0.00100339128230047
-36.0892857142857 0.00183401062663596
-35.3214285714286 0.00269287416644039
-34.5535714285714 0.00301871987496125
-33.7857142857143 0.00398375606836901
-33.0178571428571 0.0052910128328231
-32.25 0.00476115960455814
-31.4821428571429 0.00557730701959041
-30.7142857142857 0.00797704774175193
-29.9464285714286 0.00975590491549009
-29.1785714285714 0.0116059902927961
-28.4107142857143 0.0161645915420053
-27.6428571428572 0.0182826292559348
-26.875 0.0140673590490008
-26.1071428571429 0.0124659379348864
-25.3392857142857 0.014828585710855
-24.5714285714286 0.0162755627540787
-23.8035714285714 0.0189553027061856
-23.0357142857143 0.0270141569921628
-22.2678571428572 0.0298675731725852
-21.5 0.0225754636612819
-20.7321428571429 0.0171218865750188
-19.9642857142857 0.0168925969960785
-19.1964285714286 0.0160885292506371
-18.4285714285714 0.0167070661553506
-17.6607142857143 0.0226158047422625
-16.8928571428572 0.0245447603176683
-16.125 0.0196271232885468
-15.3571428571429 0.0148690447018754
-14.5892857142857 0.0130959355148071
-13.8214285714286 0.0116265862468085
-13.0535714285714 0.0112824584628172
-12.2857142857143 0.0134282097899767
-11.5178571428572 0.0142277369324588
-10.75 0.0136713239145641
-9.98214285714287 0.0119525971702936
-9.21428571428573 0.0101724488947935
-8.44642857142859 0.00990641555163506
-7.67857142857144 0.0103987841600923
-6.9107142857143 0.0116452223284164
-6.14285714285716 0.0143663420986622
-5.37500000000001 0.0164953800573119
-4.60714285714287 0.0145404065517825
-3.83928571428573 0.0114431231789093
-3.07142857142859 0.0115148674888753
-2.30357142857144 0.0121035994007094
-1.5357142857143 0.0134292343607052
-0.767857142857157 0.0183327352722754
-1.37667655053519e-14 0.0211344616629101
0.767857142857129 0.0177613867638176
1.53571428571427 0.0131260748672299
2.30357142857142 0.0116221603848466
3.07142857142856 0.010649861882351
3.8392857142857 0.0105615396810587
4.60714285714284 0.0132647874760204
5.37499999999999 0.014138559405166
6.14285714285713 0.012370077912493
6.91071428571427 0.0107188578733785
7.67857142857141 0.00971370553088967
8.44642857142856 0.00954254446808103
9.2142857142857 0.0103485040136113
9.98214285714284 0.01215262573709
10.75 0.0140408226512356
11.5178571428571 0.0156587942534609
12.2857142857143 0.0148486099695618
13.0535714285714 0.0123144195735483
13.8214285714286 0.0132286034605743
14.5892857142857 0.0150756327549352
15.3571428571428 0.0168860455331858
16.125 0.023004288229782
16.8928571428571 0.0291729598217454
17.6607142857143 0.0259272935373695
18.4285714285714 0.0187434333858412
19.1964285714286 0.0179927660766521
19.9642857142857 0.0182529536103806
20.7321428571428 0.0177697171744731
21.5 0.023434326320078
22.2678571428571 0.0306984896431998
23.0357142857143 0.0269330437924316
23.8035714285714 0.0186697938079704
24.5714285714286 0.0160382499151709
25.3392857142857 0.0141934636856009
26.1071428571428 0.0115111364636643
26.875 0.0128167517583897
27.6428571428571 0.0162733721916277
28.4107142857143 0.0140287853546022
29.1785714285714 0.0100979910202328
29.9464285714286 0.00857165696074237
30.7142857142857 0.00686396207880605
31.4821428571428 0.00455983937968826
32.25 0.0035615340840909
33.0178571428571 0.00376222321436609
33.7857142857143 0.00267347453154178
34.5535714285714 0.00208740273109085
35.3214285714285 0.0019527308829366
36.0892857142857 0.00127611072381515
36.8571428571428 0.00066566463685392
37.625 0.000318858013978034
38.3928571428571 0.000148368506696161
39.1607142857143 6.89543803585498e-05
39.9285714285714 3.26403076780858e-05
40.6964285714285 1.62323037770203e-05
41.4642857142857 9.01739837891827e-06
42.2321428571428 6.17064817889634e-06
