-43 1.33907524346739e-05
-42.2321428571429 1.52325560232076e-05
-41.4642857142857 2.1999598141423e-05
-40.6964285714286 3.78737855685547e-05
-39.9285714285714 7.20518776024278e-05
-39.1607142857143 0.000143529790843812
-38.3928571428571 0.000289738435705643
-37.625 0.000581043240563202
-36.8571428571429 0.00111198122092514
-36.0892857142857 0.00190554117389784
-35.3214285714286 0.00264523773050373
-34.5535714285714 0.00318746060882646
-33.7857142857143 0.00445215466271685
-33.0178571428571 0.00521817464844678
-32.25 0.00407654083228129
-31.4821428571429 0.0041537013973405
-30.7142857142857 0.00535945768510966
-29.9464285714286 0.00652027791812458
-29.1785714285714 0.00861507283299724
-28.4107142857143 0.0113601204810677
-27.6428571428572 0.0115579717472743
-26.875 0.00879684223439478
-26.1071428571429 0.00805398423275583
-25.3392857142857 0.00946017169946472
-24.5714285714286 0.0107112137200196
-23.8035714285714 0.0130570864793577
-23.0357142857143 0.0181712956299524
-22.2678571428572 0.0201946311099285
-21.5 0.016022478873437
-20.7321428571429 0.0122897623136712
-19.9642857142857 0.0123116138451371
-19.1964285714286 0.0122205343970599
-18.4285714285714 0.0131399073935557
-17.6607142857143 0.0183172147015098
-16.8928571428572 0.0205807015994747
-16.125 0.0164325825233243
-15.3571428571429 0.0122732166504111
-14.5892857142857 0.0116317478990515
-13.8214285714286 0.0113829965028087
-13.0535714285714 0.0116879811530956
-12.2857142857143 0.014759921420931
-11.5178571428572 0.0178813524502103
-10.75 0.0174506272913541
-9.98214285714287 0.0140600727690202
-9.21428571428573 0.0129690835396755
-8.44642857142859 0.01423698978228
-7.67857142857144 0.0149108748189913
-6.9107142857143 0.0164600963804101
-6.14285714285716 0.0233243977990028
-5.37500000000001 0.0275029357459408
-4.60714285714287 0.021822982580241
-3.83928571428573 0.0174119019905829
-3.07142857142859 0.0194775842723322
-2.30357142857144 0.0205997724410837
-1.5357142857143 0.0214715535793241
-0.767857142857157 0.0311706428575937
-1.37667655053519e-14 0.0390992937669589
0.767857142857129 0.0311371996249407
1.53571428571427 0.0213022943342211
2.30357142857142 0.0202224677134777
3.07142857142856 0.0190403636314081
3.8392857142857 0.0169962743143436
4.60714285714284 0.0212757208509421
5.37499999999999 0.0268180875113096
6.14285714285713 0.0228283822336292
6.91071428571427 0.0162102489001624
7.67857142857141 0.0145987224054521
8.44642857142856 0.013857047509931
9.2142857142857 0.0125808455397124
9.98214285714284 0.0134670044042857
10.75 0.0167835532920051
11.5178571428571 0.017420614666735
12.2857142857143 0.0143776827796945
13.0535714285714 0.0112809723289239
13.8214285714286 0.0110254005081494
14.5892857142857 0.0114045830472076
15.3571428571428 0.0121852389555579
16.125 0.0163793743315982
16.8928571428571 0.020446066263491
17.6607142857143 0.0181342682692467
18.4285714285714 0.0129531250782219
19.1964285714286 0.0120438416574079
19.9642857142857 0.0122127712073358
20.7321428571428 0.0123150384900436
21.5 0.0161159799876173
22.2678571428571 0.0203536153413849
23.0357142857143 0.0184572559017873
23.8035714285714 0.0132816809098963
24.5714285714286 0.0108904599035876
25.3392857142857 0.00971051428768497
26.1071428571428 0.00831116283722283
26.875 0.00907669364074672
27.6428571428571 0.0120276993272927
28.4107142857143 0.0118318852320066
29.1785714285714 0.00884659024002593
29.9464285714286 0.00667895957703445
30.7142857142857 0.00549262990009465
31.4821428571428 0.00426698590738772
32.25 0.00429725145673878
33.0178571428571 0.00549121721566521
33.7857142857143 0.0046639740589171
34.5535714285714 0.00335180068934451
35.3214285714285 0.00276943365171209
36.0892857142857 0.00201161111398919
36.8571428571428 0.00118473104827738
37.625 0.000619789643693465
38.3928571428571 0.000307843770775613
39.1607142857143 0.000151600140944136
39.9285714285714 7.54327823520334e-05
40.6964285714285 3.91622519708511e-05
41.4642857142857 2.24542998415569e-05
42.2321428571428 1.53770071944888e-05
