-43 2.91514648628288e-06
-42.2321428571429 3.90641710701735e-06
-41.4642857142857 6.89062225898138e-06
-40.6964285714286 1.39143189580645e-05
-39.9285714285714 2.97062780374941e-05
-39.1607142857143 6.45248330399236e-05
-38.3928571428571 0.000139984076588677
-37.625 0.000299058418675804
-36.8571428571429 0.000608765711113183
-36.0892857142857 0.00111613103872237
-35.3214285714286 0.00165055434994395
-34.5535714285714 0.00188507442380104
-33.7857142857143 0.00247059847150718
-33.0178571428571 0.0032209218240321
-32.25 0.00295295581874365
-31.4821428571429 0.00360264143832856
-30.7142857142857 0.00526723437185407
-29.9464285714286 0.00657178076286899
-29.1785714285714 0.00785937477316817
-28.4107142857143 0.0108448039280529
-27.6428571428572 0.0123442349458197
-26.875 0.00973821277199249
-26.1071428571429 0.00912211473622736
-25.3392857142857 0.0115153373965873
-24.5714285714286 0.0132691859826312
-23.8035714285714 0.0154698162595247
-23.0357142857143 0.0218746188961681
-22.2678571428572 0.0252086724578911
-21.5 0.0198427106941669
-20.7321428571429 0.015520061100088
-19.9642857142857 0.0167910813905809
-19.1964285714286 0.0176707786650438
-18.4285714285714 0.0186589357325285
-17.6607142857143 0.0254607702465664
-16.8928571428572 0.0307873930506001
-16.125 0.0258361863750728
-15.3571428571429 0.018625834854945
-14.5892857142857 0.0176558660796203
-13.8214285714286 0.0173916089140284
-13.0535714285714 0.0167967560962748
-12.2857142857143 0.0211222134950865
-11.5178571428572 0.0264953641770047
-10.75 0.0240754814121994
-9.98214285714287 0.0176200914064987
-9.21428571428573 0.0148248193314167
-8.44642857142859 0.0134296290683151
-7.67857142857144 0.0118707234193021
-6.9107142857143 0.0128715069783351
-6.14285714285716 0.0157744412226502
-5.37500000000001 0.0153863300429082
-4.60714285714287 0.0126753536772292
-3.83928571428573 0.0105861734021872
-3.07142857142859 0.00975277584228306
-2.30357142857144 0.00919264612772647
-1.5357142857143 0.00973310727389361
-0.767857142857157 0.0116830056626502
-1.37667655053519e-14 0.0121887030679719
0.767857142857129 0.0113999540207769
1.53571428571427 0.00958291918193715
2.30357142857142 0.00895413693214282
3.07142857142856 0.00932424435292924
3.8392857142857 0.0101494292727487
4.60714285714284 0.0120434004723524
5.37499999999999 0.0142187392323084
6.14285714285713 0.0147854739121399
6.91071428571427 0.0124125780728382
7.67857142857141 0.011531330086393
8.44642857142856 0.01324936589632
9.2142857142857 0.0149120413971865
9.98214285714284 0.0177191906469359
10.75 0.0242585394741215
11.5178571428571 0.0272043297281696
12.2857142857143 0.0218258978401417
13.0535714285714 0.0173080028951874
13.8214285714286 0.0181852674770521
14.5892857142857 0.0186366309991116
15.3571428571428 0.0196250802333126
16.125 0.0275092721709072
16.8928571428571 0.033080255041057
17.6607142857143 0.0271013192232785
18.4285714285714 0.0196677753891855
19.1964285714286 0.0186141593881966
19.9642857142857 0.0174650178328612
20.7321428571428 0.0158410043411856
21.5 0.0202682015555517
22.2678571428571 0.0256203183101997
23.0357142857143 0.021834435107862
23.8035714285714 0.0153283725602503
24.5714285714286 0.0131516190470276
25.3392857142857 0.0112006912142976
26.1071428571428 0.00864909566364092
26.875 0.00911864811414442
27.6428571428571 0.0113488266679498
28.4107142857143 0.00978670164173697
29.1785714285714 0.00711229511427832
29.9464285714286 0.00598509118903729
30.7142857142857 0.00471579932904192
31.4821428571428 0.00309857670263142
32.25 0.00235864823001673
33.0178571428571 0.00246354279880085
33.7857142857143 0.00182147080678128
34.5535714285714 0.00142368979131103
35.3214285714285 0.00128387919832492
36.0892857142857 0.000839741226921288
36.8571428571428 0.000441452143062213
37.625 0.000212054786229225
38.3928571428571 9.82897939661685e-05
39.1607142857143 4.51874483858751e-05
39.9285714285714 2.09151060218028e-05
40.6964285714285 9.97556355072333e-06
41.4642857142857 5.17164611138016e-06
42.2321428571428 3.25585013493056e-06
