-43 1.0685383581193e-05
-42.2321428571429 1.42007614453516e-05
-41.4642857142857 2.60695312733917e-05
-40.6964285714286 5.32551230708889e-05
-39.9285714285714 0.000111684895530503
-39.1607142857143 0.000235093188361747
-38.3928571428571 0.000490978504218913
-37.625 0.00100618562091377
-36.8571428571429 0.00197901288706211
-36.0892857142857 0.00355589146989424
-35.3214285714286 0.00512946063932424
-34.5535714285714 0.00556699987698803
-33.7857142857143 0.00743916749557482
-33.0178571428571 0.00961514269905095
-32.25 0.0082710399687383
-31.4821428571429 0.00908027508308425
-30.7142857142857 0.0117434893650789
-29.9464285714286 0.0134342172801211
-29.1785714285714 0.0169796182602662
-28.4107142857143 0.0231995955894528
-27.6428571428572 0.0229040357840016
-26.875 0.0161146896345024
-26.1071428571429 0.0134500234722999
-25.3392857142857 0.0137253381061936
-24.5714285714286 0.0136038240773139
-23.8035714285714 0.016868244556447
-23.0357142857143 0.0230854276395202
-22.2678571428572 0.022561245782333
-21.5 0.0168445036680831
-20.7321428571429 0.0135111590417605
-19.9642857142857 0.0132530936624279
-19.1964285714286 0.0135634704376759
-18.4285714285714 0.0150797684986741
-17.6607142857143 0.0193251890199965
-16.8928571428572 0.0233395648097537
-16.125 0.0222440360821539
-15.3571428571429 0.0167391987529931
-14.5892857142857 0.0158511150608542
-13.8214285714286 0.0171747940400233
-13.0535714285714 0.0183077263916364
-12.2857142857143 0.0240219730046984
-11.5178571428572 0.0318950454845982
-10.75 0.0299760326630834
-9.98214285714287 0.0210146635740532
-9.21428571428573 0.0167078886746149
-8.44642857142859 0.0147071337057683
-7.67857142857144 0.0128491150035182
-6.9107142857143 0.0147562852750815
-6.14285714285716 0.0179415251057332
-5.37500000000001 0.0160827737712632
-4.60714285714287 0.012874641869472
-3.83928571428573 0.0106725129376585
-3.07142857142859 0.00907613754222771
-2.30357142857144 0.00825805555815224
-1.5357142857143 0.00911545075019993
-0.767857142857157 0.0104841379776121
-1.37667655053519e-14 0.0106260284039157
0.767857142857129 0.0109382279001496
1.53571428571427 0.00910418945249589
2.30357142857142 0.00801736352375247
3.07142857142856 0.00882960528702842
3.8392857142857 0.0103304977496356
4.60714285714284 0.0128936215653756
5.37499999999999 0.0166000059437552
6.14285714285713 0.0176091336610982
6.91071428571427 0.0136375938983649
7.67857142857141 0.0115031143834075
8.44642857142856 0.0123342419623132
9.2142857142857 0.0132277701299574
9.98214285714284 0.0161726516871046
10.75 0.0220675160732769
11.5178571428571 0.0229964121389832
12.2857142857143 0.0177675898554806
13.0535714285714 0.0137189855867712
13.8214285714286 0.0127741847891473
14.5892857142857 0.0120298793145686
15.3571428571428 0.0129207212799417
16.125 0.0167545098894364
16.8928571428571 0.0176002596858467
17.6607142857143 0.0151427438601829
18.4285714285714 0.0122213880164009
19.1964285714286 0.0109945949680794
19.9642857142857 0.0104408622698372
20.7321428571428 0.0106707385490763
21.5 0.0130805931581957
22.2678571428571 0.0152074254128051
23.0357142857143 0.0149423523796585
23.8035714285714 0.0121655048893247
24.5714285714286 0.0100510350974939
25.3392857142857 0.00953576056269757
26.1071428571428 0.00940934202975175
26.875 0.0114692239712191
27.6428571428571 0.015656334891229
28.4107142857143 0.0160249472902707
29.1785714285714 0.0123280810103666
29.9464285714286 0.00926960943143337
30.7142857142857 0.00759805290412821
31.4821428571428 0.00586314097703183
32.25 0.0058502294216097
33.0178571428571 0.00745979096766851
33.7857142857143 0.00604545727274912
34.5535714285714 0.00439064253849402
35.3214285714285 0.00392181226796006
36.0892857142857 0.00285636694046488
36.8571428571428 0.00165946132132724
37.625 0.000864702543920965
38.3928571428571 0.000430369485059493
39.1607142857143 0.000210762249071196
39.9285714285714 0.00010180619624958
40.6964285714285 4.89046129602356e-05
41.4642857142857 2.40975062538231e-05
42.2321428571428 1.34572011676383e-05
