-43 9.48068308317997e-06
-42.2321428571429 1.27069649791737e-05
-41.4642857142857 2.41038491154441e-05
-40.6964285714286 5.07515903458325e-05
-39.9285714285714 0.000108487266476985
-39.1607142857143 0.000230031479005635
-38.3928571428571 0.000480134925128162
-37.625 0.00098047000722117
-36.8571428571429 0.00189411518679585
-36.0892857142857 0.00325456200615293
-35.3214285714286 0.00446869668358861
-34.5535714285714 0.00513818920289492
-33.7857142857143 0.00716522045186968
-33.0178571428571 0.00871429271457293
-32.25 0.00675447627642124
-31.4821428571429 0.00667895476594195
-30.7142857142857 0.00840056520414446
-29.9464285714286 0.00978694937516423
-29.1785714285714 0.0129611392363184
-28.4107142857143 0.0175822672859783
-27.6428571428572 0.0172343393031747
-26.875 0.0122757451394593
-26.1071428571429 0.0101811247403306
-25.3392857142857 0.0102907093048978
-24.5714285714286 0.0103984509982547
-23.8035714285714 0.0126842634033061
-23.0357142857143 0.0163467057431364
-22.2678571428572 0.0160554568581612
-21.5 0.0128770035153397
-20.7321428571429 0.0103118405654274
-19.9642857142857 0.00953520431012037
-19.1964285714286 0.00937922928954273
-18.4285714285714 0.0103789219445238
-17.6607142857143 0.0124504951342691
-16.8928571428572 0.0132743847572906
-16.125 0.0127692126006571
-15.3571428571429 0.0104107961617056
-14.5892857142857 0.0096943958880283
-13.8214285714286 0.0105127963019422
-13.0535714285714 0.0119463829760351
-12.2857142857143 0.0150921371272886
-11.5178571428572 0.0187869922529684
-10.75 0.0189707619262201
-9.98214285714287 0.0147130200308359
-9.21428571428573 0.0127761774969839
-8.44642857142859 0.0137334777163485
-7.67857142857144 0.0147538704375588
-6.9107142857143 0.0178469995923467
-6.14285714285716 0.0246745875239919
-5.37500000000001 0.0266431295957394
-4.60714285714287 0.0207991996092688
-3.83928571428573 0.0164675170903328
-3.07142857142859 0.0169369572080712
-2.30357142857144 0.0172536255893261
-1.5357142857143 0.0185174775810384
-0.767857142857157 0.0256840711365509
-1.37667655053519e-14 0.030570972185561
0.767857142857129 0.0255686049918124
1.53571428571427 0.0185345058129492
2.30357142857142 0.0173259486458091
3.07142857142856 0.016995437680138
3.8392857142857 0.0165692273376985
4.60714285714284 0.0209417902991696
5.37499999999999 0.0267849459907031
6.14285714285713 0.0249222614134005
6.91071428571427 0.0181405802173793
7.67857142857141 0.0151426052312732
8.44642857142856 0.0143145371684067
9.2142857142857 0.01347890510635
9.98214285714284 0.0155225324063783
10.75 0.0202407732756157
11.5178571428571 0.0203210365934546
12.2857142857143 0.0161920087608901
13.0535714285714 0.012864556599882
13.8214285714286 0.0115586507459899
14.5892857142857 0.0106583422553657
15.3571428571428 0.0112598669515323
16.125 0.0139004949938463
16.8928571428571 0.0145544549805913
17.6607142857143 0.0133777660254965
18.4285714285714 0.0110680455235336
19.1964285714286 0.0100588016933684
19.9642857142857 0.0100911203050138
20.7321428571428 0.0106996579235828
21.5 0.0132733988493494
22.2678571428571 0.0164828054231342
23.0357142857143 0.0166755395434356
23.8035714285714 0.0129164725521667
24.5714285714286 0.0105871741250891
25.3392857142857 0.0104159612307064
26.1071428571428 0.0102113613009939
26.875 0.0122095966184582
27.6428571428571 0.0171082737563391
28.4107142857143 0.0173946833151167
29.1785714285714 0.0127526142356732
29.9464285714286 0.00963739388589481
30.7142857142857 0.00825996801477678
31.4821428571428 0.00656194527803888
32.25 0.00669265152506259
33.0178571428571 0.00863393673076788
33.7857142857143 0.00709448534949872
34.5535714285714 0.00507729979717326
35.3214285714285 0.0043898652261833
36.0892857142857 0.00320454766737008
36.8571428571428 0.0018709993846535
37.625 0.000969129543061645
38.3928571428571 0.000474256981808394
39.1607142857143 0.000227011493013598
39.9285714285714 0.000106843801159742
40.6964285714285 4.9804496699751e-05
41.4642857142857 2.35885502282135e-05
42.2321428571428 1.24855986400364e-05
