-43 8.94894181496781e-06
-42.2321428571429 1.20754850803888e-05
-41.4642857142857 2.32898014595481e-05
-40.6964285714286 4.96429911637313e-05
-39.9285714285714 0.000107003626281442
-39.1607142857143 0.000228135260703418
-38.3928571428571 0.00047836157936534
-37.625 0.000981608550954855
-36.8571428571429 0.00190729962338095
-36.0892857142857 0.00329434181492225
-35.3214285714286 0.00452534151405674
-34.5535714285714 0.00508496710780518
-33.7857142857143 0.00703032288059546
-33.0178571428571 0.00883424695723283
-32.25 0.00703625336057195
-31.4821428571429 0.00692871894511239
-30.7142857142857 0.0088905276340936
-29.9464285714286 0.0105223949269213
-29.1785714285714 0.0139170602453222
-28.4107142857143 0.0191446853240053
-27.6428571428572 0.0189899353390675
-26.875 0.0134774204099554
-26.1071428571429 0.0112674443439069
-25.3392857142857 0.0116393660136616
-24.5714285714286 0.0119562449625899
-23.8035714285714 0.0149937978767629
-23.0357142857143 0.0199205470992301
-22.2678571428572 0.0195494159099488
-21.5 0.0152001288009377
-20.7321428571429 0.0119442295712233
-19.9642857142857 0.0108923881802975
-19.1964285714286 0.0103789701113046
-18.4285714285714 0.0114790443833192
-17.6607142857143 0.0144656024517535
-16.8928571428572 0.0154813791526534
-16.125 0.0142747751212828
-15.3571428571429 0.0113270312207369
-14.5892857142857 0.0102222147150871
-13.8214285714286 0.0105768093360337
-13.0535714285714 0.0116360274963561
-12.2857142857143 0.014919471129444
-11.5178571428572 0.019066396509376
-10.75 0.0191698562303668
-9.98214285714287 0.0146798901649392
-9.21428571428573 0.0125797455183843
-8.44642857142859 0.0130529231524626
-7.67857142857144 0.0134491729723437
-6.9107142857143 0.0159427071111838
-6.14285714285716 0.0218140855643908
-5.37500000000001 0.0231088103670788
-4.60714285714287 0.0179247629965511
-3.83928571428573 0.0143538296433606
-3.07142857142859 0.014665725695101
-2.30357142857144 0.0149277163824572
-1.5357142857143 0.0162337604702033
-0.767857142857157 0.0222212008817473
-1.37667655053519e-14 0.0261318254108265
0.767857142857129 0.0222435471490018
1.53571428571427 0.0163468565843202
2.30357142857142 0.0151798251845673
3.07142857142856 0.0149578696171781
3.8392857142857 0.0146315455962453
4.60714285714284 0.0182904340879333
5.37499999999999 0.0235664143900094
6.14285714285713 0.0221455153483916
6.91071428571427 0.0161096514021268
7.67857142857141 0.0136577483410661
8.44642857142856 0.0133067951112437
9.2142857142857 0.0128391609214868
9.98214285714284 0.0150761699717778
10.75 0.0196155860549892
11.5178571428571 0.0193742561523429
12.2857142857143 0.0151748779664014
13.0535714285714 0.011907984669458
13.8214285714286 0.0108157494812667
14.5892857142857 0.0103740027412688
15.3571428571428 0.011385816804797
16.125 0.0143103285577165
16.8928571428571 0.0155713404518043
17.6607142857143 0.0145878442321673
18.4285714285714 0.0116038493284326
19.1964285714286 0.0104970331093409
19.9642857142857 0.010958432894187
20.7321428571428 0.011927340212099
21.5 0.0151376525074981
22.2678571428571 0.0194431850617281
23.0357142857143 0.0197294737047999
23.8035714285714 0.0148437281209127
24.5714285714286 0.0118364759556396
25.3392857142857 0.0114720917318254
26.1071428571428 0.0110956023652072
26.875 0.0132904288262818
27.6428571428571 0.0186760722556071
28.4107142857143 0.0188294612422937
29.1785714285714 0.0137623648582328
29.9464285714286 0.0104163668693808
30.7142857142857 0.00880154427341747
31.4821428571428 0.00685302374239513
32.25 0.0068887772557207
33.0178571428571 0.00865180317786333
33.7857142857143 0.00688878761765337
34.5535714285714 0.00497515661303098
35.3214285714285 0.00444235451814333
36.0892857142857 0.00322346665718439
36.8571428571428 0.00185868887116267
37.625 0.000955718562763943
38.3928571428571 0.000466264088043509
39.1607142857143 0.000222743477343489
39.9285714285714 0.000104745507103336
40.6964285714285 4.87827921568669e-05
41.4642857142857 2.29862293233785e-05
42.2321428571428 1.19788838587835e-05
