-43 5.1699728055395e-08
-42.2321428571429 6.61820016143491e-08
-41.4642857142857 1.47666601874944e-07
-40.6964285714286 4.26984751271734e-07
-39.9285714285714 1.37998449530489e-06
-39.1607142857143 4.59278876885462e-06
-38.3928571428571 1.54275284577964e-05
-37.625 5.11375356137519e-05
-36.8571428571429 0.000164303894670081
-36.0892857142857 0.000490729584343742
-35.3214285714286 0.00121223256051637
-34.5535714285714 0.00198743597593194
-33.7857142857143 0.00219165688784668
-33.0178571428571 0.0020166961273252
-32.25 0.00126981772308893
-31.4821428571429 0.000814870652155742
-30.7142857142857 0.00171396843662532
-29.9464285714286 0.00441213877013258
-29.1785714285714 0.0075346086750927
-28.4107142857143 0.00835652654125855
-27.6428571428572 0.00806195990985048
-26.875 0.00584723350984207
-26.1071428571429 0.00270679915895895
-25.3392857142857 0.00221835809435031
-24.5714285714286 0.00566495412077686
-23.8035714285714 0.0125639550184633
-23.0357142857143 0.0174433893448948
-22.2678571428572 0.0175473206012721
-21.5 0.0133295890287643
-20.7321428571429 0.00650572572739237
-19.9642857142857 0.00345779608289305
-19.1964285714286 0.00658933934211277
-18.4285714285714 0.0156246358386023
-17.6607142857143 0.0232041636940041
-16.8928571428572 0.0241777252797582
-16.125 0.0225237625427145
-15.3571428571429 0.0142933364327214
-14.5892857142857 0.00668863141249748
-13.8214285714286 0.00767997220885812
-13.0535714285714 0.0175624765487541
-12.2857142857143 0.0259975849566146
-11.5178571428572 0.0220539681219653
-10.75 0.0239449179012695
-9.98214285714287 0.0240313086031427
-9.21428571428573 0.0128157661789065
-8.44642857142859 0.0072087879198226
-7.67857142857144 0.0135056556468502
-6.9107142857143 0.0284041619561605
-6.14285714285716 0.0362457433328957
-5.37500000000001 0.0356848130599023
-4.60714285714287 0.0309394381979541
-3.83928571428573 0.0168936919432935
-3.07142857142859 0.00651075542850779
-2.30357142857144 0.00674427271153394
-1.5357142857143 0.0198462886650457
-0.767857142857157 0.0431257066405247
-1.37667655053519e-14 0.0552936278361444
0.767857142857129 0.0425380097665534
1.53571428571427 0.0195458417263233
2.30357142857142 0.00643653627045854
3.07142857142856 0.00527194170665746
3.8392857142857 0.014318068120836
4.60714285714284 0.0303418402943675
5.37499999999999 0.0405141560839493
6.14285714285713 0.0389885740252104
6.91071428571427 0.0258363587506703
7.67857142857141 0.0109990255529234
8.44642857142856 0.00602690595552512
9.2142857142857 0.0118056219288673
9.98214285714284 0.0229412339006616
10.75 0.0241726110759192
11.5178571428571 0.0223708399257907
12.2857142857143 0.0245870940770761
13.0535714285714 0.0161195024954121
13.8214285714286 0.00717316093655404
14.5892857142857 0.00700913078616357
15.3571428571428 0.0151893957052802
16.125 0.022836306189298
16.8928571428571 0.0232596639135296
17.6607142857143 0.0228514086281801
18.4285714285714 0.016175005916989
19.1964285714286 0.00700711399465033
19.9642857142857 0.00367495588266111
20.7321428571428 0.00706991728016417
21.5 0.0152750986338234
22.2678571428571 0.0210801476794628
23.0357142857143 0.0205078678810933
23.8035714285714 0.0138302304597142
24.5714285714286 0.00593104667779046
25.3392857142857 0.00224321502737323
26.1071428571428 0.00276152237718929
26.875 0.00631691263596368
27.6428571428571 0.00945616274950115
28.4107142857143 0.00998407354827087
29.1785714285714 0.00829064916072524
29.9464285714286 0.0045118679943314
30.7142857142857 0.00169558021944749
31.4821428571428 0.000866255777821638
32.25 0.00138058316073613
33.0178571428571 0.00193124737277852
33.7857142857143 0.00193006012865574
34.5535714285714 0.00193227617776714
35.3214285714285 0.00131130914631693
36.0892857142857 0.000564972474444413
36.8571428571428 0.00019720366324065
37.625 6.32028926417544e-05
38.3928571428571 1.94975635239129e-05
39.1607142857143 5.9150456460866e-06
39.9285714285714 1.80377231803627e-06
40.6964285714285 5.60807984432053e-07
41.4642857142857 1.89883404085808e-07
42.2321428571428 7.83953055433931e-08
