-43 3.19805644127078e-09
-42.2321428571429 8.7469385077066e-09
-41.4642857142857 3.02939307921397e-08
-40.6964285714286 1.06151304546554e-07
-39.9285714285714 3.85113572483869e-07
-39.1607142857143 1.43776974863605e-06
-38.3928571428571 5.60016612388336e-06
-37.625 2.23966145359434e-05
-36.8571428571429 9.03238071817766e-05
-36.0892857142857 0.000349246721858382
-35.3214285714286 0.00118929186687542
-34.5535714285714 0.00288609383371715
-33.7857142857143 0.003993146406099
-33.0178571428571 0.00297871210607037
-32.25 0.00116519041340489
-31.4821428571429 0.000533784818432791
-30.7142857142857 0.00157315546187948
-29.9464285714286 0.00540527259701969
-29.1785714285714 0.0130205830470379
-28.4107142857143 0.0192895974982219
-27.6428571428572 0.0172740850001867
-26.875 0.00914272601626409
-26.1071428571429 0.00311771889890891
-25.3392857142857 0.0023764768991767
-24.5714285714286 0.00743221393685621
-23.8035714285714 0.019859697873718
-23.0357142857143 0.0340737734148871
-22.2678571428572 0.0371282120102552
-21.5 0.0252572289757543
-20.7321428571429 0.0102333158764307
-19.9642857142857 0.00323635178327305
-19.1964285714286 0.00446648893875375
-18.4285714285714 0.0150556034552883
-17.6607142857143 0.0346380952193745
-16.8928571428572 0.0466874187967372
-16.125 0.0364786255377032
-15.3571428571429 0.0163704972588792
-14.5892857142857 0.00479935196540675
-13.8214285714286 0.00221560381312493
-13.0535714285714 0.00626920062926992
-12.2857142857143 0.0174023660404409
-11.5178571428572 0.0284219356087637
-10.75 0.0266695371475541
-9.98214285714287 0.0142433527858468
-9.21428571428573 0.00513105207427455
-8.44642857142859 0.0037721218075924
-7.67857142857144 0.00848403278249691
-6.9107142857143 0.0145229979646505
-6.14285714285716 0.0121196690652013
-5.37500000000001 0.0110639252051299
-4.60714285714287 0.0150599355415756
-3.83928571428573 0.010654034872628
-3.07142857142859 0.00670807982468878
-2.30357142857144 0.0114587115163199
-1.5357142857143 0.0220246314938268
-0.767857142857157 0.0198544685130555
-1.37667655053519e-14 0.0101191891371091
0.767857142857129 0.0194588758347727
1.53571428571427 0.0212521970431031
2.30357142857142 0.0112331998369735
3.07142857142856 0.00902988552757341
3.8392857142857 0.0192679414020496
4.60714285714284 0.0336099245520438
5.37499999999999 0.0370301933723035
6.14285714285713 0.0378337801134285
6.91071428571427 0.0310658939504748
7.67857142857141 0.0148394100341147
8.44642857142856 0.00601763585443946
9.2142857142857 0.00923408883128387
9.98214285714284 0.0257511511012489
10.75 0.0478275192102394
11.5178571428571 0.0544276485574815
12.2857142857143 0.0379032842429622
13.0535714285714 0.0157793291085787
13.8214285714286 0.00449196355196041
14.5892857142857 0.00331328581267801
15.3571428571428 0.0119047989136909
16.125 0.0310880957623845
16.8928571428571 0.0449423266869543
17.6607142857143 0.0358572927405685
18.4285714285714 0.0159822888887653
19.1964285714286 0.00453157326370778
19.9642857142857 0.00143540379903363
20.7321428571428 0.00350814887108908
21.5 0.0108200809534007
22.2678571428571 0.0190399784942289
23.0357142857143 0.0188558363246353
23.8035714285714 0.010575008069884
24.5714285714286 0.00365711314850517
25.3392857142857 0.000998514651072071
26.1071428571428 0.000868579943769524
26.875 0.00247297486508369
27.6428571428571 0.00477540659173375
28.4107142857143 0.00561605294202924
29.1785714285714 0.00406964389241022
29.9464285714286 0.00180199732789625
30.7142857142857 0.000561972750317812
31.4821428571428 0.000191745096882375
32.25 0.000303317445614668
33.0178571428571 0.000678591798695084
33.7857142857143 0.000905908823706121
34.5535714285714 0.00071299759272862
35.3214285714285 0.000328530649662138
36.0892857142857 0.000106019597955127
36.8571428571428 2.98971181748047e-05
37.625 8.1308976126388e-06
38.3928571428571 2.21420436590447e-06
39.1607142857143 6.05767470273042e-07
39.9285714285714 1.67531807567417e-07
40.6964285714285 4.65535908083379e-08
41.4642857142857 1.31113529588146e-08
42.2321428571428 4.07346495427552e-09
