-43 6.34962082006064e-09
-42.2321428571429 1.1891238104218e-08
-41.4642857142857 3.75472675887441e-08
-40.6964285714286 1.24984891775459e-07
-39.9285714285714 4.2453532338397e-07
-39.1607142857143 1.44998959012588e-06
-38.3928571428571 4.99810762461143e-06
-37.625 1.71932071413251e-05
-36.8571428571429 5.86307563396559e-05
-36.0892857142857 0.000191561252367761
-35.3214285714286 0.000546483297845498
-34.5535714285714 0.00110635488917251
-33.7857142857143 0.00139808836880499
-33.0178571428571 0.00114460144691104
-32.25 0.000561454236787363
-31.4821428571429 0.000259159048456334
-30.7142857142857 0.000625931516998582
-29.9464285714286 0.00217935551621672
-29.1785714285714 0.00540020675113464
-28.4107142857143 0.00808897479886033
-27.6428571428572 0.00702588374997723
-26.875 0.00343829152022262
-26.1071428571429 0.0010062659960646
-25.3392857142857 0.000746295970325673
-24.5714285714286 0.00295860985816914
-23.8035714285714 0.00928013479791933
-23.0357142857143 0.0175068395792399
-22.2678571428572 0.0182434419950719
-21.5 0.0103322821094399
-20.7321428571429 0.00329558124955257
-19.9642857142857 0.00144898575738562
-19.1964285714286 0.00433200550282472
-18.4285714285714 0.013480991015641
-17.6607142857143 0.0270097999401584
-16.8928571428572 0.0329241665313141
-16.125 0.0247783275485901
-15.3571428571429 0.0112017079312574
-14.5892857142857 0.00439119980608301
-13.8214285714286 0.00679962268427131
-13.0535714285714 0.0181101311576405
-12.2857142857143 0.0309725354979896
-11.5178571428572 0.0332210413426498
-10.75 0.0331716061823235
-9.98214285714287 0.0262201970652914
-9.21428571428573 0.0131049399023261
-8.44642857142859 0.0103378899097799
-7.67857142857144 0.0217943074015846
-6.9107142857143 0.0349225533662074
-6.14285714285716 0.0237330268741418
-5.37500000000001 0.019988607882836
-4.60714285714287 0.0349232710046331
-3.83928571428573 0.0266681704958583
-3.07142857142859 0.014880729035857
-2.30357142857144 0.0201737712425767
-1.5357142857143 0.0361544920073235
-0.767857142857157 0.0274637513945482
-1.37667655053519e-14 0.00706801823714868
0.767857142857129 0.0274638572000378
1.53571428571427 0.0361545377145092
2.30357142857142 0.0201737368676053
3.07142857142856 0.0148806277393297
3.8392857142857 0.0266679310986927
4.60714285714284 0.0349227319733344
5.37499999999999 0.0199877602420945
6.14285714285713 0.0237322067143769
6.91071428571427 0.0349220536468662
7.67857142857141 0.0217941100651492
8.44642857142856 0.0103378633180743
9.2142857142857 0.013104995956565
9.98214285714284 0.0262206442893552
10.75 0.0331732462431369
11.5178571428571 0.033223178052234
12.2857142857143 0.0309734622570064
13.0535714285714 0.0181100871085861
13.8214285714286 0.00679945116367943
14.5892857142857 0.00439113118744897
15.3571428571428 0.0112018778168561
16.125 0.0247790778816537
16.8928571428571 0.0329254504803611
17.6607142857143 0.0270108178215629
18.4285714285714 0.0134814138401351
19.1964285714286 0.00433211578063668
19.9642857142857 0.00144898249020857
20.7321428571428 0.00329548478666322
21.5 0.0103319481461141
22.2678571428571 0.0182428124258336
23.0357142857143 0.0175063035808569
23.8035714285714 0.00927994428769288
24.5714285714286 0.00295858908379561
25.3392857142857 0.000746314443141116
26.1071428571428 0.00100634887721082
26.875 0.00343853182758144
27.6428571428571 0.00702629285500463
28.4107142857143 0.00808942456145086
29.1785714285714 0.00540053287122085
29.9464285714286 0.00217950251148722
30.7142857142857 0.000625982704121493
31.4821428571428 0.000259150267227375
32.25 0.000561360127185659
33.0178571428571 0.00114441304614001
33.7857142857143 0.00139787182038846
34.5535714285714 0.00110616754640356
35.3214285714285 0.000546370912226268
36.0892857142857 0.000191515811945157
36.8571428571428 5.86151655074342e-05
37.625 1.7188029853042e-05
38.3928571428571 4.99647667637168e-06
39.1607142857143 1.449477958093e-06
39.9285714285714 4.24393602809478e-07
40.6964285714285 1.24950110511697e-07
41.4642857142857 3.75402143866457e-08
42.2321428571428 1.18814287631402e-08
