-43 5.34618784092238e-09
-42.2321428571429 7.67904008019603e-09
-41.4642857142857 1.85936944089204e-08
-40.6964285714286 5.57191371049483e-08
-39.9285714285714 1.82559260918399e-07
-39.1607142857143 6.14339118019732e-07
-38.3928571428571 2.0958799544885e-06
-37.625 7.14726417320005e-06
-36.8571428571429 2.40812189637288e-05
-36.0892857142857 7.73540965658426e-05
-35.3214285714286 0.000216396056525003
-34.5535714285714 0.000433821916388689
-33.7857142857143 0.000540904646545699
-33.0178571428571 0.000424363627191772
-32.25 0.00021245729027971
-31.4821428571429 0.00018083146705315
-30.7142857142857 0.000536953238312869
-29.9464285714286 0.00158467793413469
-29.1785714285714 0.00333265568116265
-28.4107142857143 0.00450019710242184
-27.6428571428572 0.00403972072943958
-26.875 0.00232225069093985
-26.1071428571429 0.00105141398509717
-25.3392857142857 0.00153453267449566
-24.5714285714286 0.00464256017035766
-23.8035714285714 0.0109986639693914
-23.0357142857143 0.0169461507013862
-22.2678571428572 0.0175545054951778
-21.5 0.0121895770599442
-20.7321428571429 0.00520521210017907
-19.9642857142857 0.00253071861060234
-19.1964285714286 0.00601901986791387
-18.4285714285714 0.018666767774224
-17.6607142857143 0.0390687337974624
-16.8928571428572 0.0491965731769713
-16.125 0.0371518141891351
-15.3571428571429 0.0164774016542
-14.5892857142857 0.00493018031503218
-13.8214285714286 0.00375274950361996
-13.0535714285714 0.0132201977030962
-12.2857142857143 0.0368486228168462
-11.5178571428572 0.0589968590582491
-10.75 0.0524728220504607
-9.98214285714287 0.0261220807307831
-9.21428571428573 0.0083661231635857
-8.44642857142859 0.00411280426192646
-7.67857142857144 0.00928441087688197
-6.9107142857143 0.0217717122676447
-6.14285714285716 0.03209849131662
-5.37500000000001 0.0335184175681283
-4.60714285714287 0.0260014286756486
-3.83928571428573 0.0131119257281954
-3.07142857142859 0.00633781719564393
-2.30357142857144 0.00871118380487788
-1.5357142857143 0.0161809231077719
-0.767857142857157 0.0142423173873443
-1.37667655053519e-14 0.00681387256772918
0.767857142857129 0.0142425506782684
1.53571428571427 0.0161803926853964
2.30357142857142 0.00871051476931892
3.07142857142856 0.00633804285415736
3.8392857142857 0.0131146174609811
4.60714285714284 0.0260080686351283
5.37499999999999 0.0335275033104865
6.14285714285713 0.0321070362481912
6.91071428571427 0.0217774408074347
7.67857142857141 0.00928680266316743
8.44642857142856 0.00411301322553212
9.2142857142857 0.00836482672421649
9.98214285714284 0.0261193547484704
10.75 0.052469604388935
11.5178571428571 0.058994199863834
12.2857142857143 0.0368467565792214
13.0535714285714 0.0132193419631179
13.8214285714286 0.00375234867175896
14.5892857142857 0.00492909304701574
15.3571428571428 0.0164734265169176
16.125 0.0371422901111303
16.8928571428571 0.0491836986142381
17.6607142857143 0.0390585850081117
18.4285714285714 0.0186618028258935
19.1964285714286 0.00601746656185824
19.9642857142857 0.00253111717703006
20.7321428571428 0.00520791212182014
21.5 0.0121958767025077
22.2678571428571 0.0175633318246491
23.0357142857143 0.016954094934387
23.8035714285714 0.0110035258278708
24.5714285714286 0.00464444206844234
25.3392857142857 0.00153481594707485
26.1071428571428 0.00105087140272742
26.875 0.00232144283304471
27.6428571428571 0.00403970524988984
28.4107142857143 0.0045006207545227
29.1785714285714 0.00333249311555472
29.9464285714286 0.00158434208301945
30.7142857142857 0.000536800328226659
31.4821428571428 0.000180837747988172
32.25 0.000212502773041045
33.0178571428571 0.000424083449631135
33.7857142857143 0.000540434119350533
34.5535714285714 0.000433776009203335
35.3214285714285 0.000216598512097903
36.0892857142857 7.74921524881773e-05
36.8571428571428 2.41425503501283e-05
37.625 7.1726860978005e-06
38.3928571428571 2.10626565483868e-06
39.1607142857143 6.18606575534248e-07
39.9285714285714 1.84202316543699e-07
40.6964285714285 5.61888417778046e-08
41.4642857142857 1.86901803955139e-08
42.2321428571428 7.70487293720491e-09
