-43 2.70543834822023e-08
-42.2321428571429 1.83591968906012e-08
-41.4642857142857 7.57681707261099e-08
-40.6964285714286 2.92895222943112e-07
-39.9285714285714 1.02895819687529e-06
-39.1607142857143 3.48789970159651e-06
-38.3928571428571 1.17167955687799e-05
-37.625 3.91243499977561e-05
-36.8571428571429 0.000128542871707306
-36.0892857142857 0.000400891018801416
-35.3214285714286 0.00107226127791459
-34.5535714285714 0.00200960947983194
-33.7857142857143 0.0024407577846227
-33.0178571428571 0.0020928071313675
-32.25 0.00114293957670051
-31.4821428571429 0.000642010410013715
-30.7142857142857 0.00160023341231534
-29.9464285714286 0.00549492955842062
-29.1785714285714 0.0135626298708718
-28.4107142857143 0.019858508814769
-27.6428571428572 0.016544398002854
-26.875 0.00785021365524616
-26.1071428571429 0.00268277617110079
-25.3392857142857 0.00291030826754987
-24.5714285714286 0.00900209077874572
-23.8035714285714 0.0219078221712468
-23.0357142857143 0.0334582967896437
-22.2678571428572 0.0335071407332288
-21.5 0.0227693018051339
-20.7321428571429 0.00996806011074286
-19.9642857142857 0.00470072289349189
-19.1964285714286 0.00835901595805478
-18.4285714285714 0.0190270341741654
-17.6607142857143 0.0258869827727116
-16.8928571428572 0.0251022423412888
-16.125 0.0252916692285882
-15.3571428571429 0.0176321428866224
-14.5892857142857 0.00745319023590139
-13.8214285714286 0.00450286051735706
-13.0535714285714 0.00992643858689729
-12.2857142857143 0.0207417252457397
-11.5178571428572 0.0271321759448064
-10.75 0.0253014437958013
-9.98214285714287 0.0163726708354536
-9.21428571428573 0.0071283369189202
-8.44642857142859 0.00460587109544314
-7.67857142857144 0.00989994867516958
-6.9107142857143 0.0217782784680105
-6.14285714285716 0.0311211291628183
-5.37500000000001 0.0326248408641621
-4.60714285714287 0.0254247227603558
-3.83928571428573 0.0125768406799845
-3.07142857142859 0.00764038986512753
-2.30357142857144 0.0154496405212895
-1.5357142857143 0.0303390824924426
-0.767857142857157 0.0260918732548755
-1.37667655053519e-14 0.0119334941064306
0.767857142857129 0.0264503497048067
1.53571428571427 0.0301000183761874
2.30357142857142 0.0160678864081396
3.07142857142856 0.0122955180304452
3.8392857142857 0.0233156200309707
4.60714285714284 0.0310318408785299
5.37499999999999 0.0182911551029524
6.14285714285713 0.0215788361671653
6.91071428571427 0.0310010336539194
7.67857142857141 0.0191426499172577
8.44642857142856 0.00809389537864494
9.2142857142857 0.00825027362072254
9.98214285714284 0.0186300305398487
10.75 0.0294735064656884
11.5178571428571 0.0309406222192336
12.2857142857143 0.0231946448031011
13.0535714285714 0.0112548311899117
13.8214285714286 0.0042014204237034
14.5892857142857 0.00390028641763678
15.3571428571428 0.00984108693572091
16.125 0.0188865761918806
16.8928571428571 0.0228553406674089
17.6607142857143 0.0189678466193479
18.4285714285714 0.0101858764394679
19.1964285714286 0.00385708652064158
19.9642857142857 0.00321034323042536
20.7321428571428 0.00814988536605838
21.5 0.0157534935111784
22.2678571428571 0.0185364519011668
23.0357142857143 0.0178822873268876
23.8035714285714 0.0137706898702832
24.5714285714286 0.00666805231517907
25.3392857142857 0.00314936036582011
26.1071428571428 0.00475709828307549
26.875 0.00986170881183476
27.6428571428571 0.0124197209287236
28.4107142857143 0.0121580287863425
29.1785714285714 0.0115241460749042
29.9464285714286 0.00712751954785717
30.7142857142857 0.00294079178106419
31.4821428571428 0.00177283337778201
32.25 0.00277003960336346
33.0178571428571 0.0030197877172409
33.7857142857143 0.00236051573174804
34.5535714285714 0.00306343782518347
35.3214285714285 0.00257984180958176
36.0892857142857 0.00122573647730463
36.8571428571428 0.000451163930409592
37.625 0.000149449146916612
38.3928571428571 4.7101037339749e-05
39.1607142857143 1.45102348823104e-05
39.9285714285714 4.43531999357518e-06
40.6964285714285 1.34063779017958e-06
41.4642857142857 4.00275352966341e-07
42.2321428571428 1.11411161147398e-07
