-43 9.43307485565473e-09
-42.2321428571429 5.90439168989158e-08
-41.4642857142857 2.75339477495471e-07
-40.6964285714286 9.81282359977952e-07
-39.9285714285714 3.24138444062625e-06
-39.1607142857143 1.04056972057899e-05
-38.3928571428571 3.28836795437248e-05
-37.625 0.000101709811879036
-36.8571428571429 0.000299121946109335
-36.0892857142857 0.000792976422791308
-35.3214285714286 0.00162696637190546
-34.5535714285714 0.00192744846427072
-33.7857142857143 0.00157868170370399
-33.0178571428571 0.00189532620836014
-32.25 0.00156617019597143
-31.4821428571429 0.00100734646497232
-30.7142857142857 0.00187635604287014
-29.9464285714286 0.00481641810703442
-29.1785714285714 0.00837545217423117
-28.4107142857143 0.00916370992800175
-27.6428571428572 0.00833522811886202
-26.875 0.0059218866170571
-26.1071428571429 0.00320295023011554
-25.3392857142857 0.00422446444229301
-24.5714285714286 0.0104621718739158
-23.8035714285714 0.0176293470681281
-23.0357142857143 0.0150521494146174
-22.2678571428572 0.0137013119275394
-21.5 0.0170471889948308
-20.7321428571429 0.0113092404840519
-19.9642857142857 0.0067478372667167
-19.1964285714286 0.0116552707606615
-18.4285714285714 0.022916152736968
-17.6607142857143 0.0226291772812715
-16.8928571428572 0.0156295367440395
-16.125 0.0235949997516717
-15.3571428571429 0.0218017057290225
-14.5892857142857 0.0103179473757838
-13.8214285714286 0.00673667896111585
-13.0535714285714 0.0142958529034552
-12.2857142857143 0.0274903468141191
-11.5178571428572 0.0336937349850242
-10.75 0.0327232793141958
-9.98214285714287 0.0232896243071384
-9.21428571428573 0.0104876642749169
-8.44642857142859 0.00533960825192258
-7.67857142857144 0.00971932380710697
-6.9107142857143 0.0218420246207328
-6.14285714285716 0.0312550549428596
-5.37500000000001 0.0326410677694652
-4.60714285714287 0.0261519380480171
-3.83928571428573 0.0132652903788739
-3.07142857142859 0.00643224114669667
-2.30357142857144 0.0101761229747557
-1.5357142857143 0.0214465387079968
-0.767857142857157 0.0241209001205603
-1.37667655053519e-14 0.0183035114327151
0.767857142857129 0.0239387508879758
1.53571428571427 0.0212542884279436
2.30357142857142 0.01019695969221
3.07142857142856 0.00703678161571663
3.8392857142857 0.0149554462906309
4.60714285714284 0.0284725842690874
5.37499999999999 0.0341089069347902
6.14285714285713 0.0327528522394219
6.91071428571427 0.0237740711172105
7.67857142857141 0.0108782399583949
8.44642857142856 0.00604046582307007
9.2142857142857 0.0118205346756424
9.98214285714284 0.0259901306032321
10.75 0.0358170024124366
11.5178571428571 0.0364465020351172
12.2857142857143 0.0301355404117333
13.0535714285714 0.01592185369946
13.8214285714286 0.0072874360476343
14.5892857142857 0.0105297169581856
15.3571428571428 0.0227231836641511
16.125 0.0265660055983017
16.8928571428571 0.0199029326813278
17.6607142857143 0.0254793484109556
18.4285714285714 0.0238329544709835
19.1964285714286 0.0117426579674763
19.9642857142857 0.00637636942191038
20.7321428571428 0.0105016072112676
21.5 0.0167992529029017
22.2678571428571 0.0152560067515405
23.0357142857143 0.0162395662634363
23.8035714285714 0.0170587733450028
24.5714285714286 0.00972353763806835
25.3392857142857 0.00377494781564459
26.1071428571428 0.00254075016388575
26.875 0.00470134057365128
27.6428571428571 0.00709636119100004
28.4107142857143 0.00802250736960818
29.1785714285714 0.00694307350196852
29.9464285714286 0.00377467822302036
30.7142857142857 0.00143976952663869
31.4821428571428 0.000811781356779673
32.25 0.00125161795555762
33.0178571428571 0.00127912298808448
33.7857142857143 0.000806125469116563
34.5535714285714 0.0012872593703836
35.3214285714285 0.0012974124905324
36.0892857142857 0.000675563534592401
36.8571428571428 0.000263201196541715
37.625 9.12362618460349e-05
38.3928571428571 2.98832670994667e-05
39.1607142857143 9.55722849160702e-06
39.9285714285714 3.00069924841736e-06
40.6964285714285 9.12204280295468e-07
41.4642857142857 2.54923746948832e-07
42.2321428571428 5.33750948488925e-08
