-43 3.00656044253545e-08
-42.2321428571429 5.14107722710878e-08
-41.4642857142857 1.37837942875104e-07
-40.6964285714286 4.16492496556819e-07
-39.9285714285714 1.30551342929641e-06
-39.1607142857143 4.10937341262827e-06
-38.3928571428571 1.29234047648911e-05
-37.625 4.00705689624691e-05
-36.8571428571429 0.000119469462119629
-36.0892857142857 0.000325825352153485
-35.3214285714286 0.000717046441190572
-34.5535714285714 0.000997048801660464
-33.7857142857143 0.000950645280387129
-33.0178571428571 0.000983290809947398
-32.25 0.000711019116674421
-31.4821428571429 0.000377894181629008
-30.7142857142857 0.00070925668840245
-29.9464285714286 0.0022297652546397
-29.1785714285714 0.00511716067549288
-28.4107142857143 0.00731295853571611
-27.6428571428572 0.00639980648779051
-26.875 0.00330121801567995
-26.1071428571429 0.00113396372092076
-25.3392857142857 0.00114993712061535
-24.5714285714286 0.00377755874559654
-23.8035714285714 0.00967770126589204
-23.0357142857143 0.0156916093349819
-22.2678571428572 0.0163317412775193
-21.5 0.0108410084755284
-20.7321428571429 0.00444722198729582
-19.9642857142857 0.00239806393396792
-19.1964285714286 0.0057014877542302
-18.4285714285714 0.0146221418191522
-17.6607142857143 0.0238435340183241
-16.8928571428572 0.0267801479124094
-16.125 0.0235644130325426
-15.3571428571429 0.0134164544087669
-14.5892857142857 0.00539513764748169
-13.8214285714286 0.00569912305689272
-13.0535714285714 0.0153011900524698
-12.2857142857143 0.0301984145618351
-11.5178571428572 0.0382854159106943
-10.75 0.0372194522215232
-9.98214285714287 0.0252509470224639
-9.21428571428573 0.0104239733820629
-8.44642857142859 0.00467974115145294
-7.67857142857144 0.0100946599602102
-6.9107142857143 0.0283680253209321
-6.14285714285716 0.0507632665021574
-5.37500000000001 0.0554096482842686
-4.60714285714287 0.0369624017461485
-3.83928571428573 0.0147418408439262
-3.07142857142859 0.00440303122952746
-2.30357142857144 0.00536932984781313
-1.5357142857143 0.0194159224619788
-0.767857142857157 0.0473346206936227
-1.37667655053519e-14 0.0642115407157962
0.767857142857129 0.0481062902118748
1.53571428571427 0.0200187060321619
2.30357142857142 0.00558662391410758
3.07142857142856 0.00421751989665781
3.8392857142857 0.0134964606250537
4.60714285714284 0.0331305171129737
5.37499999999999 0.0492938656180969
6.14285714285713 0.046086174215004
6.91071428571427 0.026728544742228
7.67857142857141 0.00987859697963877
8.44642857142856 0.00462604579461321
9.2142857142857 0.00965689194491823
9.98214285714284 0.0220230132191692
10.75 0.0302028134948992
11.5178571428571 0.0308594310677012
12.2857142857143 0.0263723224489914
13.0535714285714 0.0143311130869979
13.8214285714286 0.00562364503540502
14.5892857142857 0.00528057237238068
15.3571428571428 0.0122114050354672
16.125 0.0196385854466187
16.8928571428571 0.0211409479106815
17.6607142857143 0.0201613270766543
18.4285714285714 0.0135405141753101
19.1964285714286 0.00558175674177264
19.9642857142857 0.00245941500985983
20.7321428571428 0.00436463852767574
21.5 0.00997217617781613
22.2678571428571 0.0144436513028836
23.0357142857143 0.0141915004943073
23.8035714285714 0.00931967281009406
24.5714285714286 0.00383058921915108
25.3392857142857 0.00118721216932383
26.1071428571428 0.0010960227796667
26.875 0.00319140387894154
27.6428571428571 0.00634233655146088
28.4107142857143 0.00741866326840452
29.1785714285714 0.00524460544330763
29.9464285714286 0.00227138685552863
30.7142857142857 0.000697208402456003
31.4821428571428 0.000321233672177495
32.25 0.000628685169355669
33.0178571428571 0.00104605355826192
33.7857142857143 0.00115555025320053
34.5535714285714 0.00106017249893632
35.3214285714285 0.0006561931691608
36.0892857142857 0.000275083669873003
36.8571428571428 9.63161975976858e-05
37.625 3.14223872157678e-05
38.3928571428571 9.97687403396155e-06
39.1607142857143 3.14658301497534e-06
39.9285714285714 9.96115591742761e-07
40.6964285714285 3.18105896435294e-07
41.4642857142857 1.06585170141061e-07
42.2321428571428 4.22737515756881e-08
