-43 6.42220042838542e-09
-42.2321428571429 1.5350132357268e-08
-41.4642857142857 5.83842249037704e-08
-40.6964285714286 1.97265862457336e-07
-39.9285714285714 6.36133065638459e-07
-39.1607142857143 2.00295049417182e-06
-38.3928571428571 6.2408842539788e-06
-37.625 1.90169614109657e-05
-36.8571428571429 5.53221051258848e-05
-36.0892857142857 0.000144736675541652
-35.3214285714286 0.00028927080124847
-34.5535714285714 0.000288203950532633
-33.7857142857143 0.000142919800697348
-33.0178571428571 0.000301450359608514
-32.25 0.000390622688348148
-31.4821428571429 0.000366794092613934
-30.7142857142857 0.000698802286183882
-29.9464285714286 0.00147089175864099
-29.1785714285714 0.00191860079770622
-28.4107142857143 0.00143624201616109
-27.6428571428572 0.00175669058384322
-26.875 0.00200738071206257
-26.1071428571429 0.00134923285605
-25.3392857142857 0.00184271427942176
-24.5714285714286 0.00438957128424354
-23.8035714285714 0.00764276377704853
-23.0357142857143 0.0078506122223544
-22.2678571428572 0.00788578875781684
-21.5 0.00811978045781215
-20.7321428571429 0.00487340701378569
-19.9642857142857 0.0036107792459628
-19.1964285714286 0.00779736433123365
-18.4285714285714 0.0161074020051313
-17.6607142857143 0.0188964451110173
-16.8928571428572 0.0169693270324492
-16.125 0.0195075157912151
-15.3571428571429 0.0146905598782779
-14.5892857142857 0.00777511556455207
-13.8214285714286 0.0103272978644039
-13.0535714285714 0.0227817521971881
-12.2857142857143 0.0293393035960323
-11.5178571428572 0.0190365218494744
-10.75 0.0234475014469141
-9.98214285714287 0.0285520295799735
-9.21428571428573 0.016909879593251
-8.44642857142859 0.0130638629185615
-7.67857142857144 0.026099073129538
-6.9107142857143 0.0406893974362317
-6.14285714285716 0.0244581229011795
-5.37500000000001 0.018359363664816
-4.60714285714287 0.0386925711035433
-3.83928571428573 0.0310649862356551
-3.07142857142859 0.0171810740239365
-2.30357142857144 0.023203740666868
-1.5357142857143 0.0428702044681638
-0.767857142857157 0.0357145888852825
-1.37667655053519e-14 0.0136453575796731
0.767857142857129 0.0349359301753551
1.53571428571427 0.0422850518044873
2.30357142857142 0.0230395687394995
3.07142857142856 0.017452044399222
3.8392857142857 0.0321711076438563
4.60714285714284 0.0409901995492646
5.37499999999999 0.0208621244079376
6.14285714285713 0.026025496427691
6.91071428571427 0.0414356242165932
7.67857142857141 0.0263948300968046
8.44642857142856 0.0133472392638176
9.2142857142857 0.0178430670476197
9.98214285714284 0.0308845285023188
10.75 0.0267821374017196
11.5178571428571 0.0220228249826063
12.2857142857143 0.0313633193395499
13.0535714285714 0.0237418033542386
13.8214285714286 0.0107164460971143
14.5892857142857 0.00838311796584647
15.3571428571428 0.0164346322035734
16.125 0.0226827512353958
16.8928571428571 0.0204850373328172
17.6607142857143 0.021691044166147
18.4285714285714 0.0176613208549663
19.1964285714286 0.00838926384177682
19.9642857142857 0.0039125985758214
20.7321428571428 0.00551469397577777
21.5 0.00949188743874295
22.2678571428571 0.00966219391730011
23.0357142857143 0.00950927557332425
23.8035714285714 0.00876011850280272
24.5714285714286 0.00488850406806584
25.3392857142857 0.00202938432638842
26.1071428571428 0.00150378209397019
26.875 0.00227802600256124
27.6428571428571 0.00207888133361446
28.4107142857143 0.00176478007892774
29.1785714285714 0.00222105050717424
29.9464285714286 0.00164663583469444
30.7142857142857 0.000773642038239125
31.4821428571428 0.000410564182453792
32.25 0.000440662879910899
33.0178571428571 0.00032652914720774
33.7857142857143 0.0001402978949881
34.5535714285714 0.000317432121648582
35.3214285714285 0.000329269062960693
36.0892857142857 0.000166752222591457
36.8571428571428 6.41708646231217e-05
37.625 2.21407061759838e-05
38.3928571428571 7.28068378119865e-06
39.1607142857143 2.34014750271102e-06
39.9285714285714 7.44607735748714e-07
40.6964285714285 2.31838173649083e-07
41.4642857142857 6.9408783440773e-08
42.2321428571428 1.85801983082292e-08
