-43 4.14582853762358e-09
-42.2321428571429 1.12101044081549e-08
-41.4642857142857 5.72393882456906e-08
-40.6964285714286 2.20630921488939e-07
-39.9285714285714 7.95353041927184e-07
-39.1607142857143 2.81619591470858e-06
-38.3928571428571 9.94494247854471e-06
-37.625 3.4710386868949e-05
-36.8571428571429 0.000118870058042581
-36.0892857142857 0.000385884049668655
-35.3214285714286 0.00107154751500557
-34.5535714285714 0.00205896512230004
-33.7857142857143 0.0024831799622348
-33.0178571428571 0.00202995184126084
-32.25 0.00109071374701811
-31.4821428571429 0.000756699821978804
-30.7142857142857 0.00175048363871246
-29.9464285714286 0.00422643989127222
-29.1785714285714 0.00621309607419028
-28.4107142857143 0.00571895984806314
-27.6428571428572 0.00607735383543009
-26.875 0.00537334897466052
-26.1071428571429 0.00281350032627019
-25.3392857142857 0.00236530870047825
-24.5714285714286 0.00511579404898781
-23.8035714285714 0.00831626415602326
-23.0357142857143 0.00643377194316819
-22.2678571428572 0.00606526220886699
-21.5 0.00862598802033457
-20.7321428571429 0.00582906706517963
-19.9642857142857 0.00271240012223616
-19.1964285714286 0.0036508720090692
-18.4285714285714 0.00948541683294484
-17.6607142857143 0.0172974275096663
-16.8928571428572 0.0204105193048872
-16.125 0.0166158557318808
-15.3571428571429 0.00849793917017279
-14.5892857142857 0.00296980393683832
-13.8214285714286 0.00271021135798403
-13.0535714285714 0.00944606751336162
-12.2857142857143 0.0262469483193882
-11.5178571428572 0.0422126022802106
-10.75 0.0373185950155768
-9.98214285714287 0.0179042850602431
-9.21428571428573 0.00537036606992851
-8.44642857142859 0.0038974870174611
-7.67857142857144 0.0121334350569894
-6.9107142857143 0.0307043755740423
-6.14285714285716 0.0487302866175235
-5.37500000000001 0.0513792395135595
-4.60714285714287 0.03657327892069
-3.83928571428573 0.016172930465264
-3.07142857142859 0.00679757628640045
-2.30357142857144 0.0114601419620351
-1.5357142857143 0.028890053880368
-0.767857142857157 0.0458056372400662
-1.37667655053519e-14 0.0493636894290104
0.767857142857129 0.0456467217311429
1.53571428571427 0.0288171075891761
2.30357142857142 0.0115186840756184
3.07142857142856 0.00715605716516697
3.8392857142857 0.0171160380294887
4.60714285714284 0.0377731377470467
5.37499999999999 0.0519378633563899
6.14285714285713 0.0494179297389966
6.91071428571427 0.0318728190001956
7.67857142857141 0.0129126333578498
8.44642857142856 0.00445488826889127
9.2142857142857 0.00638122079208457
9.98214285714284 0.0194722399474764
10.75 0.0383054599428364
11.5178571428571 0.04306948171884
12.2857142857143 0.027979587941118
13.0535714285714 0.0108103975017954
13.8214285714286 0.00348063342725011
14.5892857142857 0.00410065319146838
15.3571428571428 0.0107023428177138
16.125 0.018756975071586
16.8928571428571 0.0216874112706554
17.6607142857143 0.0195405359382249
18.4285714285714 0.011855698052623
19.1964285714286 0.0048892501771981
19.9642857142857 0.00370000227792749
20.7321428571428 0.0078175137756481
21.5 0.0113539155630013
22.2678571428571 0.00761827454249963
23.0357142857143 0.00817148187350625
23.8035714285714 0.011023367873755
24.5714285714286 0.00687415470405152
25.3392857142857 0.00318406840416976
26.1071428571428 0.00374348033875078
26.875 0.00703156349840286
27.6428571428571 0.00758861477901878
28.4107142857143 0.00681756281749745
29.1785714285714 0.00769979857375809
29.9464285714286 0.0054146300199098
30.7142857142857 0.00229596632248563
31.4821428571428 0.00105145452949085
32.25 0.00148631012414865
33.0178571428571 0.00250131344072529
33.7857142857143 0.00290843509633134
34.5535714285714 0.0025065381014545
35.3214285714285 0.00139062788102659
36.0892857142857 0.000526077084612772
36.8571428571428 0.00016763961571914
37.625 5.00141960106029e-05
38.3928571428571 1.46015597359198e-05
39.1607142857143 4.23749742578162e-06
39.9285714285714 1.23597526280726e-06
40.6964285714285 3.56794843943046e-07
41.4642857142857 9.97002493530368e-08
42.2321428571428 2.34316140177928e-08
