0.070711784610  0.0000000236492834
0.070753888679  0.0000000000003532
0.070756905206  -0.0000022498637516
0.070756905216  0.0000021650730135
0.071301441704  -0.0000001530444689
0.071492831275  0.0001465811503024
0.071492831290  -0.0001467760882337
0.071509217045  0.0000000000007876
0.071678247205  0.0000001952696035
0.071831767285  0.0003114419659835
0.071831767293  -0.0003110844186765
0.072054966129  -0.0000000006478150
0.072064149945  0.0000000000002502
0.072241313314  -0.0043372815652977
0.072241313318  0.0043364138872873
0.072562295885  -0.0125326412868056
0.072562295885  0.0125320596724669
0.072648885978  -0.0000000991883949
0.072725140115  -0.0000000000021606
0.072865889542  -0.0000000004763187
0.072930546515  -0.0045785510659918
0.072930546521  0.0045797633490624
0.073141034959  -0.0000000000090055
0.073390192582  -0.0000000050865478
0.073397793027  -0.0042075111913898
0.073397793032  0.0042056394882501
0.073408394302  -0.0000000000018720
0.073629449144  0.0000000562749109
0.073649968350  0.0078817426115054
0.073649968354  -0.0078757110957302
0.073684502830  -0.0000000238757420
0.073708062472  0.0000000000046476
0.073756173400  0.0118918068591611
0.073756173401  -0.0118940628348665
0.073756643550  0.0000000000133721
0.073771125615  0.0000000000011709
0.073903828356  -0.0000000000014162
0.073963028941  0.0000002893241374
0.073996939370  0.0000000081774453
0.074021128672  -0.0000023565082439
0.074158537714  -0.0000000002125270
0.074242432337  0.0000000911806478
0.074259992262  0.0005953091572030
0.074259992270  -0.0005950204839143
0.074331809295  0.0000000000026210
0.074335221314  -0.0000000000098953
0.074350312802  0.0000265440721446
0.074350312806  -0.0000265355596021
0.074436596075  -0.0000012109886392
0.074521010479  0.0000585025354440
0.075448140422  0.0000003050112196
0.075448140772  -0.0000004426035813
0.075490244491  0.0000000824881245
0.075490244842  -0.0000000577189582
0.075493261018  0.0000104560309627
0.075493261028  -0.0000099993927521
0.075493261368  0.0000108049459205
0.075493261378  -0.0000104427482178
0.076037797516  0.0000010623559728
0.076037797867  -0.0000009277858517
0.076229187087  -0.0004392534201768
0.076229187102  0.0004396295066875
0.076229187437  -0.0004394143685079
0.076229187452  0.0004396955829631
0.076245572857  0.0000000378255371
0.076245573208  -0.0000000216552838
0.076414603017  -0.0000000289690535
0.076414603367  -0.0000000438850309
0.076568123097  -0.0004236258679655
0.076568123105  0.0004218827041511
0.076568123447  -0.0004218381218395
0.076568123455  0.0004228114327351
0.076791321941  0.0000009876622223
0.076791322291  -0.0000010107167965
0.076800505758  -0.0000000098258020
0.076800506108  -0.0000000020099529
0.076977669126  0.0025525268909940
0.076977669130  -0.0025524533542890
0.076977669476  0.0025525978641452
0.076977669481  -0.0025520435284581
0.077298651697  -0.0036882617972636
0.077298651697  0.0036878929924505
0.077298652047  -0.0036881725013708
0.077298652048  0.0036887934932037
0.077385241790  0.0000001021116315
0.077385242140  0.0000000229281498
0.077461495927  -0.0000006978275423
0.077461496278  0.0000007278918064
0.077602245354  0.0000005522804167
0.077602245704  -0.0000009205520068
0.077666902327  -0.0003452416993443
0.077666902333  0.0003454182169069
0.077666902677  -0.0003454112502469
0.077666902684  0.0003454001331504
0.077877390771  -0.0000002041047632
0.077877391121  0.0000003900321841
0.078126548394  0.0000012112876294
0.078126548744  -0.0000012596959933
0.078134148839  -0.0000049772459778
0.078134148844  0.0000049964114516
0.078134149189  -0.0000049994877048
0.078134149194  0.0000049658187338
0.078144750114  0.0000002073156761
0.078144750465  -0.0000003114196576
0.078365804956  -0.0000000010266204
0.078365805306  -0.0000000100647953
0.078386324162  -0.0001628828388540
0.078386324166  0.0001627719020642
0.078386324512  -0.0001627558602240
0.078386324516  0.0001627167399485
0.078420858642  0.0000000417126441
0.078420858992  -0.0000000153611431
0.078444418284  0.0000002638337867
0.078444418635  -0.0000002735692004
0.078492529212  0.0000988513643143
0.078492529213  -0.0000988604046959
0.078492529563  0.0000988224837491
0.078492529564  -0.0000988496068943
0.078492999362  -0.0000013508342176
0.078492999712  0.0000012361536013
0.078507481427  0.0000000142590826
0.078507481777  0.0000000023427084
0.078640184168  -0.0000001193154079
0.078640184518  0.0000000164372821
0.078699384753  0.0000000329692852
0.078699385104  -0.0000010010101280
0.078733295182  0.0000028113627977
0.078733295532  -0.0000041781651476
0.078757484484  0.0000006767573248
0.078757484835  -0.0000033295912453
0.078894893526  -0.0000009409925550
0.078894893877  -0.0000010268972061
0.078978788149  0.0000000253964671
0.078978788499  -0.0000001830345002
0.078996348074  -0.0000973547298831
0.078996348082  0.0000968643172634
0.078996348424  -0.0000969546259496
0.078996348433  0.0000972631074773
0.079012552252  -0.0000000000000555
0.079054656322  0.0000000028233642
0.079057672848  0.0000067455641423
0.079057672858  -0.0000067521064642
0.079068165107  -0.0000003929697230
0.079068165458  0.0000003280290596
0.079071577126  -0.0000037602159713
0.079071577477  0.0000036661652344
0.079086668614  -0.0001786227199721
0.079086668618  0.0001787407104244
0.079086668965  -0.0001781336513363
0.079086668969  0.0001780638056251
0.079172951887  0.0000018008296115
0.079172952237  0.0000006415380861
0.079257366291  0.0003366874287336
0.079257366642  0.0003367744489160
0.079602209347  -0.0000000000000888
0.079791028483  0.0000000000000125
0.079793598917  -0.0000542172987586
0.079793598932  0.0000542089955051
0.079809984688  0.0000000003528416
0.079833132552  0.0000001000647397
0.079836149078  0.0000042126073314
0.079836149089  -0.0000044666593600
0.079979014847  -0.0000000000000102
0.080132534927  0.0000692459125206
0.080132534935  -0.0000692481177259
0.080355733771  -0.0000000000000630
0.080364917588  0.0000000003164211
0.080380685577  0.0000000000000005
0.080542080956  -0.0004781709923719
0.080542080961  0.0004781917542493
0.080572075148  0.0001029229996997
0.080572075163  -0.0001031676774302
0.080588460918  0.0000001224407807
0.080757491078  -0.0000000000001507
0.080863063527  -0.0015708869352792
0.080863063528  0.0015708787249330
0.080911011157  0.0000382290626190
0.080911011166  -0.0000381034544099
0.080949653620  -0.0000000000001240
0.081025907758  -0.0000000191494815
0.081134210002  0.0000000000003813
0.081143393818  -0.0000000335577080
0.081166657184  0.0000000000000330
0.081231314157  0.0013560798346492
0.081231314164  -0.0013560323382657
0.081320557186  0.0008001944097549
0.081320557191  -0.0008001195027620
0.081441802601  0.0000000445418756
0.081641539758  -0.0076849293349782
0.081641539758  0.0076859510675605
0.081690960224  0.0000000000004016
0.081698560669  0.0008685274249641
0.081698560674  -0.0008684266214411
0.081709161945  -0.0000000000776998
0.081728129850  0.0000000000001611
0.081804383988  0.0000000002397637
0.081930216786  -0.0000000000004530
0.081945133414  -0.0000000000005895
0.081950735992  -0.0009257339173638
0.081950735996  0.0009256823762705
0.081985270472  0.0000000000009136
0.082008830115  0.0000000015639717
0.082009790388  0.0112365989191864
0.082009790394  -0.0112405523005697
0.082056941043  -0.0019620075934873
0.082056941044  0.0019619783021488
0.082057411192  0.0000000135867693
0.082071893257  -0.0000000032416004
0.082204595998  -0.0000000229344992
0.082220278832  -0.0000000099632019
0.082263796584  -0.0000000000009838
0.082297707012  -0.0000000000010590
0.082321896315  -0.0000000000000909
0.082458801143  0.0000001858465282
0.082459305357  -0.0000001158521052
0.082469436455  0.0000000000025794
0.082477036900  0.0086889158911695
0.082477036904  -0.0086923036676090
0.082478931891  0.0000000003832308
0.082487638175  -0.0000000937458529
0.082500905213  0.0000000000040180
0.082503921739  -0.0000292330044227
0.082503921749  0.0000289733907195
0.082521035960  -0.0000000000000561
0.082524052487  -0.0000864960081267
0.082524052497  0.0000862823180320
0.082543199979  -0.0000000000041913
0.082560759904  -0.0000400509225538
0.082560759913  0.0000400474706037
0.082632576938  -0.0000000040708956
0.082635988957  -0.0000000204628233
0.082651080445  -0.0000005738904273
0.082651080449  0.0000005810844705
0.082708693016  0.0000000000009276
0.082729212223  -0.0237740658865364
0.082729212227  0.0237687708081374
0.082737363717  -0.0000000000013643
0.082763746703  0.0000000000008874
0.082787306345  0.0000000303889050
0.082821778122  0.0000765444408186
0.082835417273  -0.0165310639175954
0.082835417274  0.0165317141731855
0.082835887423  0.0000000460409245
0.082850369487  0.0000006926925453
0.082872563927  0.0000002855646382
0.082872563929  -0.0000002809517391
0.082914667996  0.0000013981566624
0.082914667999  -0.0000013968258656
0.082917684523  -0.0000026480143642
0.082917684525  -0.0000017050235966
0.082917684533  0.0000017053461418
0.082917684535  0.0000026553667986
0.082983072228  0.0000013202762829
0.083042272814  -0.0000000000001473
0.083048458238  -0.0000000608343484
0.083068588985  0.0000000014107494
0.083076183243  0.0000000000052690
0.083100372545  0.0000000000030341
0.083237781587  0.0000010903671676
0.083239847808  0.0003514766677521
0.083239847823  -0.0003518263933209
0.083256233579  0.0000000000035109
0.083259978556  0.0010136205322692
0.083259978571  -0.0010138979604713
0.083276364326  -0.0000000000015788
0.083321676210  -0.0000000000050163
0.083339236134  0.0005877081526496
0.083339236143  -0.0005881215547636
0.083411053168  0.0000000146323628
0.083414465187  0.0000001154218163
0.083425263738  -0.0000001261899919
0.083429556675  -0.0009240906486188
0.083429556679  0.0009237275549163
0.083445394486  -0.0000000025294695
0.083462221021  0.0000021327318345
0.083462221024  -0.0000021044634064
0.083515839947  -0.0000000000250486
0.083578783818  0.0003291393057716
0.083578783827  -0.0003293247324412
0.083598914566  0.0002761790587842
0.083598914574  -0.0002762268025628
0.083600254352  -0.0027867838727961
0.083653610592  0.0000249908887203
0.083653610594  0.0000267607432290
0.083653610607  -0.0000267640564691
0.083653610609  -0.0000249916357208
0.083669996362  0.0000009159175765
0.083669996365  -0.0000009087449693
0.083801982662  -0.0000000024303545
0.083811166479  0.0000000000015269
0.083822113410  0.0000001069277339
0.083831297226  0.0000000000001561
0.083839026522  -0.0000000283188238
0.083839026524  0.0000000222923516
0.083988329847  -0.0014841567458051
0.083988329852  0.0014841377605222
0.083992546601  -0.0000072632239802
0.083992546604  -0.0000076601161228
0.083992546610  0.0000076415440426
0.083992546613  0.0000072621750277
0.084008460595  0.0001997359927686
0.084008460599  -0.0001997076450374
0.084215745446  -0.0000047287854079
0.084215745448  0.0000047509473845
0.084224929262  0.0000000098764493
0.084224929265  -0.0000000098730830
0.084309312418  0.0046079016360177
0.084309312419  -0.0046081761138393
0.084329443166  -0.0008452264010284
0.084329443166  0.0008452045430060
0.084395902511  -0.0000000247179296
0.084402092631  -0.0000320720998702
0.084402092633  -0.0000319157671788
0.084402092635  0.0000319198008825
0.084402092638  0.0000320690301119
0.084416033259  0.0000000006704154
0.084472156649  -0.0000000000103798
0.084492287396  0.0000000000139591
0.084612906075  -0.0000000110832315
0.084633036823  0.0000000957542575
0.084677563048  -0.0006417111774044
0.084677563055  0.0006417892029426
0.084697693796  -0.0000182962322467
0.084697693802  0.0000183039105757
0.084723075202  -0.0003221997311333
0.084723075202  0.0003214564419306
0.084723075204  0.0003221983833412
0.084723075205  -0.0003214475407639
0.084809665294  -0.0000000706714406
0.084809665297  0.0000000720541966
0.084885919432  -0.0000024788596246
0.084885919435  0.0000024997854610
0.084888051492  0.0000000000057304
0.084908182240  -0.0000000000024539
0.085026668859  0.0000033264030410
0.085026668861  -0.0000032644826497
0.085091325832  -0.0000603490449137
0.085091325834  -0.0000600950517995
0.085091325838  0.0000600264306845
0.085091325841  0.0000603397024087
0.085137209115  -0.0000000141754979
0.085144809560  -0.0004547298652596
0.085144809565  0.0004547392249134
0.085155410836  0.0000000000131993
0.085157339863  -0.0000000117315796
0.085164940308  -0.0000529520171110
0.085164940313  0.0000525702477129
0.085175541583  -0.0000000000000878
0.085301814276  -0.0000014269626507
0.085301814278  0.0000013806650474
0.085376465677  -0.0000001763953001
0.085396596425  -0.0000000004821047
0.085396984883  -0.0001085086256696
0.085396984887  0.0001084748467012
0.085417115631  0.0001411207647775
0.085417115635  -0.0001412013509243
0.085431519363  -0.0000000048476206
0.085451650111  -0.0000000041557494
0.085455079006  -0.0000000000091899
0.085475209753  -0.0000000000003939
0.085503189934  -0.0017870650330964
0.085503189935  0.0017871082503703
0.085503660083  0.0000000000384543
0.085518142148  0.0000000000132955
0.085523320681  -0.0011122616511868
0.085523320682  0.0011124660803028
0.085523790831  -0.0000000000057174
0.085538272896  -0.0000000000307724
0.085550971899  0.0000025075441966
0.085550971901  -0.0000026494952462
0.085558572344  -0.0000352423756915
0.085558572346  -0.0000344808706491
0.085558572349  0.0000344812433197
0.085558572351  0.0000351729795703
0.085569173619  -0.0000000043798371
0.085569173622  0.0000000093972642
0.085650844889  -0.0000000000091163
0.085670975637  -0.0000000000140909
0.085710045475  -0.0000000111765947
0.085730176222  0.0000000449978124
0.085743955903  -0.0000000136864200
0.085764086651  0.0000002474639755
0.085768145206  -0.0000022770862933
0.085788275953  0.0000000543675293
0.085790228461  0.0000000019999958
0.085790228463  -0.0000000018697805
0.085810747667  -0.0000000206888871
0.085810747669  -0.0000000170893937
0.085810747671  0.0000000199753109
0.085810747673  0.0000000206014155
0.085845282147  0.0000001964117536
0.085845282149  -0.0000001901324583
0.085868841789  -0.0000000854517330
0.085868841792  0.0000000891004375
0.085905554248  -0.0000000003880562
0.085916952717  -0.0000026191466069
0.085916952718  0.0000026268360068
0.085916952720  -0.0000026260983597
0.085916952721  0.0000026195463076
0.085917422867  -0.0000001188107037
0.085917422869  0.0000001124321894
0.085925684995  0.0000000003579856
0.085931904932  0.0000001291442557
0.085931904934  -0.0000001212974877
0.085989448870  -0.0000000377355069
0.086007008795  -0.0003167013905246
0.086007008804  0.0003166110239230
0.086009579618  0.0000000031483504
0.086027139543  0.0008271492520015
0.086027139551  -0.0008274548040767
0.086064607672  0.0000001977844426
0.086064607675  -0.0000001867421872
0.086078825829  0.0000000000075885
0.086082237848  -0.0000000000868317
0.086097329336  -0.0000098689626543
0.086097329340  0.0000098923427143
0.086098956576  -0.0000000000088007
0.086102368595  -0.0000000000386684
0.086117460083  -0.0008490292297297
0.086117460087  0.0008486707985920
0.086123808258  -0.0000011496608206
0.086123808261  0.0000013025151829
0.086157718687  0.0000030795422613
0.086157718689  -0.0000033658782644
0.086181907989  -0.0000030894120012
0.086181907992  0.0000032621298325
0.086183612608  0.0000002146458475
0.086203743356  0.0000000082229356
0.086268027013  0.0018193300864684
0.086288157760  0.0026899952426861
0.086297581103  0.0000000051023741
0.086297581513  -0.0000000011218457
0.086319317031  -0.0000032177032893
0.086319317034  0.0000033474577811
0.086339685172  -0.0000001285150010
0.086339685582  -0.0000001613945102
0.086342701699  -0.0000278137797042
0.086342701709  0.0000283697789658
0.086342702109  -0.0000281336723012
0.086342702119  0.0000278033452129
0.086403211654  0.0000002741599950
0.086403211656  -0.0000002604561043
0.086420771578  -0.0000983294644970
0.086420771581  -0.0000991626814358
0.086420771587  0.0000991347244142
0.086420771590  0.0000982813679442
0.086492588612  -0.0000000138329221
0.086492588615  0.0000000156320877
0.086496000631  0.0000008523724151
0.086496000634  -0.0000008557472336
0.086509373936  -0.0000000000941601
0.086511092119  0.0001001934980005
0.086511092122  0.0001005537162094
0.086511092123  -0.0001005636408420
0.086511092126  -0.0001001779396996
0.086551478005  -0.0000000000000020
0.086554494532  -0.0000005570213984
0.086554494542  0.0000005582535496
0.086597375391  -0.0000004216431691
0.086597375394  0.0000004508237789
0.086681789796  0.0001264860528424
0.086681789799  0.0001268162795373
0.086887238197  -0.0000001527005826
0.086887238607  0.0000001260550267
0.087078627768  0.0002328781548115
0.087078627783  -0.0002327105786374
0.087078628178  0.0002327566997432
0.087078628193  -0.0002329281452067
0.087095013538  0.0000002989630109
0.087095013949  -0.0000002466306436
0.087099031030  0.0000000001749416
0.087264043698  0.0000000061773582
0.087264044108  0.0000001146890300
0.087290420601  0.0001960557333564
0.087290420616  -0.0001960302358765
0.087306806372  0.0000000000000043
0.087417563777  -0.0001867568966801
0.087417563786  0.0001865686834513
0.087417564188  -0.0001867016845915
0.087417564196  0.0001867852329002
0.087475836531  -0.0000000008916493
0.087629356611  0.0002918482443509
0.087629356619  -0.0002917943054888
0.087640762622  0.0000001100557592
0.087640763032  -0.0000000845654066
0.087649946438  0.0000000002932280
0.087649946849  0.0000000584683574
0.087827109807  -0.0006734634166802
0.087827109811  0.0006730341595483
0.087827110217  -0.0006707491518287
0.087827110222  0.0006718151023778
0.087852555455  0.0000000451959000
0.087861739272  0.0000000000000695
0.088038902640  -0.0013634734181965
0.088038902645  0.0013635033188402
0.088148092378  -0.0043536148728428
0.088148092378  0.0043528585513114
0.088148092788  0.0043515416485772
0.088148092789  -0.0043516328425834
0.088234682470  -0.0000000276406819
0.088234682881  0.0000000553729001
0.088310936608  -0.0000000832813963
0.088310937019  -0.0000000445991092
0.088359885211  -0.0006625385150942
0.088359885212  0.0006625387702635
0.088446475304  0.0000000027157374
0.088451686035  -0.0000000351863416
0.088451686445  0.0000001152254364
0.088516343008  -0.0020135995784528
0.088516343014  0.0020147562305280
0.088516343418  -0.0020147645723666
0.088516343425  0.0020145666697968
0.088522729442  0.0000000000000751
0.088663478868  -0.0000000386568581
0.088726831452  0.0000005083501656
0.088726831862  0.0000007227839856
0.088728135841  0.0008165091822996
0.088728135848  -0.0008164200717775
0.088806724749  0.0000000000000449
0.088811766865  -0.0000000000001192
0.088848828818  -0.0000000100319920
0.088851845345  -0.0000018769149995
0.088851845355  0.0000018457614848
0.088853870935  0.0000000014106761
0.088856887461  -0.0000002482787180
0.088856887471  0.0000002485797033
0.088938624285  -0.0000000000000513
0.088975989075  0.0000010840161752
0.088975989485  -0.0000005385382061
0.088983589520  -0.0005759224249160
0.088983589525  0.0005759767958192
0.088983589930  -0.0005752274728692
0.088983589935  0.0005759215985322
0.088994190795  0.0000000585545978
0.088994191205  0.0000000257590806
0.089187781908  0.0000002811763930
0.089195382353  0.0006654637385439
0.089195382358  -0.0006654633073845
0.089205983628  -0.0000000000002744
0.089215245637  -0.0000001290272826
0.089215246047  -0.0000000879937827
0.089235764843  0.0010610496129087
0.089235764847  -0.0010608028294436
0.089235765253  0.0010607851399511
0.089235765257  -0.0010609646552549
0.089270299323  -0.0000000828927703
0.089270299733  0.0000000657734693
0.089293858965  0.0000008380264698
0.089293859375  -0.0000005024736798
0.089341969893  0.0020979863451738
0.089341969894  -0.0020979462520169
0.089341970304  -0.0020978163555142
0.089341970304  0.0020979495735117
0.089342440043  -0.0000008438584203
0.089342440453  -0.0000001546498807
0.089356922108  -0.0000006882800194
0.089356922518  -0.0000018587674700
0.089396381843  0.0000000000001387
0.089401423960  -0.0000000000001136
0.089427038470  -0.0000000001233801
0.089447557676  0.0003789290793401
0.089447557680  -0.0003789467215196
0.089482092156  0.0000000133642774
0.089489624848  0.0000001752558393
0.089489625259  -0.0000011490443337
0.089505651798  0.0000000000007682
0.089548825434  0.0000004396831683
0.089548825844  -0.0000016132916101
0.089553762726  -0.0013435735775312
0.089553762727  0.0013435851529681
0.089554232876  0.0000000000015196
0.089568714941  -0.0000000000008654
0.089582735863  0.0000019160681931
0.089582736273  -0.0000011096982407
0.089587771414  0.0000439573251981
0.089587771429  -0.0000439447780952
0.089592813530  0.0000300279880042
0.089592813545  -0.0000300291595808
0.089604157185  -0.0000000125514788
0.089606925165  0.0000052858745354
0.089606925575  0.0000054666162992
0.089609199301  0.0000000023138511
0.089701417682  0.0000000000003312
0.089744334207  -0.0000001103788607
0.089744334617  0.0000000661700494
0.089760618267  0.0000000038471625
0.089773187344  0.0000000000001491
0.089778229460  0.0000000000000885
0.089794528696  0.0000000317186880
0.089818717998  0.0000000287043962
0.089828228830  -0.0000005267692084
0.089828229240  0.0000001850570271
0.089845788754  -0.0000213407946057
0.089845788763  0.0000213028482913
0.089845789165  -0.0000216485095915
0.089845789173  0.0000214585110465
0.089917605788  0.0000000662440287
0.089917606199  0.0000000931618353
0.089921017807  0.0000016930879638
0.089921018218  -0.0000001045872111
0.089926707424  -0.0000004000252417
0.089926707432  0.0000003837982492
0.089931749540  -0.0000002106163571
0.089931749549  0.0000002103218680
0.089936109295  -0.0001527583266870
0.089936109299  0.0001518314732002
0.089936109706  -0.0001519047204383
0.089936109709  0.0001523278923237
0.089956127040  0.0000000000003551
0.090022392567  -0.0000006706291625
0.090022392978  0.0000003859238201
0.090040021663  -0.0000000104824014
0.090057581588  -0.0000476418759051
0.090057581596  0.0000476553953033
0.090106806972  0.0003256662356115
0.090106807383  0.0003246532965180
0.090129398621  -0.0000000000019033
0.090132810640  -0.0000000000013190
0.090147902128  0.0000721736533196
0.090147902132  -0.0000721435103938
0.090149906268  0.0000000000005668
0.090154948384  0.0000000000001838
0.090159090085  0.0000000022221605
0.090164132201  -0.0000000001599087
0.090234185401  0.0000000127563102
0.090318599805  -0.0001881630281843
0.090336253453  0.0004343311467002
0.090336253458  -0.0004343190362965
0.090341295569  0.0002008684053939
0.090341295574  -0.0002008480680871
0.090657236024  -0.0002448999431225
0.090657236025  0.0002449079316372
0.090662278140  -0.0002959915534204
0.090662278141  0.0002959888400246
0.090743826117  0.0000000000001285
0.090748868233  -0.0000000000007670
0.090820080255  -0.0000000014104930
0.090825122371  -0.0000000114060732
0.090960829681  -0.0000000000002416
0.090965871797  0.0000000000003172
0.091025486654  0.0002008918348159
0.091025486661  -0.0002008916325911
0.091030528770  -0.0000379199749747
0.091030528777  0.0000379175805718
0.091119583021  -0.0000064922485737
0.091119583071  0.0000064208372016
0.091161687091  0.0000004444521382
0.091161687140  -0.0000004347043141
0.091164703617  0.0001078375685112
0.091164703627  -0.0001010236640201
0.091164703667  0.0001009607820340
0.091164703677  -0.0001078180243810
0.091235975098  0.0000000003019863
0.091241017214  -0.0000000054760244
0.091485132721  0.0000000000002551
0.091490174837  -0.0000000000015106
0.091492733166  -0.0000006611137533
0.091492733171  0.0000006543101022
0.091497775282  0.0000073480687770
0.091497775287  -0.0000073580173716
0.091503334441  -0.0000000030806036
0.091508376558  -0.0000000034812347
0.091709240116  -0.0000024745570185
0.091709240165  0.0000026661555030
0.091724389283  0.0000000000007697
0.091729431399  0.0000000000002068
0.091744908489  -0.0004292913560375
0.091744908493  0.0004292829447464
0.091749950605  -0.0004777332423559
0.091749950609  0.0004777438896618
0.091779442969  -0.0000000000016391
0.091784485085  0.0000000000004768
0.091803002611  0.0000000000441132
0.091808044728  0.0000000004390082
0.091851113540  -0.0010242222044137
0.091851113540  0.0010242594612921
0.091851583689  -0.0000000002643821
0.091856155656  0.0001839547271916
0.091856155657  -0.0001839124170377
0.091856625805  -0.0000000129187066
0.091866065754  0.0000000081586053
0.091871107870  -0.0000000020951127
0.091900629686  -0.0010859733050359
0.091900629701  0.0010974453168639
0.091900629736  -0.0010973867112023
0.091900629751  0.0010862246963169
0.091917015457  -0.0000008690830038
0.091917015507  0.0000009101202978
0.091998768495  0.0000000026338339
0.092003810611  0.0000000066976890
0.092057969080  0.0000000000015635
0.092063011197  -0.0000000000029539
0.092086045616  0.0000000529703430
0.092086045666  -0.0000000706718899
0.092091879509  0.0000000000000591
0.092096921625  -0.0000000000018070
0.092101494351  -0.0000185834118040
0.092101494355  0.0000185764856555
0.092116068811  0.0000000000029623
0.092121110928  0.0000000000001199
0.092140407850  0.0000000568306727
0.092143598420  0.0000004161837285
0.092143598424  -0.0000004163680067
0.092146614947  -0.0000182629765543
0.092146614951  -0.0000423441463582
0.092146614957  0.0000423474837914
0.092146614961  0.0000182969714107
0.092182511919  0.0000000000048571
0.092185528446  -0.0000024775937876
0.092185528456  0.0000024185276102
0.092239565696  -0.0001994725718184
0.092239565705  0.0002015669895699
0.092239565746  -0.0002015722638700
0.092239565754  0.0002003879015865
0.092253477853  0.0000007848984965
0.092258519970  0.0000000046621017
0.092337372476  0.0000000000017533
0.092342414592  -0.0000000000069136
0.092354932401  -0.0001600804106642
0.092354932409  0.0001601616076316
0.092359974517  0.0001260922910916
0.092359974526  -0.0001260780402543
0.092426749434  -0.0000000069147909
0.092430161453  -0.0000000276752554
0.092431791551  -0.0000000024240893
0.092435203570  -0.0000000365175032
0.092445252941  0.0006684233631320
0.092445252945  -0.0006684066371030
0.092450295058  0.0001018908256681
0.092450295062  -0.0001018862671185
0.092462764540  -0.0000046374088428
0.092462764590  0.0000035866298055
0.092471948357  -0.0000000321801640
0.092471948407  0.0000000315577234
0.092531536214  0.0000000000026423
0.092536578330  -0.0000000000132819
0.092615950619  -0.0009536339098053
0.092620992735  -0.0010364775337791
0.092649111725  -0.0005788454145578
0.092649111730  0.0005783834589131
0.092649111775  -0.0005784886412124
0.092649111780  0.0005788268057951
0.092691151445  0.0000304162984661
0.092691151449  -0.0000304136272460
0.092730064944  -0.0000000067467840
0.092882541016  -0.0001968365053417
0.092882541020  -0.0001736001499983
0.092882541031  0.0001735842861492
0.092882541035  0.0001968260284064
0.092898926786  -0.0000060592589369
0.092898926791  0.0000060457859270
0.092921454515  -0.0001368773852836
0.092921454530  0.0001367819094642
0.092937840285  0.0000000000003162
0.092970094296  -0.0003208344557143
0.092970094297  0.0003209099967139
0.092970094346  -0.0003208033273985
0.092970094347  0.0003209013734764
0.093056684389  -0.0000001643394881
0.093056684439  0.0000001705886017
0.093067956946  -0.0000002440745025
0.093067956950  0.0000002529507030
0.093106870445  -0.0000000125413192
0.093132938527  -0.0000020499212178
0.093132938577  0.0000016069938050
0.093221477025  -0.0004343903079126
0.093221477030  -0.0003957756458583
0.093221477034  0.0003957610451642
0.093221477038  0.0004343818717967
0.093260390525  0.0001980293024356
0.093260390533  -0.0001981129611655
0.093273687953  0.0000001697410478
0.093273688003  -0.0000001455874753
0.093338344926  0.0000095347331093
0.093338344933  -0.0000095394075740
0.093338344976  0.0000095301788935
0.093338344983  -0.0000094409596423
0.093444675870  0.0000893902246725
0.093444675874  -0.0000895360300015
0.093453859686  -0.0000007792057237
0.093453859691  0.0000007814905045
0.093483589369  0.0000000024103859
0.093492773186  -0.0000000000037696
0.093548833370  -0.0000000454147982
0.093548833420  0.0000001164335115
0.093631023055  0.0008516667452832
0.093631023059  -0.0008590921334713
0.093631023059  0.0008589817836016
0.093631023064  -0.0008516553909042
0.093669936554  -0.0067902802993373
0.093669936559  0.0067898593630059
0.093797990993  0.0000011679202689
0.093797991043  -0.0000011683609045
0.093805591438  0.0001095281388572
0.093805591443  -0.0001092988274015
0.093805591488  0.0001093228133708
0.093805591493  -0.0001094941543425
0.093816192714  0.0000001621527942
0.093816192763  -0.0000001504041744
0.093952005626  -0.0011724657182797
0.093952005626  0.0011674857535697
0.093952005630  -0.0011674813548224
0.093952005631  0.0011724266874411
0.093990919125  -0.0004498284221888
0.093990919126  0.0004498591616974
0.094037247555  -0.0000003638178248
0.094037247605  0.0000004840387117
0.094038595718  -0.0000003816276506
0.094038595723  0.0000003837824371
0.094057766761  -0.0000221760414028
0.094057766765  0.0000221257360557
0.094057766811  -0.0000221539384121
0.094057766815  0.0000220864724342
0.094077509218  0.0000000170088995
0.094092301241  0.0000000954040904
0.094092301291  0.0000000034620580
0.094114849856  -0.0000376518357972
0.094114849861  0.0000376037830237
0.094115860884  -0.0000000790336459
0.094115860933  0.0000000718162261
0.094153763356  0.0000000000200579
0.094163971812  -0.0000759694232961
0.094163971813  0.0000759930349453
0.094163971862  -0.0000759979824521
0.094163971862  0.0000759626072782
0.094164441961  -0.0000012221663282
0.094164442011  0.0000010710865104
0.094178924026  -0.0000004577477024
0.094178924076  0.0000003181501909
0.094255599283  0.0000004164827407
0.094255599287  -0.0000004213058710
0.094294512782  -0.0000000042586905
0.094311626767  -0.0000008480203494
0.094311626817  0.0000008877664215
0.094320256256  -0.0001525317745294
0.094320256260  -0.0001539855365668
0.094320256262  0.0001540474403188
0.094320256267  0.0001525307978821
0.094355067314  -0.0000000000001055
0.094359169755  -0.0028566018164693
0.094359169762  0.0028574913719836
0.094370827353  0.0000009751344025
0.094370827402  -0.0000009290664766
0.094397171383  0.0000002943536727
0.094400187909  0.0000020344108461
0.094400187920  -0.0000022037254461
0.094404737781  0.0000018066306681
0.094404737831  -0.0000013773539487
0.094428927084  0.0000019565526251
0.094428927133  -0.0000015367957889
0.094518573784  0.0000000000000171
0.094530744700  -0.0000010618075757
0.094530744704  0.0000010618468343
0.094560677853  -0.0000000009532647
0.094563694380  0.0001622535092429
0.094563694390  -0.0001623087692183
0.094566336126  -0.0000002757717329
0.094566336175  0.0000001722885332
0.094569658199  0.0000000001071513
0.094650230748  -0.0000003008844230
0.094650230798  0.0000004523389214
0.094667790673  0.0000675586263727
0.094667790682  -0.0000677640022316
0.094667790723  0.0000676752700753
0.094667790731  -0.0000675432944325
0.094739607707  0.0000000259476084
0.094739607757  -0.0000000659130380
0.094743019726  -0.0000009830029918
0.094743019775  0.0000010317377436
0.094758111214  0.0001564879375879
0.094758111218  -0.0001565170687155
0.094758111263  0.0001565236883605
0.094758111267  -0.0001564049872311
0.094779902323  -0.0000015898417584
0.094779902327  0.0000014080033440
0.094787502768  0.0000136987742528
0.094787502772  0.0000142057369248
0.094787502773  -0.0000142125570923
0.094787502777  -0.0000136903473445
0.094798104043  -0.0000032073042051
0.094798104048  0.0000031951282983
0.094818815822  0.0000000383876230
0.094826416267  -0.0111293747719011
0.094826416272  0.0111326450825745
0.094837017542  0.0000000000209407
0.094844394486  0.0000000165464910
0.094844394536  -0.0000005244289644
0.094928808891  0.0000785671059681
0.094928808941  0.0000786252325287
0.094944724408  -0.0000000000000158
0.095019158885  -0.0000006771499452
0.095019158889  0.0000007233449895
0.095039678091  0.0008059395158634
0.095039678095  -0.0007980723870714
0.095039678095  0.0007981355895620
0.095039678099  -0.0008058841584171
0.095058072384  -0.0000016076109814
0.095074212571  -0.0000001024621793
0.095074212575  0.0000001003647380
0.095078591590  0.0049731376425410
0.095078591594  -0.0049741207285225
0.095097772213  0.0000067407111825
0.095097772217  -0.0000066299224103
0.095108230878  -0.0000000000002318
0.095113126070  -0.0000000033799532
0.095136113978  0.0002434858664188
0.095136113994  -0.0002436798329350
0.095136685712  -0.0000000000316242
0.095145883141  -0.0006865398031558
0.095145883142  0.0006834041423213
0.095145883146  -0.0006833828598484
0.095145883146  0.0006865293321307
0.095146353291  0.0000064854817634
0.095146353295  -0.0000064854136587
0.095152499749  -0.0000002977632523
0.095160835356  -0.0000037797821036
0.095160835360  0.0000036906926112
0.095184796640  0.0393094649722221
0.095184796641  -0.0393091607520862
0.095185266790  0.0000000001624628
0.095199748855  0.0000000000228253
0.095293538096  -0.0000181345689702
0.095293538101  0.0000180860964403
0.095299620449  0.0001571579194977
0.095299620464  -0.0001572205403671
0.095316006219  0.0000000006685745
0.095321529908  0.0000000000000507
0.095332451596  0.0000000000594389
0.095352738682  -0.0000004969401791
0.095352738687  0.0000004715319928
0.095386649111  -0.0000013541344394
0.095386649115  0.0000014487039936
0.095391652181  0.0000011766448109
0.095410838413  -0.0000002240549199
0.095410838417  0.0000002271865294
0.095425562610  -0.0000000086074354
0.095449751912  -0.0000034542809930
0.095475049988  0.0001985591452610
0.095475049997  -0.0001979113515821
0.095485036379  -0.0000000000000493
0.095548247455  -0.0000141012967546
0.095548247460  0.0000139443044067
0.095587160954  0.0000000000043283
0.095632142078  -0.0000000867806549
0.095632142082  0.0000001080781496
0.095638556459  0.0001238680421740
0.095638556467  -0.0001239225787982
0.095649702002  -0.0000896637789185
0.095649702007  -0.0000881773356829
0.095649702011  0.0000882120426267
0.095649702015  0.0000896433789957
0.095671055577  -0.0000000229214762
0.095688615502  0.0019911091564536
0.095688615510  -0.0019907574671795
0.095698248832  0.0000000000000635
0.095707432649  -0.0000000144313570
0.095721519036  0.0000000529221434
0.095721519041  0.0000001027424328
0.095724931055  0.0000022759079139
0.095724931060  -0.0000023037988242
0.095740022543  -0.0003974097958685
0.095740022547  0.0003950674089425
0.095740022548  -0.0003951013247318
0.095740022552  0.0003973615808326
0.095760432535  0.0000000000026040
0.095763844554  -0.0000000000837453
0.095778936042  -0.0000370029953817
0.095778936046  0.0000369933322207
0.095805836272  -0.0000000033859411
0.095826305816  -0.0000000773573410
0.095826305820  0.0000000954745031
0.095847940341  0.0000000000000563
0.095850956868  0.0000001284686023
0.095850956878  -0.0000001240749034
0.095861755303  0.0000000000000315
0.095865219315  -0.0000001189846247
0.095870939120  -0.0000000012233935
0.095884596017  -0.0030755378302166
0.095884596022  0.0030750211969243
0.095910720220  0.0011642203971801
0.095910720225  0.0011592476486774
0.095949633719  -0.0025920575101205
0.096048102488  0.0036578184192770
0.096048102492  -0.0036579256624676
0.096205578589  -0.0032980605038466
0.096205578589  0.0032979997259310
0.096292168681  -0.0000000000002071
0.096368422819  -0.0000000019939417
0.096369085059  0.0004515674543880
0.096369085060  -0.0004515953951768
0.096385074602  -0.0000032387270284
0.096385074602  0.0000032250842861
0.096395493366  -0.0000000245805579
0.096427178671  -0.0000004677626875
0.096427178671  0.0000004812965202
0.096430195197  -0.0000049006704213
0.096430195198  -0.0000031041288643
0.096430195208  0.0000031032923227
0.096430195208  0.0000049137537129
0.096455675152  0.0000000000000344
0.096509172245  0.0000000000006274
0.096531929290  -0.0000021820646586
0.096573829218  0.0009442272759133
0.096573829225  -0.0009443422773627
0.096586882937  0.0000181783203879
0.096586882952  -0.0000181470487632
0.096603268707  0.0000000000002151
0.096672678716  -0.0000000000007365
0.096737335689  0.0007985925035842
0.096737335696  -0.0007988765439483
0.096772298867  0.0000000222637022
0.096784317662  -0.0000000035378373
0.096925818947  0.0000585782966313
0.096925818955  -0.0000585936834409
0.096947824133  -0.0000012462192054
0.096974731696  -0.0000001077481350
0.096974731696  0.0000001066487260
0.097033475285  0.0000000000007062
0.097041075730  0.0000562947162878
0.097041075735  -0.0000562697922129
0.097051677006  -0.0000000050651159
0.097149017791  -0.0000000001881434
0.097158201608  0.0000000000000224
0.097166121266  0.0000008289763372
0.097166121267  0.0000008851886219
0.097166121282  -0.0000008288939129
0.097166121282  -0.0000008908853363
0.097182507037  -0.0000001656010294
0.097182507037  0.0000001712631304
0.097196981756  -0.0000000000028673
0.097204582201  0.0002186389559230
0.097204582206  -0.0002184449336252
0.097207965916  -0.0000000000000083
0.097215183476  0.0000000096221905
0.097250069986  0.0000000058593940
0.097253086512  0.0000122421471517
0.097253086522  -0.0000122412508644
0.097272731847  -0.0000000000004092
0.097293251053  0.0015648484847816
0.097293251057  -0.0015648089002166
0.097327785533  -0.0000000000024672
0.097335364976  -0.0015454650268378
0.097335364981  0.0015455757464413
0.097351345176  0.0000000017733014
0.097351537196  0.0000008614019774
0.097351537197  -0.0000008728385085
0.097399456104  0.0005805206211388
0.097399456105  -0.0005804565527419
0.097399926254  -0.0000000314891976
0.097414408318  -0.0000010483113646
0.097436238318  -0.0000000000021085
0.097456757524  -0.0023472382443383
0.097456757528  0.0023472947831995
0.097491292004  -0.0000000000000578
0.097505057276  0.0000096922311564
0.097505057276  0.0000102172009088
0.097505057285  -0.0000096922508414
0.097505057285  -0.0000102163390990
0.097514851646  -0.0000000021422400
0.097547111059  0.0000001378758834
0.097562962574  0.0077512295095552
0.097562962575  -0.0077515885673765
0.097563432724  0.0000003754366527
0.097577914789  -0.0000000772805204
0.097606311645  -0.0000000000038262
0.097640222073  0.0000000000002317
0.097656347547  0.0042256589459338
0.097656347548  -0.0042257796209770
0.097664411376  -0.0000000000003212
0.097710617530  0.0000000240764547
0.097728256120  0.0000021880025805
0.097728256121  -0.0000021649563460
0.097737439937  -0.0000000024409531
0.097737439937  0.0000000035571689
0.097742937640  -0.0000000044054469
0.097769818115  -0.0000000000004586
0.097797623011  0.0000000000000197
0.097801820418  -0.0000004255448300
0.097803728544  -0.0000000000009278
0.097819191778  -0.0000000000003935
0.097827917846  -0.0000000000011085
0.097885715041  -0.0000000000075458
0.097903274965  -0.0012983779066199
0.097903274974  0.0012979731926438
0.097914603305  -0.0000169576241435
0.097914603306  -0.0000168761561527
0.097914603310  0.0000168743079880
0.097914603310  0.0000169570761540
0.097959941204  -0.0000000011160781
0.097965326888  0.0000000004938200
0.097975091999  0.0000000363888269
0.097978504018  0.0000002205678185
0.097989012581  -0.0001094132987706
0.097989012596  0.0001094036317021
0.097993595506  0.0021361835113402
0.097993595510  -0.0021355888290935
0.098005398352  0.0000000036914847
0.098024598177  -0.0015513184759951
0.098024598184  0.0015513499696209
0.098049221511  -0.0000000000003243
0.098066781436  -0.0075515160137846
0.098066781444  0.0075516113652287
0.098079878778  0.0000000000073038
0.098138598469  0.0000000578365760
0.098142010488  -0.0000007712361823
0.098157101976  0.0045420368972319
0.098157101980  -0.0045406556045359
0.098164293183  -0.0006010427970678
0.098174428511  -0.0000000000005539
0.098235086621  -0.0000000000001576
0.098235585877  -0.0000801194834812
0.098235585877  -0.0000802992094026
0.098235585877  0.0000801124995565
0.098235585877  0.0000803031415857
0.098243385249  -0.0000000000056420
0.098322175969  -0.0000001464308496
0.098322175969  0.0000001544512981
0.098327799653  -0.0229363812560835
0.098327948591  -0.0001908063801256
0.098327948599  0.0001908020098168
0.098398430107  -0.0000000356607217
0.098398430107  0.0000000254411980
0.098484244244  -0.0000000002282178
0.098491844689  -0.0010303718434689
0.098491844694  0.0010306735596421
0.098502445964  0.0000000000002450
0.098539179533  -0.0000014132433365
0.098539179534  0.0000014482210902
0.098551147435  -0.0000000000001163
0.098560331252  0.0000000023785905
0.098603836506  -0.0000038079716321
0.098603836507  -0.0000037886714859
0.098603836513  0.0000037883027505
0.098603836513  0.0000038101279236
0.098723500806  0.0000000038317700
0.098737494620  0.0084238821350543
0.098737494625  -0.0084237900005872
0.098744020012  0.0039015716512993
0.098744020016  -0.0039014158145157
0.098778554492  -0.0000000008773772
0.098802114134  -0.0000000000002870
0.098814324950  0.0000000232763240
0.098814324951  -0.0000000170737332
0.098850225062  0.0006861171436831
0.098850225063  -0.0006860810420120
0.098850695212  -0.0000000000003023
0.098865177277  0.0000000000000052
0.098990043001  -0.0000000007391067
0.098990044938  0.0000000050831452
0.098997880018  0.0000000000000749
0.099032147070  0.0000000069856182
0.099032149007  -0.0000000077177230
0.099035163597  0.0000007997949433
0.099035163607  -0.0000007429081848
0.099035165533  0.0000008260978984
0.099035165543  -0.0000008253459847
0.099057080603  -0.0000000918383847
0.099058477191  -0.0074309011279415
0.099058477192  0.0074309346831058
0.099063482573  -0.0000014323440911
0.099063482574  0.0000014853872804
0.099071083019  0.0000439752906306
0.099071083019  0.0000449261745340
0.099071083023  -0.0000439432846441
0.099071083024  -0.0000449164469604
0.099081684294  -0.0000000282766497
0.099081684294  0.0000000318268579
0.099090991032  -0.0000000019634579
0.099115180334  -0.0000005621846502
0.099145067284  0.0000000000009551
0.099221321422  -0.0000004399565647
0.099230474951  -0.0000000070877585
0.099252589376  0.0000000000047269
0.099272579020  0.0000000000001821
0.099275595547  0.0000115690303017
0.099275595557  -0.0000115630585939
0.099302739135  -0.0000001290832037
0.099302739136  0.0000001212584499
0.099323258341  0.0000920905650718
0.099323258342  0.0000925576361929
0.099323258345  -0.0000925708735096
0.099323258346  -0.0000920718189092
0.099336483999  0.0000000283225086
0.099343788295  0.0000000086483054
0.099354043924  0.0000514258658105
0.099354043932  -0.0000513370280780
0.099357792821  0.0000000367267526
0.099357792822  0.0000000250873827
0.099362070848  0.0000000000013325
0.099381352464  -0.0000000464412266
0.099381352464  0.0000000324414555
0.099385892365  -0.0000000000000014
0.099388908891  -0.0000274009648598
0.099388908901  0.0000273427364672
0.099425860957  0.0000000000004865
0.099426727821  0.0008728427783955
0.099426727828  -0.0008729117207265
0.099429272976  -0.0000000000007066
0.099429463392  -0.0002433778743513
0.099429463392  -0.0002440047010795
0.099429463393  0.0002433317973820
0.099429463393  0.0002439937969473
0.099429933542  -0.0000001558706694
0.099429933542  0.0000001987536704
0.099444364464  0.0000327574288580
0.099444364468  -0.0000327697978599
0.099444415606  0.0000002194144262
0.099444415607  -0.0000002047040724
0.099530647737  -0.0000001470769896
0.099576521533  -0.0000001490531531
0.099576522171  0.0000000985898729
0.099577118347  -0.0000000181785267
0.099577118347  0.0000000189200951
0.099579700095  0.0000000579315940
0.099579702032  -0.0000000454542225
0.099615062141  0.0006704059027893
0.099618625602  0.0000000096375280
0.099618626240  -0.0000000169217642
0.099621642128  0.0000299219069219
0.099621642139  -0.0000301548217408
0.099621642767  0.0000302202616396
0.099621642777  -0.0000299165478471
0.099636318933  -0.0000031098348935
0.099636318933  0.0000030408827397
0.099637216265  -0.0000000877774621
0.099670229361  -0.0000022263648313
0.099670229362  0.0000022523274383
0.099694418664  -0.0000039439613607
0.099694418664  0.0000041484177335
0.099771089666  -0.0000819137383944
0.099771089681  0.0000820073298650
0.099771091602  -0.0000824296395576
0.099771091617  0.0000823369771981
0.099787475436  0.0000000032297849
0.099787477373  -0.0000000145779013
0.099820132045  0.0000000070047442
0.099831827706  -0.0000057306168355
0.099831827706  0.0000051010446585
0.099886373888  -0.0000000000054660
0.099893974333  -0.0000939149163712
0.099893974338  0.0000939700060620
0.099904575609  0.0000000221504561
0.099915722329  -0.0000005503116626
0.099915722329  0.0000006231832229
0.099933282253  -0.0000602259564210
0.099933282253  -0.0000606071358405
0.099933282262  0.0000602410141837
0.099933282262  0.0000608060454802
0.099933445390  0.0000000081318606
0.099956505596  -0.0000000231370134
0.099956507532  -0.0000000113394539
0.100005099287  -0.0000000886928424
0.100005099287  0.0000000861204790
0.100008511306  -0.0000003585221382
0.100008511306  0.0000003950614686
0.100011521616  -0.0001087725628217
0.100011521631  0.0001088048683124
0.100023602794  -0.0000701552586411
0.100023602794  -0.0000703676502714
0.100023602798  0.0000701514078801
0.100023602798  0.0000703822395004
0.100027907387  -0.0000000000000212
0.100109886066  -0.0000010435608619
0.100109886066  0.0000009848949475
0.100110025676  -0.0000777254780248
0.100110025684  0.0000775944606589
0.100110027612  -0.0000777330964299
0.100110027621  0.0000778262107355
0.100124834960  -0.0000849564198203
0.100124834975  0.0000849623968498
0.100125630450  -0.0000000000008008
0.100141220731  0.0000000000000407
0.100146149656  0.0007354548335910
0.100146149660  -0.0007354417004218
0.100166178627  0.0000003813260751
0.100166179265  -0.0000000416618963
0.100180684136  -0.0000000000198320
0.100194300471  -0.0000548485566688
0.100194300471  -0.0000548748518442
0.100196937546  0.0000000031958407
0.100204243779  -0.0000001844553361
0.100252354707  -0.0003251633413568
0.100252354708  0.0003251746657533
0.100252824856  0.0000000041863211
0.100267306921  -0.0000000093967862
0.100310250890  -0.0000000112906371
0.100333224520  0.0000000288516554
0.100333226456  -0.0000001195090661
0.100342408337  -0.0000000082191302
0.100342410273  0.0000000037490098
0.100350457626  -0.0000001639849878
0.100350457634  0.0000001616192357
0.100357568197  0.0000161028538538
0.100357568213  -0.0000161185274483
0.100357568836  0.0000161223057336
0.100357568851  -0.0000162255988330
0.100373953968  0.0000003685341000
0.100373954607  0.0000000394536609
0.100400009662  0.0000000102319350
0.100459210248  0.0000000000006128
0.100463770970  -0.0002945605261952
0.100463770979  0.0002945452561431
0.100493120676  -0.0000000000025241
0.100517309979  -0.0000000000004965
0.100519571705  0.0006834504230237
0.100519571709  -0.0006834439500985
0.100519573641  0.0006834536138096
0.100519573646  -0.0006834561242714
0.100542984127  -0.0000004360186317
0.100542984766  -0.0000001414769366
0.100573656470  0.0000001204920123
0.100582840287  0.0000000000000501
0.100654719021  0.0000000462347322
0.100686969814  -0.0000000379281572
0.100696153631  -0.0000000000000931
0.100696504207  -0.0002052019715180
0.100696504216  0.0002054085217027
0.100696504846  -0.0002054259614749
0.100696504854  0.0002054564920573
0.100738613643  -0.0000000000084686
0.100756173568  0.0002066737196996
0.100756173577  -0.0002063616796298
0.100760003655  0.0014825710274077
0.100760003660  -0.0014825572616917
0.100827990602  -0.0000002676082752
0.100828631576  -0.0000000088018773
0.100831402621  -0.0000003071656074
0.100840554276  -0.0010148546096326
0.100840554277  0.0010148285441187
0.100840556212  -0.0010145360831818
0.100840556213  0.0010146073206685
0.100846494109  -0.0001912777023225
0.100846494113  0.0001912677350019
0.100861309317  0.0000000007630493
0.100870735645  0.0000000000000734
0.100873316999  0.0000666722074101
0.100873317004  -0.0000666732019472
0.100873752171  -0.0000427878384235
0.100873752182  0.0000429032428774
0.100903413386  -0.0000000000002903
0.100906429912  -0.0000621209952404
0.100906429923  0.0000622505456891
0.100919703051  -0.0000000302688702
0.100919703690  0.0000000396459154
0.100927144369  0.0000000147482026
0.100927146305  -0.0000000110856814
0.100928886868  -0.0000000105818541
0.100928887507  -0.0000000083854576
0.100932777381  -0.0000000000157880
0.101003398507  0.0000000218366631
0.101003400443  -0.0000000255546588
0.101017191786  -0.0000131250328437
0.101080986226  -0.0006295732712158
0.101080986227  0.0006294584388846
0.101106050236  -0.0005260157830303
0.101106050241  0.0005260547144026
0.101106050875  -0.0005261263093378
0.101106050880  0.0005260976320764
0.101144147933  0.0000000525510589
0.101144149869  -0.0000000223335720
0.101167576319  -0.0000000234854926
0.101194299570  0.0004598398236142
0.101194299571  -0.0004598568165869
0.101208804906  -0.0001276060711307
0.101208804912  0.0001276178427357
0.101208806842  -0.0001275670809687
0.101208806849  0.0001275524848030
0.101243830457  -0.0000000000004145
0.101280889663  -0.0000000065212484
0.101357143801  -0.0000000000006838
0.101384579883  0.0000000277227424
0.101418288670  -0.0000002761322007
0.101419293350  -0.0000000195040807
0.101419295286  -0.0000001007328503
0.101427032808  -0.0043393138563997
0.101427032808  0.0043393123684384
0.101427033446  0.0043405751880420
0.101427033447  -0.0043412105374198
0.101449236856  -0.0003941155041341
0.101449236863  0.0003940825734711
0.101450966411  -0.0000000018402712
0.101497893227  0.0000000081807782
0.101513622900  0.0000001031719077
0.101513623539  -0.0000002144173594
0.101562550200  -0.0000004872287120
0.101562550207  0.0000004988155435
0.101589877038  0.0000004283815469
0.101589877677  0.0000001345983083
0.101609678240  0.0009526861718427
0.101609678255  -0.0009527531553311
0.101626064011  0.0000000000015985
0.101642355981  0.0008533120312007
0.101642355996  -0.0008533430600219
0.101658741752  0.0000000000026713
0.101659725300  0.0000000000003520
0.101668450973  -0.0000001015765584
0.101668452909  -0.0000001156602526
0.101676051418  -0.0000149688508194
0.101676051423  0.0000149662371831
0.101676053354  -0.0000149684793070
0.101676053359  0.0000149648184547
0.101686652693  0.0000000555191241
0.101686654630  -0.0000000558876447
0.101730626464  -0.0000001939326114
0.101730627103  -0.0000000882561991
0.101773038644  0.0000000000008915
0.101795094170  -0.0000000710272927
0.101795283438  0.0006468611025123
0.101795283444  -0.0006467734497533
0.101795284076  0.0006464336000807
0.101795284083  -0.0006465335688305
0.101827771911  -0.0000000043083395
0.101907707535  -0.0000000158359191
0.101907709471  -0.0000000259910063
0.101908882923  -0.0000001882986972
0.101916483368  -0.0007531382047960
0.101916483373  0.0007532340989715
0.101927084643  -0.0000000000005203
0.101928226741  -0.0000171941335533
0.101928226745  0.0000171911987687
0.101928228677  -0.0000171939434114
0.101928228681  0.0000171923081627
0.101948614250  0.0006306847593019
0.101948614259  -0.0006308840923773
0.101962761221  0.0000000027621749
0.101962763157  -0.0000000025429886
0.101968969172  0.0000000000000359
0.101981291991  0.0007734935299322
0.101981292000  -0.0007734426114935
0.101986320863  0.0000000879983997
0.101986322800  -0.0000000870463484
0.102005771881  -0.0000000233055175
0.102005772520  -0.0000000138495884
0.102011073241  0.0000000136654455
0.102014089768  -0.0000010973838028
0.102014089778  0.0000010313119897
0.102022196267  -0.0000000210251718
0.102029796712  -0.0001686618035340
0.102029796717  0.0001686272472687
0.102034431791  0.0000116397275833
0.102034431792  -0.0000116426229061
0.102034433728  0.0000116430386908
0.102034433729  -0.0000116465210137
0.102034901941  0.0000001872878032
0.102034903878  -0.0000000454408832
0.102040397988  -0.0000000000007086
0.102049384006  0.0000000033412776
0.102049385942  0.0000000043391972
0.102148139485  -0.0000000621660726
0.102168658691  -0.0013789610122296
0.102168658695  0.0013789242749781
0.102171813094  -0.0000000057840618
0.102180996911  0.0000000000001907
0.102182086747  -0.0000000172935697
0.102182088683  -0.0000000034500915
0.102203193171  -0.0000002753481363
0.102204490835  0.0000014870240142
0.102213674652  -0.0000000000001020
0.102226752813  -0.0000000000000771
0.102241287332  0.0000002377872255
0.102241289269  0.0000004239176763
0.102254929504  -0.0000009654660006
0.102254930143  -0.0000004290900965
0.102261452829  -0.0000000993216401
0.102262529950  0.0008420186575310
0.102262529954  -0.0008421661204837
0.102262530588  0.0008421642128301
0.102262530593  -0.0008419297905843
0.102273131225  -0.0000000517642663
0.102273131864  0.0000001852024501
0.102274863742  -0.0032927707475500
0.102274863742  0.0032927932470961
0.102275197761  0.0000001131551487
0.102275199697  -0.0000005150629953
0.102275333891  0.0000000000011355
0.102281972035  0.0002283928479170
0.102281972039  -0.0002283447671582
0.102289815956  -0.0000000000030089
0.102299387063  0.0000004760801713
0.102299389000  -0.0000002781216529
0.102316506515  0.0000000012266506
0.102340066158  -0.0000000000000930
0.102358160279  -0.0057684329429122
0.102358160284  0.0057685537817225
0.102388177086  -0.0024662777264301
0.102388177087  0.0024663176648136
0.102388647235  -0.0000000000025405
0.102390838020  0.0003744288486799
0.102390838025  -0.0003744857776285
0.102403129300  0.0000000000001172
0.102422518697  -0.0000000000004765
0.102436796105  -0.0000013671681466
0.102436798042  0.0000008436470266
0.102481719283  0.0000000184895340
0.102494186066  0.0000015851099765
0.102494186705  0.0000007208257539
0.102514705273  -0.0005786705341761
0.102514705276  0.0005787457675041
0.102514705911  -0.0005787192700951
0.102514705915  0.0005788115269282
0.102515629711  -0.0000000390911016
0.102520690728  -0.0000000232083592
0.102520692664  -0.0000000370726750
0.102535832041  -0.0000000000003889
0.102538250653  0.0000006358105491
0.102538250661  -0.0000006938194243
0.102538252589  0.0000006307228135
0.102538252598  -0.0000006114793411
0.102539819013  -0.0000000003702604
0.102549239753  0.0000000841326507
0.102549240391  0.0000000516368373
0.102558626266  -0.0000000000000412
0.102572799395  -0.0000009957674731
0.102572800033  0.0000010372601449
0.102595032627  -0.0000000165261345
0.102610067686  -0.0000000037182379
0.102610069623  0.0000000794721432
0.102613479705  0.0000003358534309
0.102613481642  0.0000002219210424
0.102620910323  -0.0007195176149945
0.102620910324  0.0007194993158019
0.102620910962  -0.0007194727566388
0.102620910962  0.0007195311153464
0.102621380473  0.0000001115709997
0.102621381111  0.0000002495723049
0.102628571193  -0.0001231577324035
0.102628571197  0.0001231690150585
0.102628573130  -0.0001231743667360
0.102628573134  0.0001231164663223
0.102628943055  -0.0000000965608848
0.102635862537  0.0000035478237203
0.102635863176  0.0000016484620910
0.102653132358  0.0000001062130178
0.102677228055  0.0000000000108073
0.102679142850  0.0066049091694770
0.102679142851  -0.0066049036829958
0.102711820592  -0.0009473847883341
0.102711820592  0.0009473004059780
0.102714854466  0.0000001104407679
0.102714856402  0.0000000347136702
0.102750015837  0.0000489336614872
0.102750015852  -0.0000489281169136
0.102761122678  -0.0000003987452513
0.102765732943  0.0000000129982929
0.102766401608  -0.0000000184900339
0.102768565278  -0.0000025050183191
0.102768565917  0.0000017716196454
0.102778682603  0.0011217479141056
0.102778682611  -0.0011215983449417
0.102790541400  -0.0000000000046600
0.102798410684  -0.0000000061902156
0.102799268870  0.0002376249495442
0.102799270807  0.0002377048967800
0.102827765864  -0.0000000442240369
0.102827766503  0.0000000463865020
0.102841987081  -0.0000000000111911
0.102850499637  0.0000000000019947
0.102853911656  0.0000000000077703
0.102861676292  -0.0000009205014399
0.102861676931  0.0000002086296970
0.102869003144  -0.0021840975377967
0.102869003147  0.0021840415763187
0.102874436022  0.0000000434154989
0.102874664822  0.0000000000008425
0.102885865595  -0.0000002353327412
0.102885866233  -0.0000000627245309
0.102891995947  0.0006092441684144
0.102891995956  -0.0006092271468599
0.102935431767  -0.0000000000000481
0.102955286416  0.0000000761793316
0.102963812981  -0.0000000000035691
0.102967225000  0.0000000000009325
0.102982316488  -0.0016888897807982
0.102982316492  0.0016890020079811
0.102982736507  0.0000000046907395
0.103015414248  -0.0000000399482864
0.103023274637  -0.0000000049529374
0.103023275275  0.0000000394766600
0.103039700821  0.0012456575423466
0.103047393480  0.0000899226392242
0.103047393487  -0.0000899195470307
0.103068599760  0.0000000171505993
0.103080071221  -0.0001833419677596
0.103080071228  0.0001833877755186
0.103088951847  0.0000024776667295
0.103088951855  -0.0000023897284391
0.103107169260  0.0000004547444225
0.103107169898  0.0000003287344067
0.103124729184  -0.0002222153336966
0.103124729193  0.0002222262053973
0.103124729823  -0.0002222594575204
0.103124729831  0.0002221881749686
0.103153014165  0.0042680096668120
0.103196546218  0.0000000028513380
0.103196546857  -0.0000001127217695
0.103199958237  -0.0000018884929709
0.103199958876  0.0000019461942209
0.103215049725  0.0000837233748435
0.103215049729  -0.0000838694547341
0.103215050364  0.0000837650429572
0.103215050368  -0.0000835918860869
0.103257881924  0.0000000000080244
0.103290559665  -0.0000000000099252
0.103301332997  -0.0000007458957350
0.103301333636  0.0000000677887815
0.103312150691  0.0000000000018443
0.103321334508  -0.0000000112965570
0.103385747402  -0.0000910004132260
0.103385748041  -0.0000910179236131
0.103498497876  0.0003116303202322
0.103498497881  -0.0003115916877105
0.103507039547  -0.0000000027676160
0.103514639992  0.0002547888747511
0.103514639997  -0.0002548320214837
0.103525241268  -0.0000000000002429
0.103539717288  0.0000000561130655
0.103547317733  -0.0001013612756512
0.103547317738  0.0001013553120659
0.103557919009  0.0000000000010088
0.103677567437  -0.0000000124273433
0.103677567464  0.0000000043907112
0.103719671506  -0.0000122473032156
0.103719671533  0.0000121802145783
0.103722688032  -0.0002500338819719
0.103722688043  0.0002687320811915
0.103722688060  -0.0002685373431328
0.103722688070  0.0002500251892134
0.103746296109  0.0000000076247180
0.103766815315  -0.0000630379381173
0.103766815319  0.0000630346441438
0.103778973850  -0.0000000119934583
0.103799493056  -0.0001152841141396
0.103799493060  0.0001152697343543
0.103801349795  -0.0000000001829062
0.103819480447  -0.0048193501942575
0.103819480448  0.0048195729038826
0.103824909438  -0.0000000000174806
0.103834027536  -0.0000000911871914
0.103857587179  0.0000000000039489
0.103861939502  0.0000050844600326
0.103861939509  -0.0000050728382374
0.103873020366  -0.0003938958175160
0.103873020367  0.0003938612800756
0.103873490516  0.0000000000129596
0.103887972580  0.0000000000049697
0.103904043571  0.0000331956518203
0.103904043578  -0.0000332180661322
0.103905698107  -0.0009631759112117
0.103905698108  0.0009631996030199
0.103906070540  0.0000000000001422
0.103906168257  -0.0000000000053950
0.103907060098  0.0001244457926057
0.103907060105  0.0001985251525333
0.103907060108  -0.0001986649291125
0.103907060115  -0.0001244492563358
0.103920650321  -0.0000000000088184
0.103982324678  -0.0000000023889043
0.104002988803  -0.0000000000086404
0.104005242992  0.0000000178722782
0.104020675321  0.0000000000001355
0.104045092873  -0.0000000000006125
0.104047347062  0.0000000000009904
0.104048109399  -0.0000159252200810
0.104048109409  0.0000159103903771
0.104050363588  -0.0000015746395482
0.104050363598  0.0000015050993209
0.104053353062  -0.0000000000359131
0.104079875907  -0.0000000270678910
0.104112553648  0.0000000027947706
0.104113786335  0.0000000118488002
0.104123074104  -0.0000000000002317
0.104137975638  0.0000011189652722
0.104146464076  -0.0000001109475467
0.104170653379  0.0000000111363131
0.104187731077  0.0054285358753850
0.104187731084  -0.0054289473258037
0.104267224531  0.0000021414669504
0.104267224558  -0.0000021857299158
0.104275384680  0.0000000001057295
0.104308062421  0.0000000002264208
0.104359279302  -0.0000000387528229
0.104376839227  0.0001884450132754
0.104376839236  -0.0001885035337967
0.104391957044  -0.0000001119173659
0.104398219521  -0.0000000018106673
0.104409516968  0.0006185664099208
0.104409516977  -0.0006184463108666
0.104448656261  -0.0000000000031905
0.104451596596  -0.0000136179382455
0.104451596603  0.0000136148313228
0.104452068280  -0.0000000000203586
0.104458614101  -0.0004015849748865
0.104458614117  0.0003970596065869
0.104458614129  -0.0003970377385183
0.104458614144  0.0004015078147260
0.104467159768  -0.0000808658575535
0.104467159772  0.0000808823845763
0.104474999872  0.0000068194158051
0.104474999900  -0.0000068689192871
0.104481334002  0.0000000000034934
0.104484746021  -0.0000000000086724
0.104499837509  -0.0004979619482689
0.104499837513  0.0004978879940102
0.104553443040  0.0000000041265179
0.104586120781  0.0000000326898612
0.104592645898  -0.0000000004238744
0.104594900087  0.0000000769292371
0.104637857445  0.0003287829495784
0.104642986167  0.0004880272812620
0.104642986174  0.0004538231111616
0.104642986182  -0.0004538154180124
0.104642986189  -0.0004879659350334
0.104644030031  -0.0000051281295881
0.104644030059  0.0000051575560362
0.104647377144  0.0000000000032775
0.104654977589  0.0042470752903057
0.104654977594  -0.0042468697345850
0.104659371937  -0.0000625083785888
0.104659371944  0.0000626247553382
0.104665578864  -0.0000000153032117
0.104670535186  0.0005650048119596
0.104784035468  0.0001440989809793
0.104784035483  -0.0001441573548586
0.104786289657  0.0000206250716933
0.104786289672  -0.0000206536399276
0.104797550111  0.0007447155338973
0.104797550120  -0.0007392978280662
0.104797550139  0.0007392290330063
0.104797550147  -0.0007454050238652
0.104800421239  0.0000000000002738
0.104802675428  0.0000000000015804
0.104828402097  0.0000326439199044
0.104828402104  -0.0000326973803232
0.104886633706  -0.0000000000004024
0.104907152912  -0.0075252060847009
0.104907152916  0.0075236650550434
0.104941687392  0.0000000000000858
0.104965247034  0.0000000003899843
0.104969451398  0.0000000000077041
0.104971705587  -0.0000000070351779
0.104981922176  -0.0003988898419584
0.104981922183  -0.0003782220025132
0.104981922185  0.0003782240626577
0.104981922192  0.0003991515389028
0.105013357963  -0.0112877236898713
0.105013357963  0.0112880844157048
0.105013828112  -0.0000000046842775
0.105020748955  -0.0000000909980775
0.105020748983  0.0000000965988429
0.105028310177  0.0000001785692852
0.105029932772  -0.0000001516206778
0.105029932800  0.0000001116166388
0.105122971478  0.0000324087563539
0.105122971487  -0.0000324327197833
0.105125225667  0.0000945014630611
0.105125225675  -0.0000944477264920
0.105147119348  0.0000000000001924
0.105161012918  0.0000001570154416
0.105173644573  0.0000000000002932
0.105189223417  0.0000000023901352
0.105192239944  -0.0000029148698164
0.105192239954  0.0000029135788403
0.105205121021  0.0000005453897814
0.105205121028  -0.0000005533327837
0.105207096140  0.0149532891108952
0.105207096145  -0.0149648214573217
0.105207096168  0.0149650439938274
0.105207096173  -0.0149530602873718
0.105214304837  0.0000009260700981
0.105214304844  -0.0000009113719300
0.105215748643  -0.0000000015976416
0.105218765169  -0.0000083344917805
0.105218765179  0.0000083202578452
0.105220213504  -0.0000000000004076
0.105254123932  -0.0000000000006587
0.105278313234  -0.0000000000001792
0.105346170322  0.0000001516336344
0.105348424511  -0.0000000003461709
0.105355354139  0.0000000000000717
0.105357608328  0.0000000000002555
0.105391468206  -0.0242818399583262
0.105391468210  0.0244029428928311
0.105391468213  -0.0244030826048597
0.105391468217  0.0242818080692024
0.105415722276  0.0000008084497662
0.105499616899  -0.0000000000011389
0.105517176824  0.0001190699386799
0.105517176832  -0.0001191460991167
0.105528078712  -0.0209443220238608
0.105528078712  0.0209364574863700
0.105528078739  -0.0209366339105883
0.105528078740  0.0209447113715245
0.105532517507  0.0000457102365865
0.105532517512  -0.0000457019035720
0.105534771696  -0.0005527516092144
0.105534771701  0.0005526696104748
0.105588993858  -0.0000000208223337
0.105592405877  -0.0000000217007411
0.105607497365  -0.0004181308755176
0.105607497369  0.0004180398176274
0.105614668804  0.0000003038993781
0.105614668832  -0.0000002624676740
0.105690922942  0.0000519992073926
0.105690922970  -0.0000509061912297
0.105693780637  0.0000000000033663
0.105712450777  -0.0209256029857606
0.105712450777  0.0209771231157419
0.105712450784  -0.0209770543087468
0.105712450784  0.0209257961348472
0.105736776442  0.0000000000000447
0.105763301668  -0.0000000000000288
0.105778195042  -0.0000714299676298
0.105799040869  -0.0000001127716491
0.105799040876  0.0000001087904010
0.105831672368  -0.0000226632089441
0.105831672396  0.0000222919955812
0.105853500078  0.0002142981880207
0.105853500079  -0.0002142931783586
0.105855754267  0.0017206326821739
0.105855754268  -0.0017207144792214
0.105875295007  -0.0003637638720192
0.105875295014  0.0003643117998352
0.105896329342  0.0013992412715218
0.105896329348  -0.0014004378034871
0.105896329369  0.0014004756987612
0.105896329376  -0.0013991029720292
0.105928166013  0.0000020154190706
0.105928166028  -0.0000020191514222
0.105940090171  -0.0000000001250735
0.105942344360  0.0000000097728873
0.105944551784  0.0000000003364051
0.105954691238  0.0000125375721232
0.105954691253  -0.0000125476175618
0.105971077009  -0.0000000014728031
0.106016044434  0.0001385787922568
0.106016044441  -0.0001383432664675
0.106016344309  0.0000000000009049
0.106018598498  0.0000000000038973
0.106080701407  -0.0027061022766945
0.106080701413  0.0027215942908340
0.106080701414  -0.0027215491688560
0.106080701420  0.0027061831735070
0.106106817785  0.0000015522273069
0.106106817813  -0.0000013531145424
0.106113581943  0.0000000000000167
0.106140107168  -0.0000000000000673
0.106157093735  0.0000000331580960
0.106159347924  -0.0000000040768012
0.106221750708  -0.0000054711792153
0.106221750715  0.0000054718741849
0.106224004897  -0.0003464530418871
0.106224004904  0.0003465179453605
0.106238259734  0.0000000000000335
0.106267102023  -0.0000077334370344
0.106267102031  0.0000077299226822
0.106280363803  -0.0000000289985960
0.106283380329  -0.0000078054873448
0.106283380340  0.0000077983626539
0.106291189851  -0.0000180194085454
0.106291189858  0.0000182157864921
0.106293627248  0.0000111037575356
0.106293627257  -0.0000111276252475
0.106355975408  0.0000004775866119
0.106355975436  -0.0000007408946652
0.106363575854  0.0004429289329478
0.106363575858  -0.0004443234273885
0.106363575881  0.0004444204015557
0.106363575886  -0.0004428741591456
0.106374177129  -0.0000014514330605
0.106374177157  0.0000013647755852
0.106432239152  -0.0000000000007517
0.106434493341  0.0000000000028057
0.106490300867  0.0000000000009105
0.106499484684  0.0000000044720365
0.106516826092  -0.0000000000007570
0.106526009909  -0.0000000054304943
0.106540347474  0.0000017944990657
0.106540347481  -0.0000018704845773
0.106547947919  0.0001273272399441
0.106547947924  -0.0001301841696547
0.106547947926  0.0001302079005757
0.106547947931  -0.0001273413842167
0.106558549194  0.0000005519193111
0.106558549201  -0.0000006110054462
0.106595231970  -0.0000021184789200
0.106595231998  0.0000022361841408
0.106615751177  -0.0002336750598271
0.106615751180  0.0002334736787321
0.106615751204  -0.0002334569702834
0.106615751208  0.0002336996104869
0.106646374808  0.0000000003417631
0.106646376929  0.0000000008610400
0.106650285657  0.0000005978953957
0.106650285684  -0.0000004924499084
0.106673845299  0.0000009645923742
0.106673845326  -0.0000009666792470
0.106676648052  -0.0008248413972393
0.106676648057  0.0008248336536138
0.106681396775  0.0000000183429629
0.106683650964  -0.0000000026331930
0.106688478878  -0.0000000844157737
0.106688480998  0.0000000690593887
0.106688997220  0.0000274571171502
0.106688997225  -0.0000274965459319
0.106691251409  -0.0002197144885018
0.106691251414  0.0002197168996047
0.106691495404  -0.0000122539446897
0.106691495414  0.0000124264408545
0.106691497525  -0.0000122625922439
0.106691497535  0.0000122750045369
0.106699598496  -0.0000000000001444
0.106701852685  0.0000000000034369
0.106703173277  -0.0001932927078388
0.106703173282  0.0001932879764232
0.106721956227  -0.0010274478365843
0.106721956228  0.0010271412399045
0.106721956255  -0.0010271110825645
0.106721956255  0.0010275476823216
0.106722426377  0.0000002667655958
0.106722426404  -0.0000001443794783
0.106736908441  0.0000008358494051
0.106736908469  0.0000001111399406
0.106779604036  0.0000196734511211
0.106779604043  -0.0000193902108219
0.106800123242  0.0034157673148518
0.106800123246  -0.0033966249339580
0.106800123249  0.0033966384064172
0.106800123253  -0.0034159088477402
0.106827916828  -0.0000000000000076
0.106834657722  -0.0000038007504461
0.106834657729  0.0000038527809076
0.106858217364  0.0000010197466885
0.106858217371  -0.0000010654138984
0.106869611182  0.0000025797198929
0.106869611210  -0.0000024358268510
0.106906328292  -0.0023340598101542
0.106906328293  0.0023278755731868
0.106906328299  -0.0023278093915098
0.106906328300  0.0023339512401677
0.106906798442  -0.0000019408017819
0.106906798449  0.0000019337231030
0.106920653337  0.0000000006832270
0.106921280507  0.0000044649027341
0.106921280514  -0.0000045452754789
0.106922907526  0.0000000315722461
0.106928811768  -0.0000021045380608
0.106928811796  0.0000020979395214
0.106941172543  -0.0000502406116372
0.106941172547  0.0000502282762535
0.106943426732  0.0000324327123720
0.106943426736  -0.0000324208677586
0.106962722196  -0.0000021318400077
0.106962722224  0.0000017741415016
0.106975707023  0.0000000041540556
0.106977961212  -0.0000000003881611
0.106986911499  -0.0000021980518898
0.106986911526  0.0000035786554866
0.106997630623  -0.0001880184206542
0.106997630624  0.0001880184842394
0.106999266666  0.0000000000004826
0.107001520855  0.0000000000029437
0.107019306398  -0.0000443498255278
0.107019306414  0.0000444527806587
0.107024155848  -0.0000309968204452
0.107024155849  0.0000309925240649
0.107035692169  0.0000001255851340
0.107047377594  0.0010119569186574
0.107047377595  -0.0010119051596324
0.107047847743  -0.0000000000027587
0.107049631783  -0.0003408154159811
0.107049631784  0.0003408407391910
0.107050101932  0.0000000000079692
0.107053983247  0.0000009271975659
0.107053983254  -0.0000010104797278
0.107062329808  0.0000000000005910
0.107064583997  0.0000000000046433
0.107084220716  0.0000000000007934
0.107110745941  -0.0000000000001185
0.107113183833  0.0000120922516688
0.107113183840  -0.0000117607886915
0.107124320541  -0.0000000632599046
0.107124320568  0.0000000050381431
0.107147094262  0.0000000998528182
0.107147094269  -0.0000001054664088
0.107160474854  -0.0000000008654756
0.107171283564  0.0000221116989948
0.107171283571  -0.0000218003472770
0.107187000079  0.0000000003076917
0.107195032549  -0.0000000000041903
0.107197286738  0.0000000000048802
0.107204722328  -0.0000000000002393
0.107208215164  0.0000005157193169
0.107208215191  -0.0000004167515493
0.107225775088  -0.0015165892244595
0.107225775097  0.0015136091727003
0.107225775116  -0.0015146592356043
0.107225775124  0.0015165154098694
0.107236031902  0.0000000416085810
0.107236034023  0.0000000390855020
0.107254233135  -0.0000000193240436
0.107256487324  0.0000001203602340
0.107288143563  0.0000000012454809
0.107290397752  0.0000000034345472
0.107297592122  0.0000005989390366
0.107297592150  -0.0000007463767282
0.107301004141  0.0000000899623761
0.107301004169  -0.0000002229543322
0.107301224280  0.0000000000001366
0.107308692606  0.0000000952980476
0.107308692613  -0.0000000907716846
0.107312332866  0.0000000189408368
0.107314587055  -0.0000002025006691
0.107316095629  -0.0014934962267236
0.107316095633  0.0014931601112288
0.107316095657  -0.0014931389058654
0.107316095661  0.0014940535001400
0.107327749505  -0.0000000000008750
0.107358242408  0.0002970676677441
0.107358242417  -0.0002969473747998
0.107365881253  0.0001415714869434
0.107365881260  -0.0001415603221375
0.107392406478  0.0001013470504040
0.107392406485  -0.0001013407693234
0.107392587229  -0.0000023101723684
0.107392587236  0.0000020403787755
0.107402378901  -0.0000000289452838
0.107402378929  -0.0000000094307268
0.107410147153  -0.0007797159933761
0.107410147160  -0.0007729070551756
0.107410147162  0.0007717476235557
0.107410147169  0.0007796227466490
0.107427421473  0.0000411379431311
0.107427421488  -0.0000411055076956
0.107427423594  0.0000410205019916
0.107427423609  -0.0000411179726739
0.107443807244  -0.0000000312338912
0.107443809364  0.0000000923178631
0.107449741908  0.0000000000592234
0.107451996097  -0.0000000000994693
0.107481964187  -0.0000021007730647
0.107481964194  0.0000023737315742
0.107485376206  -0.0000029063122677
0.107485376213  0.0000032839962846
0.107486793306  -0.0084740200156709
0.107486793334  -0.0084709944089578
0.107500467694  0.0044365068371445
0.107500467698  -0.0044210976892504
0.107500467701  0.0044210266064796
0.107500467705  -0.0044359620593903
0.107533636530  0.0000000119728937
0.107535890719  -0.0000000143559226
0.107551196455  0.0001806961764880
0.107551196464  -0.0001805208053782
0.107553450644  -0.0001489938559598
0.107553450653  0.0001489765843671
0.107576369697  -0.0000000109452436
0.107581441253  0.0000000000001514
0.107586750966  -0.0000005000161312
0.107586750973  0.0000001670092842
0.107590625069  -0.0000000279818177
0.107602894922  0.0000000002378223
0.107612837403  -0.0000000131825003
0.107612839524  0.0000000226490833
0.107623013489  -0.0000000000032130
0.107625267678  0.0000000000015428
0.107626425508  -0.0000000000050354
0.107628679697  -0.0000000000050625
0.107641516996  0.0001852032555258
0.107641517000  -0.0001851891448366
0.107643771185  0.0000268890014831
0.107643771189  -0.0000269058535067
0.107671165371  -0.0004868797713271
0.107671165378  -0.0004855269364567
0.107678605949  -0.0000010927653905
0.107678605953  0.0000010829819088
0.107720710018  0.0000040831317464
0.107720710022  -0.0000040981230934
0.107723726545  0.0000031380376970
0.107723726549  0.0000041634779590
0.107723726555  -0.0000041247718924
0.107723726559  -0.0000031384893974
0.107727800268  -0.0000000079308424
0.107730054457  0.0000000156193379
0.107766357483  -0.0000330061761607
0.107766357491  0.0000330814121316
0.107766359604  -0.0000328511776820
0.107766359612  0.0000328704284083
0.107767788437  0.0031057314954925
0.107767788442  -0.0031059088259973
0.107812214673  -0.0008807274704115
0.107814468862  0.0005585767966838
0.107825527320  0.0000000000004353
0.107833127765  -0.0001823230655070
0.107833127770  0.0001823676040198
0.107843729041  0.0000000008104088
0.107852052545  -0.0000000000025279
0.107859652990  0.0000075520380566
0.107859652995  -0.0000075617508724
0.107870254266  -0.0000000000151031
0.107989556327  -0.0000000035452191
0.107989558448  -0.0000000037124176
0.107991743552  -0.0000000288213325
0.107998740144  -0.0000000176911758
0.107998742264  0.0000000198937952
0.108033847621  0.0000000000062356
0.108036864148  0.0000319804244720
0.108036864158  -0.0000319914397926
0.108064783882  0.0000000000005114
0.108085303088  -0.0002090969895848
0.108085303092  0.0002090439849684
0.108088771009  -0.0316035869501967
0.108088771009  0.0316052198401173
0.108091309107  -0.0000000000003884
0.108111828313  -0.0000993595057871
0.108111828317  0.0000993586768901
0.108119837568  0.0000000000233232
0.108143397210  -0.0000000238644611
0.108146362793  0.0000000000015829
0.108169922436  0.0000000011438518
0.108175361101  0.0000000000009518
0.108175903512  0.0004392569929863
0.108175903517  -0.0004394722848141
0.108175905633  0.0004358945633301
0.108175905637  -0.0004357517253503
0.108191508139  -0.0007404959764033
0.108191508139  0.0007405097228605
0.108191978288  -0.0000000244184652
0.108206460353  -0.0000000031853239
0.108218033364  0.0001461864692819
0.108218033365  -0.0001461683454213
0.108218503514  -0.0000000163420235
0.108232985578  -0.0000000217349794
0.108251615239  0.0000000014463137
0.108268263043  -0.0000000867029881
0.108268263047  0.0000000999299518
0.108339163094  0.0000000198908043
0.108365688319  -0.0000000216186899
0.108372968730  0.0000000011027478
0.108392364665  0.0000000000004949
0.108398363680  0.0000000000010287
0.108415072799  -0.0000000000014789
0.108418089326  -0.0001134767349455
0.108418089336  0.0001134853059558
0.108424888905  0.0000000000002103
0.108432274108  -0.0000000000008857
0.108456463410  0.0000000000017467
0.108457021639  -0.0002103888543615
0.108457021645  0.0002101736595631
0.108458799333  -0.0000000000007819
0.108459652614  -0.0000214520572392
0.108459652618  -0.0000205293475567
0.108459652629  0.0000205285316261
0.108459652633  0.0000214394037534
0.108476038384  0.0000001148641117
0.108476038388  -0.0000001091392203
0.108482988636  0.0000000000007978
0.108496886083  0.0015328427698771
0.108496886084  -0.0015331094566602
0.108496888204  -0.0015358072057475
0.108496888204  0.0015357634068197
0.108581400646  -0.0000004020290912
0.108583476176  0.0000000085291902
0.108583478297  -0.0000000041578985
0.108593872452  0.0000000131157743
0.108620397678  0.0000004223633056
0.108645068544  -0.0000000160936682
0.108645068548  0.0000000157987279
0.108659730314  0.0000000012585611
0.108659732434  -0.0000000000013016
0.108667510083  0.0000000068611962
0.108677767075  -0.0000000000094053
0.108695327000  -0.0000074908238163
0.108695327008  0.0000073709869437
0.108704292300  0.0000000000027668
0.108721852225  -0.0000010626241372
0.108721852234  0.0000010687098985
0.108767144034  -0.0000000496062533
0.108770556053  0.0000000035582683
0.108772790217  0.0000434821366372
0.108772790232  -0.0000432973376724
0.108785647541  0.0001549795200316
0.108785647545  -0.0001549358452473
0.108789175987  -0.0000000000012534
0.108793669259  0.0000000153847073
0.108797081278  -0.0000000171274557
0.108798588623  -0.0000157789159250
0.108798588627  -0.0000152968029223
0.108798588632  0.0000152976911836
0.108798588636  0.0000157462283118
0.108800479740  0.0000000320766723
0.108800481861  0.0000000591045162
0.108812172766  -0.0005046721242442
0.108812172770  0.0005046794120507
0.108865136713  -0.0007935896951120
0.108865136720  0.0007938529241607
0.108865138834  -0.0007940892160037
0.108865138840  0.0007941007295340
0.108871930813  0.0000000000065522
0.108898456038  -0.0000000000027721
0.108916667706  -0.0000000000018298
0.108924268151  0.0031377734269917
0.108924268155  -0.0031375782318486
0.108934869426  0.0000000013369936
0.108956345218  -0.0003783821996898
0.108958206147  0.0000007329258282
0.108962625824  0.0000000024087083
0.108982870443  0.0004870370685993
0.109021787468  0.0000022975931050
0.109021787472  -0.0000024516968859
0.109030971284  0.0000006148153790
0.109030971288  -0.0000006035653819
0.109075625157  -0.0000001407865844
0.109075627278  0.0000002112770909
0.109111726227  -0.0009000877733288
0.109111726235  0.0008999794262894
0.109154015395  0.0002796010985737
0.109154015410  -0.0002793638235212
0.109155924267  0.0000000000008311
0.109170401165  0.0000000000020342
0.109176443474  -0.0276768168213874
0.109176443478  0.0276780111218706
0.109208134653  -0.0000394664019674
0.109208134657  -0.0000395839321280
0.109208134657  0.0000395835460149
0.109208134661  0.0000394702559893
0.109210977954  0.0000000000052480
0.109234537596  0.0000000452620395
0.109282648524  0.0028728145331237
0.109282648525  -0.0028726464369344
0.109283118674  -0.0000000441213935
0.109297600738  -0.0000034860264307
0.109324782780  -0.0000001517564777
0.109324784901  -0.0000002989811372
0.109332383225  -0.0002293027227944
0.109332383230  0.0002292870053534
0.109332385346  -0.0002293016286696
0.109332385351  0.0002293707221871
0.109334925071  -0.0000000000075820
0.109339431325  0.0000000007338888
0.109342984501  0.0000000257505203
0.109342986621  0.0000000038007134
0.109344108888  -0.0000000000093126
0.109430303479  0.0000001393891179
0.109489504065  0.0000000000003327
0.109492951405  -0.0000184969358775
0.109492951413  0.0000185135852270
0.109521272256  0.0062641025876773
0.109521272260  -0.0062639911119052
0.109523414494  -0.0000000000010161
0.109529117224  -0.0012639914951658
0.109529117224  0.0012621620990955
0.109529117228  -0.0012621644226808
0.109529117228  0.0012640430325852
0.109547603796  0.0000000000009091
0.109564039342  -0.0000000566209910
0.109564041463  -0.0000000171209690
0.109584558548  0.0001048229840687
0.109584558552  -0.0001047526081735
0.109584560669  0.0001048180540662
0.109584560673  -0.0001047833241818
0.109615707317  0.0000000140533023
0.109615707320  -0.0000000047363592
0.109619093028  -0.0000000105541962
0.109619095149  0.0000000151523123
0.109642652670  -0.0000000117892306
0.109642654791  0.0000000378651788
0.109685012838  0.0000000466630498
0.109690763599  -0.0016025978420321
0.109690763599  0.0016025946703123
0.109690765719  0.0016027372860534
0.109690765720  -0.0016027526847076
0.109691233748  -0.0000004405365878
0.109691235869  0.0000003382226081
0.109691961454  0.0000008788236403
0.109691961458  -0.0000007785211488
0.109705715813  0.0000006805044056
0.109705717934  -0.0000006897276861
0.109716150249  -0.0000000427820464
0.109725334066  0.0000000000016855
0.109768907461  0.0000000000077756
0.109786467385  0.0025968818420980
0.109786467394  -0.0025962436422722
0.109814493676  -0.0000000141112290
0.109832710881  -0.0000000118871054
0.109832710885  0.0000000085710672
0.109838418554  -0.0000006425720264
0.109838420675  0.0000003538255219
0.109842254827  -0.0213851817662238
0.109842254827  0.0213855109441607
0.109856597745  0.0000000000001395
0.109858284419  0.0000000047085482
0.109859614272  -0.0000524896943627
0.109859614282  0.0000525102394725
0.109861696438  0.0000000199263726
0.109876787926  -0.0078367337290209
0.109876787930  0.0078358891622055
0.109897367854  -0.0002419509304268
0.109897367858  -0.0002427528264355
0.109897367860  0.0002427497987691
0.109897367864  0.0002419289980247
0.109897619140  -0.0000002819414154
0.109897621260  -0.0000007708821119
0.109902497434  0.0041624778550433
0.109902497438  -0.0041624997786625
0.109928844920  -0.0000000212712246
0.109931529568  0.0000004938944075
0.109931531689  -0.0000003374350671
0.109955718870  -0.0000017985196045
0.109955720991  0.0000002479184485
0.109963071198  -0.0000000000048720
0.110005099057  -0.0000000000032250
0.110047485603  0.0050264701675226
0.110093127913  0.0000000263858008
0.110093130033  -0.0000000881687863
0.110107856298  0.0000000792678898
0.110107856302  -0.0000001130373565
0.110145848484  0.0000000005067607
0.110177022535  -0.0000001509610293
0.110177024656  -0.0000000573125922
0.110194582460  -0.0001113774709810
0.110194582468  0.0001112426221380
0.110194584581  -0.0001112806036501
0.110194584589  0.0001114158364520
0.110210505457  0.0015503916794820
0.110210505463  -0.0015502383941151
0.110223480005  0.0030958929843705
0.110223480006  -0.0030959366749076
0.110266399494  -0.0000000141325769
0.110266401614  0.0000000510007392
0.110269811513  0.0000020390297968
0.110269813633  0.0000009731618912
0.110284903001  0.0000976032161975
0.110284903005  -0.0000978849887192
0.110284905121  0.0000978907735863
0.110284905125  -0.0000979099272465
0.110310070098  -0.0000000088479264
0.110357013921  -0.0000005677361579
0.110357013925  0.0000008024825348
0.110364614366  0.0000334995269274
0.110364614370  0.0000338704877407
0.110364614371  -0.0000339156634320
0.110364614375  -0.0000335016425436
0.110371186273  -0.0000001402497770
0.110371188394  -0.0000000752946398
0.110375215641  -0.0000002577573556
0.110375215645  0.0000002553277449
0.110386324236  -0.0000000000202491
0.110404150770  0.0000000095842667
0.110420993901  -0.0000000000664210
0.110455600678  -0.0013650677769546
0.110455602798  -0.0013649115036711
0.110527073662  -0.0000003325922295
0.110591730635  -0.0003060516253472
0.110591730641  0.0003059722676140
0.110595540341  0.0000038773910516
0.110595540356  -0.0000038740903692
0.110596270483  0.0000005211746689
0.110596270487  -0.0000004855329377
0.110611926112  -0.0000000000004531
0.110616789689  0.0012463491095890
0.110616789693  -0.0012418767772687
0.110616789693  0.0012420818985993
0.110616789697  -0.0012462898187261
0.110651324169  -0.0000000546425291
0.110651324173  -0.0000000087864225
0.110670151524  0.0000000034796957
0.110674883811  -0.0000007663833419
0.110674883815  0.0000005396609778
0.110677751969  0.0001655720237163
0.110677751974  -0.0001655828322090
0.110688353244  0.0000000000227993
0.110722994739  -0.0007786894548451
0.110722994740  0.0007774436624673
0.110722994743  -0.0007774540534493
0.110722994744  0.0007786792828901
0.110723464889  -0.0000019511180619
0.110723464893  0.0000019147044423
0.110737946954  -0.0000059419977730
0.110737946958  0.0000060667900739
0.110780956271  0.0000000669294762
0.110802219079  -0.0000000001142646
0.110870649694  0.0000002260454576
0.110870649698  -0.0000003184995610
0.110909408086  0.0000002077536831
0.110929850280  0.0000025435603515
0.110929850284  -0.0000024300586223
0.110929927292  0.0001321740814601
0.110929927296  -0.0001320723154935
0.110934476351  0.0011637708091957
0.110934476359  -0.0011638892812056
0.110963760709  -0.0000011720636110
0.110963760713  0.0000013406681430
0.110964461772  -0.0000000242527531
0.110987950011  0.0000048198262556
0.110987950015  -0.0000045144692211
0.110988021414  -0.0000000000377580
0.111036132342  -0.0061088834257878
0.111036132343  0.0061088009643493
0.111036602492  0.0000000002416888
0.111051084557  -0.0000000000855007
0.111051376702  0.0000016940861940
0.111058977147  -0.0008852559232806
0.111058977152  0.0008853806967281
0.111069578422  0.0000000000074813
0.111125359053  -0.0000006831807789
0.111125359057  0.0000006260348619
0.111157675195  -0.0000000054044167
0.111166859012  -0.0000000000003818
0.111183787298  0.0000000001331749
0.111209253676  -0.0000008386645963
0.111209253680  0.0000010049829708
0.111226813600  -0.0002276741409150
0.111226813604  -0.0002265952208743
0.111226813609  0.0002264879827882
0.111226813613  0.0002280103401674
0.111242987883  0.0000000582192646
0.111276898312  0.0000000457052385
0.111290633264  -0.0000000707891555
0.111298630634  0.0000005424251243
0.111298630638  -0.0000003678982574
0.111301087614  -0.0000022620406030
0.111302042653  -0.0000014837970452
0.111302042657  0.0000014271028806
0.111311152470  0.0057288624214682
0.111311152474  -0.0057287779604870
0.111317134141  0.0019535140619685
0.111317134145  -0.0019495026368645
0.111317134145  0.0019494485755903
0.111317134149  -0.0019534487633555
0.111344022380  0.0038333393176671
0.111344022385  -0.0038333093391025
0.111345686950  -0.0000000565874723
0.111369246592  0.0000000000153049
0.111403417414  -0.0000004688120008
0.111403417417  0.0000005111348172
0.111417357520  -0.0200168743702868
0.111417357521  0.0200170309550853
0.111417827670  -0.0000000000939288
0.111432309735  0.0000000001141320
0.111438496656  0.0000000000042620
0.111487831818  -0.0007333064312888
0.111487831822  -0.0007321504938089
0.111522391279  0.0000000281464106
0.111539951204  -0.0013411482715427
0.111539951212  0.0013410914270624
0.111565012476  -0.0000000000840029
0.111611768237  0.0000000000139104
0.111615180256  0.0000000000098806
0.111624213061  0.0000000019737689
0.111630271744  0.0032046624302541
0.111630271748  -0.0032051744936204
0.111658123490  0.0000003039132974
0.111665004951  0.0138150711120843
0.111665004952  -0.0138151703792709
0.111682312792  0.0000000011146748
0.111716555017  -0.0000004577654952
0.111751595044  0.0000000058454720
0.111800969421  0.0004208108130578
0.111819721834  -0.0000000000109633
0.111827849182  0.0000000000023386
0.111903616457  -0.0000000496273224
0.111921176382  0.0160794018037847
0.111921176390  -0.0160748541803156
0.111968598608  -0.0000001075238147
0.111992993415  -0.0000000000040488
0.111996405434  -0.0000000000200258
0.112011496922  -0.0244247922368558
0.112011496926  0.0244216973027915
0.112033255581  -0.0049687766441119
0.112033255588  0.0049688340134460
0.112097780195  -0.0000000088136536
0.112182194599  0.0795177819464963
0.112243744025  -0.0000000000063848
0.112492901648  0.0000002660093039
0.112500502093  -0.0012892307158602
0.112500502098  0.0012892147561369
0.112511103368  -0.0000000000010879
0.112732158210  -0.0000001545905838
0.112752677416  -0.0002129044552019
0.112752677420  0.0002129470533738
0.112787211896  0.0000000579951781
0.112810771538  0.0000000000016570
0.112858882467  -0.0014544651525872
0.112858882467  0.0014544694202285
0.112859352616  0.0000000000057018
0.112873834681  0.0000000000035165
0.113006537422  -0.0000000000201953
0.113065738007  -0.0000000513966597
0.113099648436  0.0000000501098090
0.113123837738  -0.0000001854954946
0.113261246780  -0.0000000000004313
0.113345141403  0.0000009143151682
0.113362701328  0.0004815921963130
0.113362701336  -0.0004810581706738
0.113434518362  0.0000000000045116
0.113437930381  0.0000000000402593
0.113453021869  -0.0014261766714866
0.113453021872  0.0014261541700988
0.113539305141  0.0000001088504455
0.113623719546  0.0029698620933976
