-59 1.33138711878825e-07
-58.2625 7.42219237414454e-07
-57.525 3.01647703940414e-06
-56.7875 8.72121950432685e-06
-56.05 2.22235236490202e-05
-55.3125 5.33331543885055e-05
-54.575 0.00012400349919151
-53.8375 0.000280179386439709
-53.1 0.000600793112090977
-52.3625 0.00114469303644056
-51.625 0.00167650712770598
-50.8875 0.00150728266324877
-50.15 0.0014763622774416
-49.4125 0.0026685488362661
-48.675 0.00286854939153437
-47.9375 0.00236163276617007
-47.2 0.00303191090063195
-46.4625 0.00395315658616589
-45.725 0.00412742974185388
-44.9875 0.00493021821326555
-44.25 0.00705369827165367
-43.5125 0.00713674522072085
-42.775 0.00535859323539697
-42.0375 0.00580548722821315
-41.3 0.00701682839192453
-40.5625 0.00753160718899973
-39.825 0.0092044932287802
-39.0875 0.0122772436554404
-38.35 0.0123572096592432
-37.6125 0.00911031053881483
-36.875 0.00865329206547409
-36.1375 0.00980387166818353
-35.4 0.0107152448667612
-34.6625 0.013167485813631
-33.925 0.0166915068967614
-33.1875 0.0167657329924935
-32.45 0.0130303262921615
-31.7125 0.0112873546851544
-30.975 0.0116784024457105
-30.2375 0.0120017941789853
-29.5 0.0139606065071493
-28.7625 0.0177417667747942
-28.025 0.0185937938742666
-27.2875 0.0154939043157665
-26.55 0.0129082279402884
-25.8125 0.0127301656439553
-25.075 0.0124209034782381
-24.3375 0.0126573265678464
-23.6 0.0160374872195796
-22.8625 0.0184846582686871
-22.125 0.0164154361211906
-21.3875 0.0131206924581482
-20.65 0.0122768892372631
-19.9125 0.0119445057124347
-19.175 0.0109617063729999
-18.4375 0.0118375448194297
-17.7 0.0152210648445949
-16.9625 0.0154364141249788
-16.225 0.0124703408943657
-15.4875 0.0106013239515376
-14.75 0.0104670129077269
-14.0125 0.00975588547404731
-13.275 0.00898184363190875
-12.5375 0.0106827895906887
-11.8 0.0129263987373205
-11.0625 0.0117390671368843
-10.325 0.00931855350280012
-9.58749999999996 0.00847379501568498
-8.84999999999996 0.00820477430982507
-8.11249999999996 0.00739217497098909
-7.37499999999996 0.00718771836402574
-6.63749999999996 0.00898713799030634
-5.89999999999996 0.00985176635983212
-5.16249999999996 0.00860196022001573
-4.42499999999996 0.00714729444861697
-3.68749999999996 0.00677855128604912
-2.94999999999996 0.00658735890508053
-2.21249999999996 0.00618521630038523
-1.47499999999996 0.00641073174682926
-0.737499999999961 0.00781354029134744
3.86357612569554e-14 0.00836459150911893
0.737500000000039 0.00764431022285483
1.47500000000004 0.00638509527030356
2.21250000000004 0.0061677064056026
2.95000000000004 0.0063952803232086
3.68750000000004 0.00646493609997485
4.42500000000004 0.00689134505226165
5.16250000000004 0.00830705188131383
5.90000000000004 0.00928862531922889
6.63750000000004 0.0084495702847699
7.37500000000004 0.00686275743983212
8.11250000000004 0.00699652865713178
8.85000000000004 0.00765050417366377
9.58750000000004 0.00788998090734849
10.325 0.00873738569851873
11.0625 0.0109034636249696
11.8 0.011920238463882
12.5375 0.00993323599058863
13.275 0.00837886015386189
14.0125 0.00904552564348583
14.75 0.00969721626085521
15.4875 0.0098596222863003
16.225 0.0115638686272011
16.9625 0.0142518397916889
17.7 0.0141234298085341
18.4375 0.0110454848574469
19.175 0.0101894877347595
19.9125 0.0111048845132545
20.65 0.0114667988520097
21.3875 0.0122556671002898
22.125 0.0152614901682592
22.8625 0.017239637301567
23.6 0.0150618810835162
24.3375 0.0118721045049684
25.075 0.0116286196745542
25.8125 0.0119729418907389
26.55 0.012181204475485
27.2875 0.0145601316902316
28.025 0.0174921103340572
28.7625 0.0167962884723233
29.5 0.0132472804024839
30.2375000000001 0.0113432666478161
30.9750000000001 0.0110635139296529
31.7125000000001 0.010740352734589
32.4500000000001 0.0123886608013736
33.1875 0.0159517981141672
33.9250000000001 0.0159594420152239
34.6625000000001 0.0126268349367148
35.4000000000001 0.0102473354023153
36.1375000000001 0.00938024907696287
36.8750000000001 0.00830255584653828
37.6125000000001 0.00873834036881586
38.3500000000001 0.0118624314894265
39.0875000000001 0.0118293853869894
39.8250000000001 0.00887471308479104
40.5625000000001 0.0072408899758803
41.3000000000001 0.00675576743541588
42.0375000000001 0.0056089690658335
42.7750000000001 0.005201417031878
43.5125000000001 0.0069470550553354
44.2500000000001 0.00687069437760696
44.9875000000001 0.00480467549886546
45.7250000000001 0.00401961829235147
46.4625000000001 0.00385098621292143
47.2000000000001 0.00295683014534453
47.9375000000001 0.00231081640128967
48.6750000000001 0.00281651860195931
49.4125000000001 0.00261818094602607
50.1500000000001 0.00144840903226569
50.8875000000001 0.00148057391852445
51.6250000000001 0.00164694550255891
52.3625000000001 0.00112545538960765
53.1000000000001 0.000591139670934364
53.8375000000001 0.000275764101978833
54.5750000000001 0.000122053943226584
55.3125000000001 5.24875980027366e-05
56.0500000000001 2.18600011929575e-05
56.7875000000001 8.56605134467079e-06
57.5250000000001 2.95159781455015e-06
58.2625000000001 7.18640660164366e-07
