-59 7.20054147733304e-07
-58.2625 1.0032905362082e-06
-57.525 2.65827070569338e-06
-56.7875 6.7880717477419e-06
-56.05 1.60908824989687e-05
-55.3125 3.63105872872747e-05
-54.575 7.94821990014063e-05
-53.8375 0.000169157469588274
-53.1 0.000342011356015904
-52.3625 0.000618455641416379
-51.625 0.000886915832296678
-50.8875 0.000916380334237601
-50.15 0.0011141322885131
-49.4125 0.00164467512565516
-48.675 0.00157855703013036
-47.9375 0.00141243222868334
-47.2 0.00186822459466879
-46.4625 0.00240674649328856
-45.725 0.00278348411734035
-44.9875 0.00365500284109219
-44.25 0.00462680779948559
-43.5125 0.00417211687708801
-42.775 0.0031480255053303
-42.0375 0.00338810427827348
-41.3 0.00399132543142476
-40.5625 0.00466031124446548
-39.825 0.00612010911862813
-39.0875 0.00739978310321481
-38.35 0.00682429353282449
-37.6125 0.00498140131696858
-36.875 0.0044784147116412
-36.1375 0.00478566952425437
-35.4 0.00533908619064783
-34.6625 0.00661161677598599
-33.925 0.00795982090791748
-33.1875 0.00778499216310138
-32.45 0.00604780004080882
-31.7125 0.00498655104518755
-30.975 0.00502627950265868
-30.2375 0.00528980624795688
-29.5 0.00610327877734089
-28.7625 0.00765669648972661
-28.025 0.0082865203844814
-27.2875 0.00719264729070696
-26.55 0.00580190705549167
-25.8125 0.00575191557632617
-25.075 0.00617951959181862
-24.3375 0.00669916987013202
-23.6 0.00820680783887999
-22.8625 0.0101303463410029
-22.125 0.0102762948068694
-21.3875 0.00832742669104311
-20.65 0.00752853116117093
-19.9125 0.00844843671475503
-19.175 0.00929279147986622
-18.4375 0.0102691734215541
-17.7 0.0134845906301972
-16.9625 0.0163918704993708
-16.225 0.0146843613089241
-15.4875 0.0110842402583136
-14.75 0.0110956563884231
-14.0125 0.0123863342567424
-13.275 0.0129501878978189
-12.5375 0.0154556790792901
-11.8 0.0211672884027279
-11.0625 0.0224613203984976
-10.325 0.0172104624072564
-9.58749999999996 0.0137514344744752
-8.84999999999996 0.0143403112478838
-8.11249999999996 0.0145586245825849
-7.37499999999996 0.014661511151401
-6.63749999999996 0.0190601700285748
-5.89999999999996 0.0241252488465505
-5.16249999999996 0.0220677844237187
-4.42499999999996 0.0161475464499984
-3.68749999999996 0.0146856239839555
-2.94999999999996 0.0153588335474921
-2.21249999999996 0.0149978455657798
-1.47499999999996 0.015594451408514
-0.737499999999961 0.0208969741718569
3.86357612569554e-14 0.0246205471248563
0.737500000000039 0.0211432012601708
1.47500000000004 0.0157379811138735
2.21250000000004 0.0152361908632052
2.95000000000004 0.0159508045265976
3.68750000000004 0.015549497244956
4.42500000000004 0.0170811181805174
5.16250000000004 0.0233826709017359
5.90000000000004 0.0260385392390847
6.63750000000004 0.0207930205660519
7.37500000000004 0.0158865630291528
8.11250000000004 0.0159705062361095
8.85000000000004 0.0161083558898091
9.58750000000004 0.0155704626882078
10.325 0.0193291358566909
11.0625 0.0257719187522611
11.8 0.0248434610043497
12.5375 0.0180827345176922
13.275 0.0150323481722999
14.0125 0.0146590430814708
14.75 0.0133138535324703
15.4875 0.013166484002331
16.225 0.0176947921404588
16.9625 0.0203761107647422
17.7 0.016707066634017
18.4375 0.0124158323096403
19.175 0.011233604942755
19.9125 0.010124306937692
20.65 0.0087193767463951
21.3875 0.00963916299086577
22.125 0.0121948704970264
22.8625 0.011560048598525
23.6 0.00888605829552376
24.3375 0.00733743327199554
25.075 0.00655866777895879
25.8125 0.00558763060933781
26.55 0.00536625523390779
27.2875 0.00659785056444172
28.025 0.00702548595740087
28.7625 0.00610723710406102
29.5 0.00515179279062557
30.2375000000001 0.00452232570990382
30.9750000000001 0.0040671426062722
31.7125000000001 0.00399688816493786
32.4500000000001 0.00479903032221509
33.1875 0.00586094487043754
33.9250000000001 0.00608711929210842
34.6625000000001 0.00552361016496854
35.4000000000001 0.00451060499153796
36.1375000000001 0.00399314773372435
36.8750000000001 0.00392676016307686
37.6125000000001 0.00444559553806928
38.3500000000001 0.0060311111570771
39.0875000000001 0.00692739868717366
39.8250000000001 0.00610833204403613
40.5625000000001 0.00457388261537255
41.3000000000001 0.00390369920280391
42.0375000000001 0.00352411832700854
42.7750000000001 0.00346357412299093
43.5125000000001 0.00470025825857415
44.2500000000001 0.00547462281301199
44.9875000000001 0.00450115251653818
45.7250000000001 0.00332143561144818
46.4625000000001 0.00282734880265606
47.2000000000001 0.00226993639430773
47.9375000000001 0.0018031004795976
48.6750000000001 0.00213292742372487
49.4125000000001 0.00228539063964441
50.1500000000001 0.00154488504539049
50.8875000000001 0.00126232773201491
51.6250000000001 0.0012421657689767
52.3625000000001 0.000877167203397184
53.1000000000001 0.000488795287895107
53.8375000000001 0.000243380761149394
54.5750000000001 0.000115223830226514
55.3125000000001 5.3191134145582e-05
56.0500000000001 2.39596563904926e-05
56.7875000000001 1.03947412744029e-05
57.5250000000001 4.25977240439163e-06
58.2625000000001 1.6129229679979e-06
