-59 3.61291804875014e-11
-58.2625 1.49572242612568e-10
-57.525 5.67714212790731e-10
-56.7875 1.83546507252677e-09
-56.05 5.612378634496e-09
-55.3125 1.68073338334895e-08
-54.575 5.01641777917233e-08
-53.8375 1.4838507235714e-07
-53.1 4.299456086723e-07
-52.3625 1.16277685210173e-06
-51.625 2.60128157797034e-06
-50.8875 3.73709780687006e-06
-50.15 3.86820510317159e-06
-49.4125 4.96929384137152e-06
-48.675 5.3757226280725e-06
-47.9375 6.31420544766582e-06
-47.2 1.31066390330763e-05
-46.4625 2.77598805096724e-05
-45.725 3.99224440440688e-05
-44.9875 3.15750231514447e-05
-44.25 3.30592638828356e-05
-43.5125 4.6742405019598e-05
-42.775 3.79631579836378e-05
-42.0375 4.60966506971311e-05
-41.3 0.000100629046207769
-40.5625 0.000176173930581769
-39.825 0.000168438523697244
-39.0875 0.000137223608607272
-38.35 0.000200019513700823
-37.6125 0.000185005200372449
-36.875 0.000161849978170221
-36.1375 0.000313667877438957
-35.4 0.000603816579723444
-34.6625 0.000678550627484888
-33.925 0.000540649571475381
-33.1875 0.000724055094244188
-32.45 0.00076034464521884
-31.7125 0.000609524438065882
-30.975 0.00102529328240265
-30.2375 0.00208042408655375
-29.5 0.00268671400299133
-28.7625 0.00222142740936726
-28.025 0.00251210744210544
-27.2875 0.00271523795547779
-26.55 0.00171894023467789
-25.8125 0.00170775774846058
-25.075 0.00394758451815332
-24.3375 0.0079445865035491
-23.6 0.0101974000543857
-22.8625 0.0102498423281959
-22.125 0.00997633906884394
-21.3875 0.00665855476799709
-20.65 0.00311607835134839
-19.9125 0.00345631562914117
-19.175 0.00896728415134047
-18.4375 0.0188594665900355
-17.7 0.0264055457138639
-16.9625 0.0276737122405634
-16.225 0.0219715615637732
-15.4875 0.0112155836309743
-14.75 0.00443950456326193
-14.0125 0.00500791221640947
-13.275 0.0134370294161538
-12.5375 0.0275474026649116
-11.8 0.0372492914113658
-11.0625 0.0369722098336447
-10.325 0.0261400211228022
-9.58749999999996 0.0118156836734232
-8.84999999999996 0.00468275543719326
-8.11249999999996 0.00668009196876519
-7.37499999999996 0.0188039360362558
-6.63749999999996 0.0381367394407274
-5.89999999999996 0.0498967677481423
-5.16249999999996 0.0443047085441738
-4.42499999999996 0.0259564627118458
-3.68749999999996 0.0100248015268207
-2.94999999999996 0.00421930176840822
-2.21249999999996 0.00838401064000734
-1.47499999999996 0.0255174356326229
-0.737499999999961 0.0532773827191145
3.86357612569554e-14 0.0680303304687424
0.737500000000039 0.0532579702014294
1.47500000000004 0.0254844630832037
2.21250000000004 0.00830921068075758
2.95000000000004 0.0039911675616981
3.68750000000004 0.00952291309422792
4.42500000000004 0.0254990293498964
5.16250000000004 0.0450317381025984
5.90000000000004 0.0515662708041026
6.63750000000004 0.0389507852194488
7.37500000000004 0.0186932789648348
8.11250000000004 0.00640032125811492
8.85000000000004 0.00428636753127007
9.58750000000004 0.0110277705698076
10.325 0.0250718512190282
11.0625 0.0367163746050524
11.8 0.0380012974414597
12.5375 0.0280665660714512
13.275 0.0134844326292501
14.0125 0.00496312867747984
14.75 0.0043739105539282
15.4875 0.0108220325770758
16.225 0.0205685025441181
16.9625 0.0255583083480125
17.7 0.0252529590324288
18.4375 0.0188890321320406
19.175 0.00921334646861869
19.9125 0.00364408648761736
20.65 0.00336687827508158
21.3875 0.00689751343405149
22.125 0.00953909205655952
22.8625 0.00913971464761124
23.6 0.00975393685962715
24.3375 0.00830839159558085
25.075 0.00430901356983405
25.8125 0.00190070662061395
26.55 0.00189216464078919
27.2875 0.00298745908549447
28.025 0.00275305326418548
28.7625 0.002382925023927
29.5 0.00299880265773911
30.2375000000001 0.00242023091343647
30.9750000000001 0.00121237868494149
31.7125000000001 0.000677638162743403
32.4500000000001 0.000782358845657691
33.1875 0.000758047846156082
33.9250000000001 0.000588764870166843
34.6625000000001 0.000721366287462019
35.4000000000001 0.000631234874198541
36.1375000000001 0.000324765457920117
36.8750000000001 0.000162844173805482
37.6125000000001 0.000182000526620238
38.3500000000001 0.000202996849114033
39.0875000000001 0.000147136400274632
39.8250000000001 0.000174838348636789
40.5625000000001 0.000177354548146749
41.3000000000001 0.000100362690509388
42.0375000000001 4.49875004741677e-05
42.7750000000001 3.52477215270804e-05
43.5125000000001 4.4630525364177e-05
44.2500000000001 3.52464883501838e-05
44.9875000000001 3.34972205607762e-05
45.7250000000001 3.81539339139298e-05
46.4625000000001 2.54609701395811e-05
47.2000000000001 1.17410981807263e-05
47.9375000000001 5.39540816979151e-06
48.6750000000001 4.52876489605869e-06
49.4125000000001 4.71960360686775e-06
50.1500000000001 4.0318893563581e-06
50.8875000000001 3.49188068232891e-06
51.6250000000001 2.18881207964826e-06
52.3625000000001 9.17062375654421e-07
53.1000000000001 3.23520915257161e-07
53.8375000000001 1.08242445731666e-07
54.5750000000001 3.58630168558604e-08
55.3125000000001 1.18433168298433e-08
56.0500000000001 3.89973263997405e-09
56.7875000000001 1.25470939724251e-09
57.5250000000001 3.71691969375234e-10
58.2625000000001 8.97385241111696e-11
