-59 2.23820049761092e-10
-58.2625 1.86023028036669e-09
-57.525 8.7658663623784e-09
-56.7875 2.95187456640947e-08
-56.05 9.02035445521857e-08
-55.3125 2.64480013836873e-07
-54.575 7.63551283893337e-07
-53.8375 2.15055848199625e-06
-53.1 5.80053257740797e-06
-52.3625 1.411804175013e-05
-51.625 2.71898296782216e-05
-50.8875 2.8621229786811e-05
-50.15 1.29219612763398e-05
-49.4125 2.32316837140792e-05
-48.675 3.920114400425e-05
-47.9375 3.42649062386881e-05
-47.2 4.91958085554478e-05
-46.4625 9.72961884157346e-05
-45.725 0.000134789860196433
-44.9875 0.000100005133373222
-44.25 0.000107074972044136
-43.5125 0.00015757789991286
-42.775 0.000122767303611578
-42.0375 0.000135692715762506
-41.3 0.000283047687124547
-40.5625 0.000459261531821185
-39.825 0.000394702188325267
-39.0875 0.000356111555291059
-38.35 0.000544666883348959
-37.6125 0.000470137512152256
-36.875 0.00044044381410157
-36.1375 0.000857592049036702
-35.4 0.00143214931940819
-34.6625 0.00132307608973999
-33.925 0.0012280038460648
-33.1875 0.00178790421591639
-32.45 0.00163391791601433
-31.7125 0.00170802193819825
-30.975 0.00342440908386618
-30.2375 0.00611830518591032
-29.5 0.00604026251102922
-28.7625 0.00420964306173907
-28.025 0.00608727966509091
-27.2875 0.00639896536841567
-26.55 0.00376473353396438
-25.8125 0.00365367131781771
-25.075 0.0077007137691947
-24.3375 0.012671730119193
-23.6 0.0095983728695283
-22.8625 0.00586724675843522
-22.125 0.0113475109653268
-21.3875 0.0114571833616383
-20.65 0.0062001364742896
-19.9125 0.00544450678137176
-19.175 0.0112892507339572
-18.4375 0.0187414923009842
-17.7 0.0172656850327355
-16.9625 0.0158246987896621
-16.225 0.0188525310556496
-15.4875 0.013362006692051
-14.75 0.00634997192696533
-14.0125 0.00627580913842393
-13.275 0.0145632512653462
-12.5375 0.0269765014265574
-11.8 0.0327830143915305
-11.0625 0.0321696074275608
-10.325 0.0248310847483817
-9.58749999999996 0.0124542333845251
-8.84999999999996 0.00617172017521597
-8.11249999999996 0.00966039943751102
-7.37499999999996 0.0225123528157596
-6.63749999999996 0.0356369046120751
-5.89999999999996 0.0387756829097329
-5.16249999999996 0.0380690949372874
-4.42499999999996 0.0286989796492102
-3.68749999999996 0.0138609598906702
-2.94999999999996 0.00787766487879124
-2.21249999999996 0.0141351862825158
-1.47499999999996 0.0295109107393888
-0.737499999999961 0.0377108150849049
3.86357612569554e-14 0.0355461500218501
0.737500000000039 0.0372393209566505
1.47500000000004 0.0291312153712895
2.21250000000004 0.0139933192204493
2.95000000000004 0.00789519763725413
3.68750000000004 0.0140739648228837
4.42500000000004 0.0292437496147819
5.16250000000004 0.0387783713885199
5.90000000000004 0.0390875489145131
6.63750000000004 0.0355362732902557
7.37500000000004 0.0223828208601136
8.11250000000004 0.00961213914754687
8.85000000000004 0.0062022850230947
9.58750000000004 0.0126428284609825
10.325 0.0253214493579472
11.0625 0.0328295988087822
11.8 0.0331679315810507
12.5375 0.0270295977573471
13.275 0.0145287882343885
14.0125 0.00625553027361003
14.75 0.00636312609185545
15.4875 0.0134701379878772
16.225 0.0191552718759561
16.9625 0.016202191365857
17.7 0.0174311352107875
18.4375 0.0187204583466306
19.175 0.0112504380903314
19.9125 0.00543125297913891
20.65 0.00621625345938583
21.3875 0.0115270542707396
22.125 0.0114796416676242
22.8625 0.00596801099265224
23.6 0.00959637326657838
24.3375 0.0126317656955638
25.075 0.00767756712521464
25.8125 0.00365003310703434
26.55 0.0037832192308281
27.2875 0.0064494088997186
28.025 0.00615544210582536
28.7625 0.00425428503844646
29.5 0.00605528230084901
30.2375000000001 0.00612356423068861
30.9750000000001 0.00342738079527464
31.7125000000001 0.0017110783576152
32.4500000000001 0.00163968682620572
33.1875 0.00179454053971291
33.9250000000001 0.0012317558646171
34.6625000000001 0.001327040587359
35.4000000000001 0.00143699155992576
36.1375000000001 0.000860603640605678
36.8750000000001 0.000442110653570774
37.6125000000001 0.000472053193183584
38.3500000000001 0.000546718326933182
39.0875000000001 0.000357371782293319
39.8250000000001 0.000396222280316706
40.5625000000001 0.000460968359900478
41.3000000000001 0.000284022978247395
42.0375000000001 0.000136142774971338
42.7750000000001 0.000123218796536861
43.5125000000001 0.000158181323815685
44.2500000000001 0.000107500939755514
44.9875000000001 0.000100425364093783
45.7250000000001 0.000135324794954215
46.4625000000001 9.76591234763789e-05
47.2000000000001 4.93724704112386e-05
47.9375000000001 3.43889987533265e-05
48.6750000000001 3.93388258822917e-05
49.4125000000001 2.32969708753735e-05
50.1500000000001 1.29395503985903e-05
50.8875000000001 2.87038236483783e-05
51.6250000000001 2.72823421354666e-05
52.3625000000001 1.41690576717447e-05
53.1000000000001 5.82188509123775e-06
53.8375000000001 2.15846311226578e-06
54.5750000000001 7.66320606268206e-07
55.3125000000001 2.65434663738839e-07
56.0500000000001 9.0527515377317e-08
56.7875000000001 2.9627880149991e-08
57.5250000000001 8.80097687716408e-09
58.2625000000001 1.87075614471643e-09
