-59 1.60525234758665e-09
-58.2625 2.0985754845437e-09
-57.525 4.14437445875117e-09
-56.7875 1.04253092851229e-08
-56.05 2.88960846744927e-08
-55.3125 8.27083678612574e-08
-54.575 2.38838854301878e-07
-53.8375 6.80581597687349e-07
-53.1 1.86975715881595e-06
-52.3625 4.68406705224982e-06
-51.625 9.51874744186691e-06
-50.8875 1.15138780643699e-05
-50.15 7.45773099078443e-06
-49.4125 9.85085559140762e-06
-48.675 1.39381828515239e-05
-47.9375 1.28827639123825e-05
-47.2 2.12187261496036e-05
-46.4625 4.66496742936983e-05
-45.725 7.58205702774482e-05
-44.9875 7.59549358307953e-05
-44.25 7.73982767513537e-05
-43.5125 8.43959219185413e-05
-42.775 6.26522956912151e-05
-42.0375 8.06533731365051e-05
-41.3 0.00018756104006708
-40.5625 0.000340711427962
-39.825 0.000351447345630744
-39.0875 0.000310839251200855
-38.35 0.000391713496520672
-37.6125 0.000334289032680074
-36.875 0.000316885664631783
-36.1375 0.000650719044513932
-35.4 0.00123089052765398
-34.6625 0.00140153203332835
-33.925 0.00125877910320742
-33.1875 0.00151430230797302
-32.45 0.00144391890041287
-31.7125 0.00142437006801885
-30.975 0.00273813728124014
-30.2375 0.00519816113898655
-29.5 0.00583415808406882
-28.7625 0.00432526267442747
-28.025 0.00552679024534955
-27.2875 0.00627378837186843
-26.55 0.0040393925478487
-25.8125 0.00394156004655337
-25.075 0.00864037320197144
-24.3375 0.0156949032315309
-23.6 0.0156291070175797
-22.8625 0.0129955856396439
-22.125 0.0171021409120411
-21.3875 0.0147785314286355
-20.65 0.00775288566755808
-19.9125 0.0071305986945578
-19.175 0.0158053317198561
-18.4375 0.0304012723967689
-17.7 0.0386194963566613
-16.9625 0.0409965664044894
-16.225 0.0373945512379254
-15.4875 0.0218936517162951
-14.75 0.00907788333796425
-14.0125 0.00693230851450501
-13.275 0.014391171824779
-12.5375 0.0250921244036532
-11.8 0.0289841975192513
-11.0625 0.0304836041585899
-10.325 0.0268048907567057
-9.58749999999996 0.0146376994636484
-8.84999999999996 0.00605423614652156
-8.11249999999996 0.00522514671196727
-7.37499999999996 0.0117223279182331
-6.63749999999996 0.0221086983236791
-5.89999999999996 0.0278924422209826
-5.16249999999996 0.0256975401415236
-4.42499999999996 0.0165689817548517
-3.68749999999996 0.00714707548042684
-2.94999999999996 0.00289347528653491
-2.21249999999996 0.0040685254729829
-1.47499999999996 0.0123297806700343
-0.737499999999961 0.0274098715680021
3.86357612569554e-14 0.0359588707409296
0.737500000000039 0.0274101682882573
1.47500000000004 0.0123300291930147
2.21250000000004 0.00406859125468381
2.95000000000004 0.00289329834619414
3.68750000000004 0.00714638278394963
4.42500000000004 0.0165672349192884
5.16250000000004 0.0256945639246801
5.90000000000004 0.0278890300792029
6.63750000000004 0.0221060473072018
7.37500000000004 0.0117209955389983
8.11250000000004 0.00522472502146683
8.85000000000004 0.00605424915977408
9.58750000000004 0.0146380348985209
10.325 0.0268059123914415
11.0625 0.0304856510312365
11.8 0.0289861994061323
12.5375 0.0250928777945906
13.275 0.0143911071766087
14.0125 0.00693214118092122
14.75 0.00907790876772986
15.4875 0.0218942107811945
16.225 0.0373961620777536
16.9625 0.0409990386369509
17.7 0.0386216137464169
18.4375 0.030402290672791
19.175 0.0158055884032021
19.9125 0.00713048203475434
20.65 0.00775246366531514
21.3875 0.0147778440109426
22.125 0.0171016389488076
22.8625 0.0129953972006848
23.6 0.0156285441928269
24.3375 0.0156941468632657
25.075 0.00863994482440892
25.8125 0.00394133008547809
26.55 0.00403909365967166
27.2875 0.00627350225560311
28.025 0.00552667705368149
28.7625 0.00432490446977916
29.5 0.00583350680925632
30.2375000000001 0.00519768289667882
30.9750000000001 0.00273789299325614
31.7125000000001 0.00142417716360502
32.4500000000001 0.00144369108052002
33.1875 0.00151412584805384
33.9250000000001 0.00125854260593043
34.6625000000001 0.00140123108217058
35.4000000000001 0.00123072899988822
36.1375000000001 0.000650673815604241
36.8750000000001 0.000316889075806514
37.6125000000001 0.000334312066870772
38.3500000000001 0.000391718328904191
39.0875000000001 0.000310809812324791
39.8250000000001 0.00035144038557771
40.5625000000001 0.00034073328862524
41.3000000000001 0.000187574017892018
42.0375000000001 8.06623212479729e-05
42.7750000000001 6.26820487448131e-05
43.5125000000001 8.44534723095815e-05
44.2500000000001 7.74601848326542e-05
44.9875000000001 7.60205271821416e-05
45.7250000000001 7.5881851616939e-05
46.4625000000001 4.66854113340338e-05
47.2000000000001 2.12346562618687e-05
47.9375000000001 1.28905399434513e-05
48.6750000000001 1.39452844000471e-05
49.4125000000001 9.85866444760004e-06
50.1500000000001 7.46426675310352e-06
50.8875000000001 1.15189314533066e-05
51.6250000000001 9.5219898617245e-06
52.3625000000001 4.68557393321939e-06
53.1000000000001 1.87034169878803e-06
53.8375000000001 6.80823790989328e-07
54.5750000000001 2.38975253724314e-07
55.3125000000001 8.27974547932251e-08
56.0500000000001 2.89526043014354e-08
56.7875000000001 1.04584870055598e-08
57.5250000000001 4.16133796264814e-09
58.2625000000001 2.10563098819152e-09
