-40 3.81267165036217e-06
-39.2857142857143 4.49936655236465e-06
-38.5714285714286 7.11748297404339e-06
-37.8571428571429 1.36722622555748e-05
-37.1428571428571 2.91104232929489e-05
-36.4285714285714 6.43593133298846e-05
-35.7142857142857 0.000143960576814823
-35 0.00031935692251309
-34.2857142857143 0.000682950659436047
-33.5714285714286 0.00132431861962743
-32.8571428571428 0.00211868431562121
-32.1428571428571 0.00231299829331873
-31.4285714285714 0.0017159905067307
-30.7142857142857 0.00243138889337895
-30 0.00384733757912936
-29.2857142857143 0.00313233752950833
-28.5714285714286 0.00269242500140035
-27.8571428571429 0.00366211793138111
-27.1428571428571 0.00456336400146305
-26.4285714285714 0.00444001280039349
-25.7142857142857 0.00533621697496388
-25 0.00786969547100929
-24.2857142857143 0.00795696088163512
-23.5714285714286 0.00604142522409308
-22.8571428571429 0.00672040882453317
-22.1428571428571 0.00840400052890913
-21.4285714285714 0.0088551559537019
-20.7142857142857 0.00945120282629709
-20 0.0129769970084037
-19.2857142857143 0.0153494279744792
-18.5714285714286 0.0122841893001285
-17.8571428571429 0.010569158253188
-17.1428571428571 0.0124668386743473
-16.4285714285714 0.013938860062185
-15.7142857142857 0.0142800072228665
-15 0.0179993631303885
-14.2857142857143 0.0232882584265411
-13.5714285714286 0.0224622781674588
-12.8571428571429 0.0171402467456213
-12.1428571428571 0.017297834140556
-11.4285714285714 0.0195958702190567
-10.7142857142857 0.0196424774151037
-10 0.0195958723411633
-9.28571428571429 0.0257233041724065
-8.57142857142858 0.0311116941672024
-7.85714285714286 0.0267535549497473
-7.14285714285715 0.020622869209755
-6.42857142857143 0.0219520585390043
-5.71428571428572 0.0243740562557039
-5 0.0237745932346192
-4.28571428571429 0.0235491297632675
-3.57142857142858 0.0306937491799324
-2.85714285714286 0.0363421516398507
-2.14285714285715 0.0310086224084035
-1.42857142857143 0.0237351649684622
-0.714285714285718 0.0243699055783368
-3.99680288865056e-15 0.0259169824191049
0.71428571428571 0.0243699055813327
1.42857142857142 0.0237351649721346
2.14285714285714 0.0310086224121246
2.85714285714285 0.0363421516471155
3.57142857142857 0.0306937491888874
4.28571428571428 0.0235491297685789
5 0.0237745932374695
5.71428571428571 0.0243740562589208
6.42857142857143 0.0219520585426705
7.14285714285714 0.0206228692126715
7.85714285714285 0.0267535549524012
8.57142857142857 0.0311116941732186
9.28571428571428 0.025723304178786
10 0.0195958723456383
10.7142857142857 0.0196424774192021
11.4285714285714 0.0195958702248074
12.1428571428571 0.017297834147126
12.8571428571429 0.0171402467517644
13.5714285714286 0.0224622781755798
14.2857142857143 0.0232882584372516
15 0.0179993631404437
15.7142857142857 0.0142800072298258
16.4285714285714 0.013938860068774
17.1428571428571 0.01246683868139
17.8571428571429 0.0105691582596203
18.5714285714286 0.0122841893064005
19.2857142857143 0.0153494279839478
20 0.0129769970186498
20.7142857142857 0.00945120283391244
21.4285714285714 0.00885515595965206
22.1428571428571 0.00840400053561647
22.8571428571428 0.00672040883131391
23.5714285714286 0.00604142523063936
24.2857142857143 0.00795696089008717
25 0.00786969548205619
25.7142857142857 0.00533621698424397
26.4285714285714 0.00444001280720826
27.1428571428571 0.00456336400758308
27.8571428571428 0.00366211793671422
28.5714285714286 0.00269242500502101
29.2857142857143 0.00313233753088495
30 0.00384733758344585
30.7142857142857 0.00243138889699427
31.4285714285714 0.00171599050835313
32.1428571428571 0.0023129982939711
32.8571428571428 0.00211868431744847
33.5714285714286 0.0013243186224276
34.2857142857143 0.000682950662152367
35 0.00031935692517366
35.7142857142857 0.000143960579113532
36.4285714285714 6.4359315437888e-05
37.1428571428571 2.91104250017322e-05
37.8571428571428 1.36722637806444e-05
38.5714285714286 7.11748423560833e-06
39.2857142857143 4.49936760399832e-06
