-40 3.7557232559994e-06
-39.2857142857143 4.39414452032495e-06
-38.5714285714286 6.79947341101856e-06
-37.8571428571429 1.27197426950159e-05
-37.1428571428571 2.63760156199835e-05
-36.4285714285714 5.69072878935586e-05
-35.7142857142857 0.00012439836972373
-35 0.000269920281374567
-34.2857142857143 0.00056499365931423
-33.5714285714286 0.00107510850765803
-32.8571428571428 0.00170091774047136
-32.1428571428571 0.00190221528190703
-31.4285714285714 0.00164025111104628
-30.7142857142857 0.00234973212682026
-30 0.00328525715258378
-29.2857142857143 0.00259506056973029
-28.5714285714286 0.00241892866656668
-27.8571428571429 0.00338726966924813
-27.1428571428571 0.00423741334292014
-26.4285714285714 0.00443856397388775
-25.7142857142857 0.00573367591174933
-25 0.00787179044471645
-24.2857142857143 0.00742657795882913
-23.5714285714286 0.00567355478240858
-22.8571428571429 0.00645932227403963
-22.1428571428571 0.0080157372752507
-21.4285714285714 0.00858071968456718
-20.7142857142857 0.00990585672396467
-20 0.0137446989977588
-19.2857142857143 0.0153146165346572
-18.5714285714286 0.0117504144236968
-17.8571428571429 0.0101896603253008
-17.1428571428571 0.012055307883041
-16.4285714285714 0.0134588651403749
-15.7142857142857 0.0144077733005329
-15 0.0193005089074539
-14.2857142857143 0.0245385560569292
-13.5714285714286 0.0225482614788042
-12.8571428571429 0.0168222426789298
-12.1428571428571 0.0169295870760019
-11.4285714285714 0.018934915299695
-10.7142857142857 0.0188673899025149
-10 0.0197083478994284
-9.28571428571429 0.0273725170136333
-8.57142857142858 0.0327763289866196
-7.85714285714286 0.0269989294211277
-7.14285714285715 0.0201541018772833
-6.42857142857143 0.0213741927155517
-5.71428571428572 0.0236750275591693
-5 0.023072547375143
-4.28571428571429 0.0235684319374531
-3.57142857142858 0.0322889998644919
-2.85714285714286 0.0386314833050507
-2.14285714285715 0.0320753965306928
-1.42857142857143 0.0234732080299662
-0.714285714285718 0.0236403616758417
-3.99680288865056e-15 0.0251219749914728
0.71428571428571 0.0236403616828687
1.42857142857142 0.0234732080406039
2.14285714285714 0.0320753965443577
2.85714285714285 0.0386314833247481
3.57142857142857 0.0322889998848606
4.28571428571428 0.0235684319504253
5 0.0230725473825596
5.71428571428571 0.0236750275658006
6.42857142857143 0.0213741927221349
7.14285714285714 0.0201541018835579
7.85714285714285 0.0269989294306496
8.57142857142857 0.0327763290015028
9.28571428571428 0.0273725170270377
10 0.0197083479085968
10.7142857142857 0.0188673899114309
11.4285714285714 0.0189349153108089
12.1428571428571 0.0169295870881913
12.8571428571429 0.0168222426919292
13.5714285714286 0.0225482614969451
14.2857142857143 0.0245385560787764
15 0.0193005089257266
15.7142857142857 0.0144077733129829
16.4285714285714 0.0134588651518995
17.1428571428571 0.0120553078949908
17.8571428571429 0.0101896603365997
18.5714285714286 0.0117504144364991
19.2857142857143 0.0153146165534653
20 0.0137446990169709
20.7142857142857 0.00990585673795316
21.4285714285714 0.00858071969513289
22.1428571428571 0.00801573728627406
22.8571428571428 0.00645932228462577
23.5714285714286 0.00567355479257568
24.2857142857143 0.00742657797268634
25 0.00787179046256137
25.7142857142857 0.00573367592716216
26.4285714285714 0.00443856398450444
27.1428571428571 0.00423741335206987
27.8571428571428 0.00338726967716595
28.5714285714286 0.00241892867222702
29.2857142857143 0.00259506057327461
30 0.00328525715882941
30.7142857142857 0.00234973213217153
31.4285714285714 0.00164025111399327
32.1428571428571 0.00190221528425532
32.8571428571428 0.00170091774378644
33.5714285714286 0.00107510851173326
34.2857142857143 0.000564993663108156
35 0.000269920284945225
35.7142857142857 0.000124398372782032
36.4285714285714 5.69072906558936e-05
37.1428571428571 2.63760179186501e-05
37.8571428571428 1.27197447786231e-05
38.5714285714286 6.79947517486102e-06
39.2857142857143 4.39414594428482e-06
