-40 3.58177360328428e-06
-39.2857142857143 4.29885587233021e-06
-38.5714285714286 6.94760518206497e-06
-37.8571428571429 1.34076505818699e-05
-37.1428571428571 2.81781884494287e-05
-36.4285714285714 6.0898625455953e-05
-35.7142857142857 0.000132552749195973
-35 0.000285682708361197
-34.2857142857143 0.000593660921160786
-33.5714285714286 0.00112205134310581
-32.8571428571428 0.0017663753343921
-32.1428571428571 0.00198519787866225
-31.4285714285714 0.00177298129472747
-30.7142857142857 0.00253937815229475
-30 0.00345512010592525
-29.2857142857143 0.00271586916132585
-28.5714285714286 0.00256336438492381
-27.8571428571429 0.00357292557827984
-27.1428571428571 0.00445265430664866
-26.4285714285714 0.00476871943929215
-25.7142857142857 0.00626232015817119
-25 0.00839602857461148
-24.2857142857143 0.00777395886633239
-23.5714285714286 0.00593785769142234
-22.8571428571429 0.00672691510517273
-22.1428571428571 0.00825398268125678
-21.4285714285714 0.00885380960298738
-20.7142857142857 0.0104363093947488
-20 0.0144374287703051
-19.2857142857143 0.0157828673114442
-18.5714285714286 0.0119952867555135
-17.8571428571429 0.0103656947613546
-17.1428571428571 0.0121508159224585
-16.4285714285714 0.0134788474102973
-15.7142857142857 0.0145632602393884
-15 0.0197265833679575
-14.2857142857143 0.0248878827651309
-13.5714285714286 0.0226113431340825
-12.8571428571429 0.0167560837845267
-12.1428571428571 0.0167169880524035
-11.4285714285714 0.0185304685532671
-10.7142857142857 0.0184175262056872
-10 0.0194497878383598
-9.28571428571429 0.027229065533074
-8.57142857142858 0.0324688597334874
-7.85714285714286 0.0265621712118926
-7.14285714285715 0.0196706257999683
-6.42857142857143 0.0207210666670711
-5.71428571428572 0.0228654738362639
-5 0.0223123958766987
-4.28571428571429 0.0230246979039199
-3.57142857142858 0.031752428274626
-2.85714285714286 0.0379878231658037
-2.14285714285715 0.0314674631319127
-1.42857142857143 0.022828757597146
-0.714285714285718 0.0227733806522036
-3.99680288865056e-15 0.0241592508989066
0.71428571428571 0.022821949778623
1.42857142857142 0.0228848297507258
2.14285714285714 0.0314765786053641
2.85714285714285 0.0380748503810372
3.57142857142857 0.031912422762329
4.28571428571428 0.0230951250467543
5 0.0223585759646154
5.71428571428571 0.0229746219706864
6.42857142857143 0.02088866412469
7.14285714285714 0.0198495087669198
7.85714285714285 0.0267079752848656
8.57142857142857 0.0327292786673462
9.28571428571428 0.0276003177849707
10 0.01969188329329
10.7142857142857 0.018557421130301
11.4285714285714 0.0186915559029371
12.1428571428571 0.0168780092789354
12.8571428571429 0.016851271727718
13.5714285714286 0.0227038880286125
14.2857142857143 0.0251705933090914
15 0.0200991573437987
15.7142857142857 0.0147836053243993
16.4285714285714 0.0135897951654365
17.1428571428571 0.0122369193458249
17.8571428571429 0.0104059457089627
18.5714285714286 0.0119694317033789
19.2857142857143 0.0158255001207167
20 0.0145986515101947
20.7142857142857 0.0105820240032956
21.4285714285714 0.00890717099311682
22.1428571428571 0.00827626951874739
22.8571428571428 0.00672777418532732
23.5714285714286 0.00589726749243228
24.2857142857143 0.00770480922372401
25 0.00838023200320603
25.7142857142857 0.00628927929400168
26.4285714285714 0.0047757159955023
27.1428571428571 0.00443556196628449
27.8571428571428 0.00354984006614046
28.5714285714286 0.00253226888125377
29.2857142857143 0.0026649567549998
30 0.00340095772306042
30.7142857142857 0.00253040990159993
31.4285714285714 0.0017837161565513
32.1428571428571 0.00197460085356247
32.8571428571428 0.00174971948996682
33.5714285714286 0.00111269766810844
34.2857142857143 0.000589594678165369
35 0.000283725558309305
35.7142857142857 0.000131397761628503
36.4285714285714 6.01989990962498e-05
37.1428571428571 2.77904678446588e-05
37.8571428571428 1.3215064256691e-05
38.5714285714286 6.85926591493703e-06
39.2857142857143 4.2649640788553e-06
