-40 3.38774497142541e-06
-39.2857142857143 3.89243863705132e-06
-38.5714285714286 5.82479440909989e-06
-37.8571428571429 1.04979368129681e-05
-37.1428571428571 2.09909658787974e-05
-36.4285714285714 4.37932615795712e-05
-35.7142857142857 9.27396952035573e-05
-35 0.000195342314950155
-34.2857142857143 0.000398132479339389
-33.5714285714286 0.000742481768778018
-32.8571428571428 0.00116749130833531
-32.1428571428571 0.00136206215071265
-31.4285714285714 0.00137361841095877
-30.7142857142857 0.00194607941583489
-30 0.00240496386145215
-29.2857142857143 0.00189200838623307
-28.5714285714286 0.002006469440468
-27.8571428571429 0.0029027350875063
-27.1428571428571 0.00365109777427344
-26.4285714285714 0.00414473342158406
-25.7142857142857 0.00568934636578229
-25 0.00728433184484902
-24.2857142857143 0.00642104300864267
-23.5714285714286 0.0050434579882316
-22.8571428571429 0.00596910287897846
-22.1428571428571 0.00735114289529411
-21.4285714285714 0.00798385775796273
-20.7142857142857 0.00992530196703266
-20 0.0139257950633093
-19.2857142857143 0.0146948535288419
-18.5714285714286 0.0108387934367452
-17.8571428571429 0.00962105023678922
-17.1428571428571 0.0115301490224053
-16.4285714285714 0.0128694803052946
-15.7142857142857 0.0143233652926705
-15 0.0202798701387321
-14.2857142857143 0.0255719389087522
-13.5714285714286 0.0225563294746903
-12.8571428571429 0.0164893859130482
-12.1428571428571 0.0166969655164598
-11.4285714285714 0.0185599964574349
-10.7142857142857 0.0183554432283109
-10 0.0197828990282629
-9.28571428571429 0.0287821416695546
-8.57142857142858 0.0343976039946139
-7.85714285714286 0.0273564320795983
-7.14285714285715 0.0198907858842978
-6.42857142857143 0.0213140453533069
-5.71428571428572 0.0237300257820305
-5 0.0230731284697246
-4.28571428571429 0.0240057234233491
-3.57142857142858 0.0342126051495143
-2.85714285714286 0.0414380730578361
-2.14285714285715 0.0336655536966374
-1.42857142857143 0.023734500250623
-0.714285714285718 0.0237332319409451
-3.99680288865056e-15 0.0253217389506829
0.71428571428571 0.023746740815152
1.42857142857142 0.0237182220888464
2.14285714285714 0.0335459485291824
2.85714285714285 0.0413873858356993
3.57142857142857 0.0342582909640264
4.28571428571428 0.0239883612337744
5 0.0230813801741187
5.71428571428571 0.0238185478461178
6.42857142857143 0.0214602826766524
7.14285714285714 0.0200499371284509
7.85714285714285 0.0274437736541167
8.57142857142857 0.0345084551693946
9.28571428571428 0.0289843515899877
10 0.0199406703596926
10.7142857142857 0.0185070207691642
11.4285714285714 0.0187336885906892
12.1428571428571 0.0168343220863045
12.8571428571429 0.0165376072651803
13.5714285714286 0.022543432250231
14.2857142857143 0.02567786677729
15 0.0205186882607918
15.7142857142857 0.0145281301282247
16.4285714285714 0.0130370873057076
17.1428571428571 0.0116753203666453
17.8571428571429 0.00971890544804692
18.5714285714286 0.0108771537052347
19.2857142857143 0.0147386762400187
20 0.0140625398282448
20.7142857142857 0.0100967780796579
21.4285714285714 0.00811946456307692
22.1428571428571 0.00746486704540032
22.8571428571428 0.00605243724123707
23.5714285714286 0.0050845803307558
24.2857142857143 0.00643544435884982
25 0.00732273696834834
25.7142857142857 0.00576530337417029
26.4285714285714 0.00422050388194777
27.1428571428571 0.00372353466199499
27.8571428571428 0.0029729487438512
28.5714285714286 0.00205996227717919
29.2857142857143 0.00192584567404767
30 0.0024391344572378
30.7142857142857 0.00199310501851129
31.4285714285714 0.00142196749344407
32.1428571428571 0.00140384384696127
32.8571428571428 0.00120638311170772
33.5714285714286 0.000772931618858381
34.2857142857143 0.000417030471174036
35 0.000205102741490502
35.7142857142857 9.71935767245971e-05
36.4285714285714 4.56965142604272e-05
37.1428571428571 2.18007624605398e-05
37.8571428571428 1.08518451059503e-05
38.5714285714286 5.98007688377183e-06
39.2857142857143 3.9515585229045e-06
