-40 1.91997420650682e-07
-39.2857142857143 2.96485932319516e-06
-38.5714285714286 1.32990748992658e-05
-37.8571428571429 3.83261640358e-05
-37.1428571428571 9.51915058740988e-05
-36.4285714285714 0.00022017242283689
-35.7142857142857 0.000491097587656469
-35 0.00106417517407326
-34.2857142857143 0.00220503409601337
-33.5714285714286 0.00413279166900945
-32.8571428571428 0.00641096826989328
-32.1428571428571 0.00708597539754301
-31.4285714285714 0.00630384710402564
-30.7142857142857 0.00906086314832323
-30 0.0123539556837794
-29.2857142857143 0.00950547865485887
-28.5714285714286 0.00818595583790501
-27.8571428571429 0.0105665977539691
-27.1428571428571 0.0126845715924218
-26.4285714285714 0.0139736647884543
-25.7142857142857 0.0188628194002011
-25 0.024005950339025
-24.2857142857143 0.0212087823746691
-23.5714285714286 0.0157863166505331
-22.8571428571429 0.0164196567899982
-22.1428571428571 0.0182206454357075
-21.4285714285714 0.0191539432608473
-20.7142857142857 0.0244645462134935
-20 0.0317462163000086
-19.2857142857143 0.0306676748609085
-18.5714285714286 0.022435764497074
-17.8571428571429 0.019231988292245
-17.1428571428571 0.0194411009949842
-16.4285714285714 0.0187801598767922
-15.7142857142857 0.021342806941639
-15 0.0292926690529293
-14.2857142857143 0.0302842976730793
-13.5714285714286 0.0234472645076398
-12.8571428571429 0.0182124725772422
-12.1428571428571 0.0167597919153228
-11.4285714285714 0.0142192464033662
-10.7142857142857 0.012154775084014
-10 0.0154781803545452
-9.28571428571429 0.0195560088408853
-8.57142857142858 0.015593496625219
-7.85714285714286 0.0114101840018993
-7.14285714285715 0.0112844580902619
-6.42857142857143 0.00994436747122728
-5.71428571428572 0.00693319735169345
-5 0.00572381603991076
-4.28571428571429 0.00789538473250604
-3.57142857142858 0.00758023746802393
-2.85714285714286 0.00345319252155751
-2.14285714285715 0.00417142102910094
-1.42857142857143 0.00593391383269809
-0.714285714285718 0.00424181644173507
-3.99680288865056e-15 0.00298922877939748
0.71428571428571 0.00419567928513491
1.42857142857142 0.0058589283427221
2.14285714285714 0.00409316261893755
2.85714285714285 0.00335407296366914
3.57142857142857 0.00748398030208653
4.28571428571428 0.0078482301163326
5 0.00567425137414641
5.71428571428571 0.00683915461352966
6.42857142857143 0.00982027595685216
7.14285714285714 0.0111594240780348
7.85714285714285 0.0112646907963316
8.57142857142857 0.0153607696301774
9.28571428571428 0.0193147202301048
10 0.015349133280222
10.7142857142857 0.0120814734633515
11.4285714285714 0.0141219122920145
12.1428571428571 0.016646595550312
12.8571428571429 0.0180958568746524
13.5714285714286 0.0232494834650123
14.2857142857143 0.030006288338567
15 0.0290907458045653
15.7142857142857 0.021266918718744
16.4285714285714 0.0187339436649902
17.1428571428571 0.0193938573427496
17.8571428571429 0.0191924178426099
18.5714285714286 0.0223625011846864
19.2857142857143 0.0305201121453513
20 0.0316320551381069
20.7142857142857 0.0244440647725126
21.4285714285714 0.0191703346664385
22.1428571428571 0.0182484467894487
22.8571428571428 0.0164565497597948
23.5714285714286 0.0158038787667597
24.2857142857143 0.0211855456182975
25 0.0240024738666945
25.7142857142857 0.0189015874119832
26.4285714285714 0.0140204776903849
27.1428571428571 0.0127436513435015
27.8571428571428 0.0106433924656265
28.5714285714286 0.00825244299754987
29.2857142857143 0.00954494526241767
30 0.0124073638244257
30.7142857142857 0.00912017493534437
31.4285714285714 0.00634158673957533
32.1428571428571 0.0071324209475409
32.8571428571428 0.00647337941896964
33.5714285714286 0.00418386136252747
34.2857142857143 0.00223596888496969
35 0.00107989580121748
35.7142857142857 0.0004983637092846
36.4285714285714 0.000223400559541037
37.1428571428571 9.66258926208328e-05
37.8571428571428 3.89654771320158e-05
38.5714285714286 1.35792174622025e-05
39.2857142857143 3.07059928735054e-06
