-40 3.60153097625049e-06
-39.2857142857143 4.18078710141857e-06
-38.5714285714286 6.33829762068128e-06
-37.8571428571429 1.15664812799511e-05
-37.1428571428571 2.33957172159202e-05
-36.4285714285714 4.93355212359635e-05
-35.7142857142857 0.000105536118948038
-35 0.00022423227908814
-34.2857142857143 0.000459942180729134
-33.5714285714286 0.00086041510689952
-32.8571428571428 0.00135090315771594
-32.1428571428571 0.00155418313452698
-31.4285714285714 0.00150495553203086
-30.7142857142857 0.00213958021287317
-30 0.00273051266936888
-29.2857142857143 0.00214204345257381
-28.5714285714286 0.00217674941067129
-27.8571428571429 0.00311473695598843
-27.1428571428571 0.00390565501768286
-26.4285714285714 0.00433402802000946
-25.7142857142857 0.0058584971895935
-25 0.00763749077395564
-24.2857142857143 0.0068566137245322
-23.5714285714286 0.00532374656682729
-22.8571428571429 0.00621386503938201
-22.1428571428571 0.00766104699031423
-21.4285714285714 0.0082812732237939
-20.7142857142857 0.0100883718982221
-20 0.0141067520562141
-19.2857142857143 0.0150939314775056
-18.5714285714286 0.0112490975054241
-17.8571428571429 0.00988499570273435
-17.1428571428571 0.011779303093964
-16.4285714285714 0.0131355132605858
-15.7142857142857 0.0144566026749538
-15 0.0201625219289
-14.2857142857143 0.0254487393626649
-13.5714285714286 0.0226803514072582
-12.8571428571429 0.0166552936503948
-12.1428571428571 0.0167885746806668
-11.4285714285714 0.018655240354981
-10.7142857142857 0.0184541250932694
-10 0.0197068536214398
-9.28571428571429 0.0283615772778184
-8.57142857142858 0.0339335301944833
-7.85714285714286 0.0272547959486242
-7.14285714285715 0.0199188337020333
-6.42857142857143 0.0212009439417751
-5.71428571428572 0.0235302095229226
-5 0.0228723637409725
-4.28571428571429 0.0236960044646129
-3.57142857142858 0.0334898637391191
-2.85714285714286 0.0404353421636715
-2.14285714285715 0.0330133054851975
-1.42857142857143 0.0234716920447702
-0.714285714285718 0.0234547543619955
-3.99680288865056e-15 0.0249757820994934
0.71428571428571 0.0234547543571608
1.42857142857142 0.0234716920386828
2.14285714285714 0.0330133054808253
2.85714285714285 0.0404353421592315
3.57142857142857 0.0334898637332193
4.28571428571428 0.0236960044620328
5 0.0228723637442652
5.71428571428571 0.0235302095309602
6.42857142857143 0.0212009439527847
7.14285714285714 0.0199188337144631
7.85714285714285 0.0272547959636466
8.57142857142857 0.0339335302150936
9.28571428571428 0.0283615772981737
10 0.0197068536349369
10.7142857142857 0.0184541251038353
11.4285714285714 0.0186552403673035
12.1428571428571 0.0167885746935867
12.8571428571429 0.0166552936610854
13.5714285714286 0.0226803514201194
14.2857142857143 0.0254487393821358
15 0.0201625219476345
15.7142857142857 0.0144566026859473
16.4285714285714 0.0131355132709189
17.1428571428571 0.0117793031080635
17.8571428571429 0.00988499571841759
18.5714285714286 0.0112490975216659
19.2857142857143 0.0150939315008875
20 0.0141067520844446
20.7142857142857 0.0100883719203436
21.4285714285714 0.00828127323824155
22.1428571428571 0.00766104700461175
22.8571428571428 0.00621386505337958
23.5714285714286 0.00532374657828639
24.2857142857143 0.00685661373775694
25 0.0076374907937727
25.7142857142857 0.00585849720780067
26.4285714285714 0.00433402803049354
27.1428571428571 0.00390565502667892
27.8571428571428 0.00311473696574473
28.5714285714286 0.00217674941882673
29.2857142857143 0.00214204345824995
30 0.00273051267859899
30.7142857142857 0.00213958022227416
31.4285714285714 0.00150495553719695
32.1428571428571 0.00155418313729844
32.8571428571428 0.00135090316170675
33.5714285714286 0.000860415112187588
34.2857142857143 0.000459942186063223
35 0.000224232284300846
35.7142857142857 0.000105536123658372
36.4285714285714 4.93355256245603e-05
37.1428571428571 2.33957210391247e-05
37.8571428571428 1.15664847718533e-05
38.5714285714286 6.3383005878823e-06
39.2857142857143 4.18078938184187e-06
