-40 3.07565441457009e-06
-39.2857142857143 3.5483766475385e-06
-38.5714285714286 5.29004714103722e-06
-37.8571428571429 9.45900979340539e-06
-37.1428571428571 1.87429916150124e-05
-36.4285714285714 3.87959563824132e-05
-35.7142857142857 8.15431716770772e-05
-35 0.000170297128451649
-34.2857142857143 0.000343556827529542
-33.5714285714286 0.000634534569276849
-32.8571428571428 0.000994058699922601
-32.1428571428571 0.00118193701133268
-31.4285714285714 0.00125421205774602
-30.7142857142857 0.0017399667456382
-30 0.00205447176915576
-29.2857142857143 0.00164225702202427
-28.5714285714286 0.00185220504207813
-27.8571428571429 0.00270351318061032
-27.1428571428571 0.00340077411271615
-26.4285714285714 0.00395913754407713
-25.7142857142857 0.00549116350158864
-25 0.00683239764070578
-24.2857142857143 0.00589677192436744
-23.5714285714286 0.00474223659539801
-22.8571428571429 0.00573939669945815
-22.1428571428571 0.00706779295185986
-21.4285714285714 0.00772621358796885
-20.7142857142857 0.00982122569341707
-20 0.0137313935814305
-19.2857142857143 0.0141760119476289
-18.5714285714286 0.0103577392142494
-17.8571428571429 0.00938846601102505
-17.1428571428571 0.0113678759534678
-16.4285714285714 0.0127110177027196
-15.7142857142857 0.01433664001882
-15 0.0205883140162715
-14.2857142857143 0.0257547535796029
-13.5714285714286 0.0223681657619258
-12.8571428571429 0.0163489295206382
-12.1428571428571 0.0167605794336465
-11.4285714285714 0.0186744411990322
-10.7142857142857 0.0184298265781822
-10 0.0200189641321787
-9.28571428571429 0.0294654238764728
-8.57142857142858 0.0350936540253401
-7.85714285714286 0.0276203662272943
-7.14285714285715 0.0200651467116881
-6.42857142857143 0.0216791676047302
-5.71428571428572 0.0241749665921744
-5 0.0234246366291238
-4.28571428571429 0.0244241518960989
-3.57142857142858 0.0352190065828834
-2.85714285714286 0.0427300019961359
-2.14285714285715 0.0344367265162883
-1.42857142857143 0.0241150998515338
-0.714285714285718 0.0241947003673673
-3.99680288865056e-15 0.0258735886392865
0.71428571428571 0.0241947003684915
1.42857142857142 0.0241150998689969
2.14285714285714 0.0344367265611483
2.85714285714285 0.0427300020488541
3.57142857142857 0.0352190066204845
4.28571428571428 0.0244241519257924
5 0.0234246366623621
5.71428571428571 0.0241749666243963
6.42857142857143 0.0216791676317179
7.14285714285714 0.0200651467374865
7.85714285714285 0.0276203662643781
8.57142857142857 0.0350936540762761
9.28571428571428 0.0294654239230485
10 0.0200189641652143
10.7142857142857 0.0184298266112715
11.4285714285714 0.0186744412339007
12.1428571428571 0.0167605794635501
12.8571428571429 0.0163489295428746
13.5714285714286 0.0223681657876067
14.2857142857143 0.0257547536160693
15 0.0205883140492672
15.7142857142857 0.0143366400396058
16.4285714285714 0.0127110177219677
17.1428571428571 0.0113678759748978
17.8571428571429 0.00938846602912626
18.5714285714286 0.010357739222363
19.2857142857143 0.0141760119566583
20 0.0137313936007773
20.7142857142857 0.0098212257056695
21.4285714285714 0.00772621358399903
22.1428571428571 0.00706779294577886
22.8571428571428 0.00573939669779431
23.5714285714286 0.00474223659658875
24.2857142857143 0.00589677192968256
25 0.00683239765223659
25.7142857142857 0.00549116351325631
26.4285714285714 0.00395913755055988
27.1428571428571 0.0034007741196058
27.8571428571428 0.00270351318932125
28.5714285714286 0.00185220505045685
29.2857142857143 0.00164225703019049
30 0.00205447178011425
30.7142857142857 0.00173996675515903
31.4285714285714 0.00125421206497182
32.1428571428571 0.00118193701808321
32.8571428571428 0.00099405870593412
33.5714285714286 0.000634534574130204
34.2857142857143 0.000343556831166683
35 0.000170297131339504
35.7142857142857 8.1543174112613e-05
36.4285714285714 3.87959586765274e-05
37.1428571428571 1.87429937272258e-05
37.8571428571428 9.45901179741917e-06
38.5714285714286 5.29004887636134e-06
39.2857142857143 3.54837795582694e-06
