-40 1.15654619895499e-07
-39.2857142857143 2.70203684870331e-06
-38.5714285714286 1.21182274782508e-05
-37.8571428571429 3.44216840590445e-05
-37.1428571428571 8.38932318134265e-05
-36.4285714285714 0.000190036469388834
-35.7142857142857 0.000414506258379488
-35 0.000876614375176867
-34.2857142857143 0.001770412700678
-33.5714285714286 0.00324194360869698
-32.8571428571428 0.00496946971863959
-32.1428571428571 0.00567906951238268
-31.4285714285714 0.00580308372805349
-30.7142857142857 0.00829077076266388
-30 0.0101245558517805
-29.2857142857143 0.00770057293478756
-28.5714285714286 0.00749399020625481
-27.8571428571429 0.0101107442693485
-27.1428571428571 0.0122181443018084
-26.4285714285714 0.0142018150148825
-25.7142857142857 0.0199179135668656
-25 0.0243410562524187
-24.2857142857143 0.0204738300220627
-23.5714285714286 0.0154336590939198
-22.8571428571429 0.0166310339330485
-22.1428571428571 0.018526696886012
-21.4285714285714 0.0194850306688166
-20.7142857142857 0.0256693727337737
-20 0.0342116789305667
-19.2857142857143 0.0326834156731774
-18.5714285714286 0.0231483596710838
-17.8571428571429 0.0197704283065257
-17.1428571428571 0.0203647952304294
-16.4285714285714 0.0196907861501857
-15.7142857142857 0.0220160823350599
-15 0.0311408530460003
-14.2857142857143 0.0337624424979389
-13.5714285714286 0.0262055134859143
-12.8571428571429 0.0193007377931833
-12.1428571428571 0.0175093846317418
-11.4285714285714 0.0149882256387463
-10.7142857142857 0.0121809564208537
-10 0.0143513248826301
-9.28571428571429 0.019200514372467
-8.57142857142858 0.016807734431176
-7.85714285714286 0.0119695269636769
-7.14285714285715 0.0107439648057268
-6.42857142857143 0.00954656166443658
-5.71428571428572 0.00677692092309436
-5 0.00497664556793101
-4.28571428571429 0.00588487690344112
-3.57142857142858 0.00557240555392292
-2.85714285714286 0.00243035231845774
-2.14285714285715 0.00270497301776588
-1.42857142857143 0.00414179431591408
-0.714285714285718 0.00310283467306156
-3.99680288865056e-15 0.00223678732123958
0.71428571428571 0.0031028346886419
1.42857142857142 0.00414179435003099
2.14285714285714 0.00270497303677165
2.85714285714285 0.00243035229847092
3.57142857142857 0.00557240553503741
4.28571428571428 0.00588487689303527
5 0.0049766455401325
5.71428571428571 0.00677692088920084
6.42857142857143 0.00954656164852371
7.14285714285714 0.0107439648017285
7.85714285714285 0.0119695269159984
8.57142857142857 0.0168077343644562
9.28571428571428 0.0192005143701921
10 0.0143513249170373
10.7142857142857 0.0121809564360834
11.4285714285714 0.0149882256512633
12.1428571428571 0.0175093846606374
12.8571428571429 0.0193007378202468
13.5714285714286 0.0262055134881135
14.2857142857143 0.0337624425222883
15 0.0311408531019372
15.7142857142857 0.022016082352419
16.4285714285714 0.0196907861094334
17.1428571428571 0.0203647951642557
17.8571428571429 0.0197704282394607
18.5714285714286 0.0231483596253444
19.2857142857143 0.0326834156417883
20 0.034211678883333
20.7142857142857 0.0256693727023052
21.4285714285714 0.0194850306983498
22.1428571428571 0.018526696949431
22.8571428571428 0.0166310339987993
23.5714285714286 0.0154336591526866
24.2857142857143 0.0204738300746933
25 0.0243410562805168
25.7142857142857 0.019917913563945
26.4285714285714 0.0142018150112283
27.1428571428571 0.0122181443059921
27.8571428571428 0.0101107442703915
28.5714285714286 0.00749399020481549
29.2857142857143 0.00770057295347021
30 0.0101245559078322
30.7142857142857 0.00829077081912911
31.4285714285714 0.00580308377223274
32.1428571428571 0.00567906956807925
32.8571428571428 0.00496946977747109
33.5714285714286 0.00324194365679265
34.2857142857143 0.0017704127360061
35 0.00087661440296022
35.7142857142857 0.000414506282160517
36.4285714285714 0.000190036491073607
37.1428571428571 8.38932514435227e-05
37.8571428571428 3.44217018345654e-05
38.5714285714286 1.21182423283564e-05
39.2857142857143 2.70204715841681e-06
