-40 4.33009577650898e-05
-39.2857142857143 4.96672119519264e-05
-38.5714285714286 7.31234816188823e-05
-37.8571428571429 0.000128219786281197
-37.1428571428571 0.000248727152981034
-36.4285714285714 0.00050187765916363
-35.7142857142857 0.00102750913724038
-35 0.00209362906701257
-34.2857142857143 0.00412692302725531
-33.5714285714286 0.00740106661155665
-32.8571428571428 0.0110691101511526
-32.1428571428571 0.012430881025094
-31.4285714285714 0.0128233585423113
-30.7142857142857 0.0180971240041602
-30 0.0218029475315959
-29.2857142857143 0.0158514267532674
-28.5714285714286 0.0130185496170177
-27.8571428571429 0.0152453748952424
-27.1428571428571 0.0177201475877817
-26.4285714285714 0.0224888719123683
-25.7142857142857 0.031098184833366
-25 0.0334965848399592
-24.2857142857143 0.0260424678775764
-23.5714285714286 0.0190558722889743
-22.8571428571429 0.0171912365576101
-22.1428571428571 0.0158597547885148
-21.4285714285714 0.0177361074727229
-20.7142857142857 0.0253769808607862
-20 0.0255838434832064
-19.2857142857143 0.0186648047962424
-18.5714285714286 0.0143284291838016
-17.8571428571429 0.0120419153869942
-17.1428571428571 0.00840164923856
-16.4285714285714 0.00697012372548218
-15.7142857142857 0.0102697440410849
-15 0.00903966519242956
-14.2857142857143 0.00258926947148577
-13.5714285714286 0.00423751792565517
-12.8571428571429 0.00646573418598468
-12.1428571428571 0.0038764047636092
-11.4285714285714 0.00324379092168047
-10.7142857142857 0.00621197814878825
-10 0.00770110705371853
-9.28571428571429 0.00445905828943337
-8.57142857142858 0.00672614613805384
-7.85714285714286 0.0128579617473004
-7.14285714285715 0.0102777462591927
-6.42857142857143 0.00763151789001987
-5.71428571428572 0.0101251343930347
-5 0.0137283617085677
-4.28571428571429 0.015992786193383
-3.57142857142858 0.020836552105548
-2.85714285714286 0.0274483335478193
-2.14285714285715 0.0264352563209079
-1.42857142857143 0.0184919763449102
-0.714285714285718 0.0155401454815788
-3.99680288865056e-15 0.0157009734553654
0.71428571428571 0.0155341167791266
1.42857142857142 0.0184978992537398
2.14285714285714 0.0264535608592341
2.85714285714285 0.0274568541395365
3.57142857142857 0.0208465751646523
4.28571428571428 0.0160027457839413
5 0.0137111441513506
5.71428571428571 0.0100929695450546
6.42857142857143 0.0076165368104957
7.14285714285714 0.0102956863360233
7.85714285714285 0.0128656047730174
8.57142857142857 0.00672670237247316
9.28571428571428 0.00449560781080312
10 0.00772476719960532
10.7142857142857 0.00620415930029662
11.4285714285714 0.00324189730319125
12.1428571428571 0.00389718656378581
12.8571428571429 0.00648202505779068
13.5714285714286 0.00422317795616761
14.2857142857143 0.00261479086526066
15 0.0090851317862096
15.7142857142857 0.010265985821685
16.4285714285714 0.00698637644887685
17.1428571428571 0.00844749712362359
17.8571428571429 0.0120811456117975
18.5714285714286 0.0143569751455296
19.2857142857143 0.0187187114754364
20 0.0256137375075077
20.7142857142857 0.0253270805734555
21.4285714285714 0.0177002087667283
22.1428571428571 0.0158698516863784
22.8571428571428 0.0172078903368937
23.5714285714286 0.0190886821130273
24.2857142857143 0.026120979904943
25 0.0335257807559708
25.7142857142857 0.0310398141868519
26.4285714285714 0.0224224954068309
27.1428571428571 0.0176834741385142
27.8571428571428 0.0152012626144093
28.5714285714286 0.0129826020587057
29.2857142857143 0.0158552735704089
30 0.021783168389203
30.7142857142857 0.0180167812130442
31.4285714285714 0.0127512138423338
32.1428571428571 0.0123782705854642
32.8571428571428 0.011006352256342
33.5714285714286 0.00734464716794112
34.2857142857143 0.00409031232338065
35 0.00207433192176719
35.7142857142857 0.0010184852863294
36.4285714285714 0.000497871368524943
37.1428571428571 0.000246943019731677
37.8571428571428 0.000127412921534938
38.5714285714286 7.27627411762351e-05
39.2857142857143 4.95288777407682e-05
