-40 1.13108876612693e-07
-39.2857142857143 2.68775711293406e-06
-38.5714285714286 1.20618507889592e-05
-37.8571428571429 3.4268342456806e-05
-37.1428571428571 8.35317878709503e-05
-36.4285714285714 0.000189251558521946
-35.7142857142857 0.000412887268869992
-35 0.000873463754423346
-34.2857142857143 0.00176481277692469
-33.5714285714286 0.00323352677636602
-32.8571428571428 0.00495931025967784
-32.1428571428571 0.00566608869208413
-31.4285714285714 0.0057753112852083
-30.7142857142857 0.00824988005428087
-30 0.0100946043425951
-29.2857142857143 0.00768381175762546
-28.5714285714286 0.00746978881022741
-27.8571428571429 0.0100830310904399
-27.1428571428571 0.0121943346330384
-26.4285714285714 0.0141614034675086
-25.7142857142857 0.0198356917549245
-25 0.0242604959803857
-24.2857142857143 0.0204389697242835
-23.5714285714286 0.0154174077503561
-22.8571428571429 0.0166123601442245
-22.1428571428571 0.0185122726539442
-21.4285714285714 0.019474547512614
-20.7142857142857 0.0256373943179949
-20 0.0341457485757734
-19.2857142857143 0.0326241040582658
-18.5714285714286 0.0231271449507396
-17.8571428571429 0.0197770366938015
-17.1428571428571 0.0203818671991502
-16.4285714285714 0.019715787815405
-15.7142857142857 0.0220552016262388
-15 0.0311766556361828
-14.2857142857143 0.0337716982334977
-13.5714285714286 0.0262051585134279
-12.8571428571429 0.0193233311904835
-12.1428571428571 0.0175484013104307
-11.4285714285714 0.0150277019975568
-10.7142857142857 0.0122236723858617
-10 0.0144178774331625
-9.28571428571429 0.0192684313701243
-8.57142857142858 0.0168420732609462
-7.85714285714286 0.0119926238586533
-7.14285714285715 0.0107808359344226
-6.42857142857143 0.00958216272849756
-5.71428571428572 0.00680134831778555
-5 0.00499810593686739
-4.28571428571429 0.00591760584758274
-3.57142857142858 0.0055990500391155
-2.85714285714286 0.00243629390122781
-2.14285714285715 0.00271881939708249
-1.42857142857143 0.00416565911592116
-0.714285714285718 0.00311873380605762
-3.99680288865056e-15 0.00224723264470435
0.71428571428571 0.00311873380136229
1.42857142857142 0.00416565910596897
2.14285714285714 0.00271881938988778
2.85714285714285 0.00243629390888717
3.57142857142857 0.00559905006059124
4.28571428571428 0.00591760587803906
5 0.00499810596762909
5.71428571428571 0.00680134833166254
6.42857142857143 0.0095821627126781
7.14285714285714 0.0107808358851269
7.85714285714285 0.0119926237805784
8.57142857142857 0.0168420731571851
9.28571428571428 0.0192684312535302
10 0.0144178773356315
10.7142857142857 0.0122236723027948
11.4285714285714 0.0150277018992274
12.1428571428571 0.0175484012008074
12.8571428571429 0.0193233310980828
13.5714285714286 0.02620515841743
14.2857142857143 0.0337716980937517
15 0.0311766554949014
15.7142857142857 0.0220552015440255
16.4285714285714 0.0197157877648511
17.1428571428571 0.0203818671554228
17.8571428571429 0.0197770366413136
18.5714285714286 0.0231271448289734
19.2857142857143 0.0326241038976854
20 0.034145748490683
20.7142857142857 0.0256373942802295
21.4285714285714 0.0194745474651564
22.1428571428571 0.0185122726473674
22.8571428571428 0.0166123601992458
23.5714285714286 0.0154174078256495
24.2857142857143 0.0204389698143012
25 0.0242604961495499
25.7142857142857 0.0198356919517899
26.4285714285714 0.0141614035951277
27.1428571428571 0.0121943347173928
27.8571428571428 0.0100830311751049
28.5714285714286 0.00746978888575899
29.2857142857143 0.00768381182411026
30 0.0100946044395685
30.7142857142857 0.00824988016266176
31.4285714285714 0.00577531135137868
32.1428571428571 0.00566608872986394
32.8571428571428 0.00495931030181535
33.5714285714286 0.00323352681902569
34.2857142857143 0.00176481281345855
35 0.000873463785282923
35.7142857142857 0.000412887294431204
36.4285714285714 0.000189251580858861
37.1428571428571 8.35318074932197e-05
37.8571428571428 3.42683598713731e-05
38.5714285714286 1.20618652093112e-05
39.2857142857143 2.68776699946417e-06
