-40 3.16765451658028e-06
-39.2857142857143 3.64786842486735e-06
-38.5714285714286 5.41350695153897e-06
-37.8571428571429 9.62733334900814e-06
-37.1428571428571 1.89785729153773e-05
-36.4285714285714 3.91049746299659e-05
-35.7142857142857 8.18485031358501e-05
-35 0.000170250769522343
-34.2857142857143 0.000342152951066085
-33.5714285714286 0.000629831234861204
-32.8571428571428 0.000984723637342288
-32.1428571428571 0.00117360863502606
-31.4285714285714 0.00125992408515737
-30.7142857142857 0.00175379999699341
-30 0.00205848228263405
-29.2857142857143 0.00164841478778416
-28.5714285714286 0.00187384082981726
-27.8571428571429 0.00273123280472018
-27.1428571428571 0.0034232209744031
-26.4285714285714 0.00399737547027077
-25.7142857142857 0.00558378338497503
-25 0.00693823856895011
-24.2857142857143 0.00596397081168886
-23.5714285714286 0.00481116844452472
-22.8571428571429 0.00582949511362569
-22.1428571428571 0.00714474176123381
-21.4285714285714 0.00777712841921097
-20.7142857142857 0.00992736066795392
-20 0.013928214118402
-19.2857142857143 0.0143371676736829
-18.5714285714286 0.0104467014058279
-17.8571428571429 0.00949582961491895
-17.1428571428571 0.0114809754224689
-16.4285714285714 0.0127774819744277
-15.7142857142857 0.0143978869250411
-15 0.0207701818963725
-14.2857142857143 0.0259830656036278
-13.5714285714286 0.0224950481361596
-12.8571428571429 0.0164462768421113
-12.1428571428571 0.0168710490812692
-11.4285714285714 0.0187086341512821
-10.7142857142857 0.018325380333621
-10 0.0198475889083929
-9.28571428571429 0.0293652949314875
-8.57142857142858 0.0349983236956337
-7.85714285714286 0.027448374996361
-7.14285714285715 0.019956080526721
-6.42857142857143 0.0216537804416125
-5.71428571428572 0.024134369142263
-5 0.0232926220118306
-4.28571428571429 0.0241960765778441
-3.57142857142858 0.0349704003947806
-2.85714285714286 0.0424911179075865
-2.14285714285715 0.0341675839953896
-1.42857142857143 0.0238926412496385
-0.714285714285718 0.0240548728678355
-3.99680288865056e-15 0.0257680589639731
0.71428571428571 0.0240548727961951
1.42857142857142 0.0238926411057044
2.14285714285714 0.0341675837743155
2.85714285714285 0.0424911176399104
3.57142857142857 0.0349704001485345
4.28571428571428 0.0241960764054922
5 0.023292621889959
5.71428571428571 0.024134369057653
6.42857142857143 0.0216537803983592
7.14285714285714 0.0199560805031334
7.85714285714285 0.0274483749431381
8.57142857142857 0.034998323643036
9.28571428571428 0.0293652949119938
10 0.0198475888702259
10.7142857142857 0.0183253802556921
11.4285714285714 0.0187086340773082
12.1428571428571 0.0168710490322501
12.8571428571429 0.0164462767952241
13.5714285714286 0.0224950480593326
14.2857142857143 0.0259830655303082
15 0.0207701818565705
15.7142857142857 0.0143978869057142
16.4285714285714 0.0127774819761068
17.1428571428571 0.0114809754521622
17.8571428571429 0.0094958296629588
18.5714285714286 0.010446701474145
19.2857142857143 0.0143371678007138
20 0.0139282142761921
20.7142857142857 0.00992736077384482
21.4285714285714 0.0077771284654996
22.1428571428571 0.00714474179374997
22.8571428571428 0.005829495144331
23.5714285714286 0.00481116847837672
24.2857142857143 0.00596397086380481
25 0.0069382386232275
25.7142857142857 0.0055837834191217
26.4285714285714 0.00399737549216703
27.1428571428571 0.00342322099516467
27.8571428571428 0.00273123282089887
28.5714285714286 0.00187384084087502
29.2857142857143 0.00164841480070573
30 0.00205848229915966
30.7142857142857 0.00175380000685694
31.4285714285714 0.0012599240906864
32.1428571428571 0.00117360864190879
32.8571428571428 0.000984723642437657
33.5714285714286 0.000629831237289651
34.2857142857143 0.000342152951996905
35 0.000170250770324406
35.7142857142857 8.18485043911614e-05
36.4285714285714 3.91049763497836e-05
37.1428571428571 1.89785748108696e-05
37.8571428571428 9.62733523865444e-06
38.5714285714286 5.41350857171719e-06
39.2857142857143 3.64786963705874e-06
