-40 1.139743345872e-07
-39.2857142857143 2.72762619939683e-06
-38.5714285714286 1.22599104702606e-05
-37.8571428571429 3.49014869206954e-05
-37.1428571428571 8.52813381381251e-05
-36.4285714285714 0.000193721256177775
-35.7142857142857 0.000423832469821467
-35 0.000899225292297126
-34.2857142857143 0.00182170348619419
-33.5714285714286 0.00334371028184486
-32.8571428571428 0.00512717558867308
-32.1428571428571 0.00583061935169283
-31.4285714285714 0.0058842090553055
-30.7142857142857 0.00840589347516576
-30 0.0103364782116933
-29.2857142857143 0.0078501874760929
-28.5714285714286 0.00756636524549508
-27.8571428571429 0.010178654047749
-27.1428571428571 0.0122976856564509
-26.4285714285714 0.0142365119038513
-25.7142857142857 0.0198772951842854
-25 0.0243265638835482
-24.2857142857143 0.0205141324711047
-23.5714285714286 0.0154447487744188
-22.8571428571429 0.0165991831230362
-22.1428571428571 0.0185021598204126
-21.4285714285714 0.0195030470892184
-20.7142857142857 0.0256467348676826
-20 0.0340389026053665
-19.2857142857143 0.0325203959159937
-18.5714285714286 0.0231024514990604
-17.8571428571429 0.0197211808864064
-17.1428571428571 0.0202504177675511
-16.4285714285714 0.0195818327783605
-15.7142857142857 0.021966970977684
-15 0.0309780919588057
-14.2857142857143 0.0334131785695089
-13.5714285714286 0.0259328274981493
-12.8571428571429 0.0191982882760518
-12.1428571428571 0.0174135358259926
-11.4285714285714 0.0148732391651219
-10.7142857142857 0.012159905522116
-10 0.0144899479066482
-9.28571428571429 0.0192517406792042
-8.57142857142858 0.0166762513135744
-7.85714285714286 0.0119294917498826
-7.14285714285715 0.0108262626027934
-6.42857142857143 0.00957426815330065
-5.71428571428572 0.00673912054375
-5 0.0049849929000599
-4.28571428571429 0.0060214921916779
-3.57142857142858 0.00567390479144037
-2.85714285714286 0.00239939138203434
-2.14285714285715 0.00275521186087385
-1.42857142857143 0.00427496460034025
-0.714285714285718 0.00317436952133805
-3.99680288865056e-15 0.00226461012503604
0.71428571428571 0.0031743695114445
1.42857142857142 0.00427496459060594
2.14285714285714 0.00275521185587674
2.85714285714285 0.0023993913677041
3.57142857142857 0.00567390476980454
4.28571428571428 0.00602149217949732
5 0.004984992889624
5.71428571428571 0.00673912052434784
6.42857142857143 0.00957426812486662
7.14285714285714 0.0108262625614436
7.85714285714285 0.0119294916753139
8.57142857142857 0.016676251213949
9.28571428571428 0.0192517405950883
10 0.0144899478470063
10.7142857142857 0.0121599054727896
11.4285714285714 0.0148732391302591
12.1428571428571 0.0174135358148137
12.8571428571429 0.0191982882834123
13.5714285714286 0.0259328275065914
14.2857142857143 0.0334131785814506
15 0.0309780919865507
15.7142857142857 0.021966971006682
16.4285714285714 0.0195818327975515
17.1428571428571 0.0202504177803523
17.8571428571429 0.0197211808898698
18.5714285714286 0.0231024514890879
19.2857142857143 0.0325203959071296
20 0.0340389026042038
20.7142857142857 0.0256467348620996
21.4285714285714 0.0195030470834102
22.1428571428571 0.0185021598290519
22.8571428571428 0.0165991831489882
23.5714285714286 0.015444748817274
24.2857142857143 0.0205141325366825
25 0.024326563967094
25.7142857142857 0.019877295264856
26.4285714285714 0.0142365119647033
27.1428571428571 0.0122976857007225
27.8571428571428 0.0101786540779177
28.5714285714286 0.00756636526040524
29.2857142857143 0.00785018748626626
30 0.0103364782380676
30.7142857142857 0.00840589350772426
31.4285714285714 0.00588420907543795
32.1428571428571 0.00583061937002435
32.8571428571428 0.00512717561386935
33.5714285714286 0.00334371030926209
34.2857142857143 0.00182170351136152
35 0.000899225314723974
35.7142857142857 0.000423832490231709
36.4285714285714 0.000193721275478765
37.1428571428571 8.52813562549365e-05
37.8571428571428 3.49015036992326e-05
38.5714285714286 1.22599246749425e-05
39.2857142857143 2.72763601526305e-06
