-40 4.39309548012521e-05
-39.2857142857143 5.02410962260825e-05
-38.5714285714286 7.31962225833088e-05
-37.8571428571429 0.000126585224133456
-37.1428571428571 0.000242139920119943
-36.4285714285714 0.000482431085324461
-35.7142857142857 0.000976199113789986
-35 0.00196518289791572
-34.2857142857143 0.00382309500666019
-33.5714285714286 0.00676805259882454
-32.8571428571428 0.0100376123907798
-32.1428571428571 0.0113929943593678
-31.4285714285714 0.0123176676521514
-30.7142857142857 0.0173665700212328
-30 0.0201355121889086
-29.2857142857143 0.014575993166594
-28.5714285714286 0.0126863803183928
-27.8571428571429 0.015311598053132
-27.1428571428571 0.0178028575564797
-26.4285714285714 0.0225776961559689
-25.7142857142857 0.0316263946232524
-25 0.034283404851833
-24.2857142857143 0.0264316734280184
-23.5714285714286 0.0192432206058954
-22.8571428571429 0.0176796129869795
-22.1428571428571 0.0164465280446779
-21.4285714285714 0.0177584107529966
-20.7142857142857 0.0252427823320578
-20 0.0267667990039754
-19.2857142857143 0.0202298070459353
-18.5714285714286 0.0149528964832623
-17.8571428571429 0.0124249094857078
-17.1428571428571 0.00897651341405815
-16.4285714285714 0.00709964458101234
-15.7142857142857 0.00949072216240515
-15 0.00869814663290629
-14.2857142857143 0.003031734395045
-13.5714285714286 0.00396620499795568
-12.8571428571429 0.00597285199679944
-12.1428571428571 0.0039711727353521
-11.4285714285714 0.00343014814756994
-10.7142857142857 0.00589508710223696
-10 0.00712313817850124
-9.28571428571429 0.00445634689430477
-8.57142857142858 0.00654669678582587
-7.85714285714286 0.0117856126673472
-7.14285714285715 0.00965162571371502
-6.42857142857143 0.00788355621653263
-5.71428571428572 0.0106068604573775
-5 0.013984808136576
-4.28571428571429 0.0162355980484136
-3.57142857142858 0.0216559839175307
-2.85714285714286 0.0283892415228568
-2.14285714285715 0.0267023520135256
-1.42857142857143 0.0186290397208246
-0.714285714285718 0.0161257896319042
-3.99680288865056e-15 0.0165063151611274
0.71428571428571 0.0160933552809158
1.42857142857142 0.0185753043400718
2.14285714285714 0.0266740073881233
2.85714285714285 0.0284022390423521
3.57142857142857 0.0216956245171647
4.28571428571428 0.0162576153883847
5 0.0139395699787801
5.71428571428571 0.0105241290288916
6.42857142857143 0.00781666945478963
7.14285714285714 0.00962609088124567
7.85714285714285 0.0117856176672347
8.57142857142857 0.00657185655161521
9.28571428571428 0.0045166429672618
10 0.00716809845328367
10.7142857142857 0.00590386030666562
11.4285714285714 0.00343894572063804
12.1428571428571 0.00400153533470203
12.8571428571429 0.00600847501510196
13.5714285714286 0.0040018204136271
14.2857142857143 0.00310171512829761
15 0.00877969039920102
15.7142857142857 0.00955687081369019
16.4285714285714 0.00719382940670345
17.1428571428571 0.00909524630209828
17.8571428571429 0.0125254774148573
18.5714285714286 0.0150379531374873
19.2857142857143 0.0203268577637858
20 0.0267931470828087
20.7142857142857 0.0251850983673974
21.4285714285714 0.0177327308197269
22.1428571428571 0.0164645860930596
22.8571428571428 0.0177064542900128
23.5714285714286 0.0192936701262795
24.2857142857143 0.0265402118462872
25 0.0343214564073163
25.7142857142857 0.0315242296709605
26.4285714285714 0.0224616387720693
27.1428571428571 0.0177093870386444
27.8571428571428 0.0151951138374271
28.5714285714286 0.0125759209240015
29.2857142857143 0.0145109201461054
30 0.0200501377781482
30.7142857142857 0.0171892447501372
31.4285714285714 0.0121235683144498
32.1428571428571 0.0112361791191948
32.8571428571428 0.00988664785879073
33.5714285714286 0.00664218093710632
34.2857142857143 0.00374220843455998
35 0.00192260055688347
35.7142857142857 0.000956480678659694
36.4285714285714 0.000473853734343467
37.1428571428571 0.000238395263353071
37.8571428571428 0.000124896389711711
38.5714285714286 7.24320787220989e-05
39.2857142857143 4.99437271871349e-05
