-40 4.39318060888846e-05
-39.2857142857143 4.9944391185051e-05
-38.5714285714286 7.24326117693179e-05
-37.8571428571429 0.000124896875306999
-37.1428571428571 0.000238395724983841
-36.4285714285714 0.000473854187844505
-35.7142857142857 0.000956481125600153
-35 0.00192260100825065
-34.2857142857143 0.00374220888175263
-33.5714285714286 0.00664218133680762
-32.8571428571428 0.00988664811413627
-32.1428571428571 0.0112361792531381
-31.4285714285714 0.0121235686167635
-30.7142857142857 0.017189245192016
-30 0.0200501379708834
-29.2857142857143 0.0145109202255728
-28.5714285714286 0.0125759210764046
-27.8571428571429 0.0151951139648793
-27.1428571428571 0.0177093871006883
-26.4285714285714 0.0224616389314989
-25.7142857142857 0.031524229851318
-25 0.0343214563401891
-24.2857142857143 0.026540211688311
-23.5714285714286 0.0192936701221187
-22.8571428571429 0.0177064542695984
-22.1428571428571 0.0164645859458382
-21.4285714285714 0.0177327305368582
-20.7142857142857 0.0251850978694335
-20 0.0267931464013796
-19.2857142857143 0.020326857139918
-18.5714285714286 0.0150379527029176
-17.8571428571429 0.0125254770716699
-17.1428571428571 0.00909524602137024
-16.4285714285714 0.00719382918506209
-15.7142857142857 0.00955687054269889
-15 0.00877969006500006
-14.2857142857143 0.00310171493514108
-13.5714285714286 0.00400182032437351
-12.8571428571429 0.00600847490198436
-12.1428571428571 0.00400153523691141
-11.4285714285714 0.0034389456464463
-10.7142857142857 0.00590386018307188
-10 0.00716809830538527
-9.28571428571429 0.00451664299786757
-8.57142857142858 0.00657185663900311
-7.85714285714286 0.0117856175483151
-7.14285714285715 0.00962609074610802
-6.42857142857143 0.0078166694095469
-5.71428571428572 0.010524128946535
-5 0.0139395697739068
-4.28571428571429 0.0162576150454251
-3.57142857142858 0.0216956240110284
-2.85714285714286 0.0284022384259413
-2.14285714285715 0.0266740068268374
-1.42857142857143 0.0185753039623794
-0.714285714285718 0.0160933550265266
-3.99680288865056e-15 0.0165063149826573
0.71428571428571 0.0161257895023043
1.42857142857142 0.0186290395371001
2.14285714285714 0.0267023517206362
2.85714285714285 0.0283892413099579
3.57142857142857 0.0216559838175683
4.28571428571428 0.0162355979397325
5 0.0139848080500201
5.71428571428571 0.0106068604413162
6.42857142857143 0.00788355620791754
7.14285714285714 0.00965162564785126
7.85714285714285 0.0117856126955881
8.57142857142857 0.00654669697724059
9.28571428571428 0.0044563469589976
10 0.00712313810772122
10.7142857142857 0.00589508709210507
11.4285714285714 0.00343014815041553
12.1428571428571 0.00397117266761363
12.8571428571429 0.00597285189271794
13.5714285714286 0.00396620485057724
14.2857142857143 0.003031734056593
15 0.00869814619365371
15.7142857142857 0.00949072185551398
16.4285714285714 0.00709964432541623
17.1428571428571 0.00897651312063431
17.8571428571429 0.0124249091976859
18.5714285714286 0.014952896104286
19.2857142857143 0.0202298063962618
20 0.0267667983594157
20.7142857142857 0.0252427819926531
21.4285714285714 0.017758410524962
22.1428571428571 0.0164465278303721
22.8571428571428 0.017679612872752
23.5714285714286 0.01924322052719
24.2857142857143 0.0264316732170806
25 0.0342834047462833
25.7142857142857 0.0316263947927645
26.4285714285714 0.0225776963327933
27.1428571428571 0.0178028576635583
27.8571428571428 0.0153115982594889
28.5714285714286 0.0126863805426055
29.2857142857143 0.0145759932304256
30 0.0201355123640124
30.7142857142857 0.0173665705220561
31.4285714285714 0.012317667998775
32.1428571428571 0.0113929944590339
32.8571428571428 0.010037612652677
33.5714285714286 0.00676805307513394
34.2857142857143 0.00382309555749288
35 0.00196518346265004
35.7142857142857 0.000976199665236712
36.4285714285714 0.000482431635409843
37.1428571428571 0.000242140464569125
37.8571428571428 0.000126585783793785
38.5714285714286 7.31968174375248e-05
39.2857142857143 5.0241807301717e-05
