-40 4.33023128408863e-05
-39.2857142857143 4.95299525394903e-05
-38.5714285714286 7.27636129883921e-05
-37.8571428571429 0.000127413722499237
-37.1428571428571 0.000246943783946739
-36.4285714285714 0.000497872122036425
-35.7142857142857 0.00101848602578052
-35 0.00207433265909833
-34.2857142857143 0.00409031302645588
-33.5714285714286 0.00734464774900139
-32.8571428571428 0.0110063525395182
-32.1428571428571 0.0123782706272228
-31.4285714285714 0.0127512141309566
-30.7142857142857 0.0180167816700234
-30 0.0217831684072224
-29.2857142857143 0.0158552735021026
-28.5714285714286 0.0129826022141748
-27.8571428571429 0.0152012627849137
-27.1428571428571 0.0176834742135423
-26.4285714285714 0.0224224955275993
-25.7142857142857 0.0310398142303533
-25 0.0335257804665975
-24.2857142857143 0.0261209795308369
-23.5714285714286 0.0190886818985804
-22.8571428571429 0.0172078900784607
-22.1428571428571 0.0158698513073778
-21.4285714285714 0.0177002082935035
-20.7142857142857 0.0253270798843933
-20 0.0256137365847477
-19.2857142857143 0.0187187106534097
-18.5714285714286 0.0143569746323481
-17.8571428571429 0.0120811452429287
-17.1428571428571 0.00844749682467841
-16.4285714285714 0.00698637619553927
-15.7142857142857 0.0102659854607469
-15 0.00908513134480534
-14.2857142857143 0.00261479060698123
-13.5714285714286 0.00422317780796039
-12.8571428571429 0.00648202488925971
-12.1428571428571 0.00389718645924518
-11.4285714285714 0.00324189727746546
-10.7142857142857 0.00620415925236413
-10 0.00772476710216418
-9.28571428571429 0.00449560783024412
-8.57142857142858 0.00672670244601271
-7.85714285714286 0.0128656046898975
-7.14285714285715 0.010295686228747
-6.42857142857143 0.00761653676576928
-5.71428571428572 0.0100929694772348
-5 0.0137111440015735
-4.28571428571429 0.0160027455733886
-3.57142857142858 0.0208465748908413
-2.85714285714286 0.0274568537652037
-2.14285714285715 0.0264535604732963
-1.42857142857143 0.0184978989980102
-0.714285714285718 0.0155341166013183
-3.99680288865056e-15 0.0157009732935163
0.71428571428571 0.0155401453041805
1.42857142857142 0.0184919760626298
2.14285714285714 0.0264352559016653
2.85714285714285 0.0274483331901286
3.57142857142857 0.0208365518665534
4.28571428571428 0.0159927860017835
5 0.0137283615954085
5.71428571428571 0.0101251343838863
6.42857142857143 0.00763151789557729
7.14285714285714 0.01027774618247
7.85714285714285 0.0128579617373026
8.57142857142857 0.00672614632435437
9.28571428571428 0.00445905836511949
10 0.00770110696196246
10.7142857142857 0.00621197811659305
11.4285714285714 0.00324379090796127
12.1428571428571 0.00387640464861161
12.8571428571429 0.00646573400678553
13.5714285714286 0.00423751777153469
14.2857142857143 0.00258926915923781
15 0.00903966466316382
15.7142857142857 0.0102697436229027
16.4285714285714 0.00697012342733889
17.1428571428571 0.00840164887923468
17.8571428571429 0.0120419149519347
18.5714285714286 0.0143284285979858
19.2857142857143 0.0186648038652792
20 0.0255838424378805
20.7142857142857 0.0253769800946124
21.4285714285714 0.0177361069521242
22.1428571428571 0.0158597543746344
22.8571428571428 0.0171912362894565
23.5714285714286 0.0190558720878292
24.2857142857143 0.0260424675237364
25 0.0334965846072516
25.7142857142857 0.0310981849704372
26.4285714285714 0.0224888721232921
27.1428571428571 0.0177201477201627
27.8571428571428 0.015245375116402
28.5714285714286 0.0130185498080013
29.2857142857143 0.0158514266803243
30 0.0218029475838877
30.7142857142857 0.0180971245062389
31.4285714285714 0.0128233588570547
32.1428571428571 0.012430881063218
32.8571428571428 0.0110691104641995
33.5714285714286 0.00740106725721431
34.2857142857143 0.00412692380648035
35 0.00209362988460964
35.7142857142857 0.00102750995008985
36.4285714285714 0.000501878480492396
37.1428571428571 0.000248727973571443
37.8571428571428 0.000128220637013837
38.5714285714286 7.31243947646967e-05
39.2857142857143 4.96683191808195e-05
