-40 1.25572830405609e-09
-39.2857142857143 2.15405422568822e-09
-38.5714285714286 5.61134241308879e-09
-37.8571428571429 1.62521504726839e-08
-37.1428571428571 4.94339955111833e-08
-36.4285714285714 1.50614018616597e-07
-35.7142857142857 4.6089142708445e-07
-35 1.38670713823977e-06
-34.2857142857143 4.06902882743177e-06
-33.5714285714286 1.11751548992442e-05
-32.8571428571428 2.67359035072502e-05
-32.1428571428571 4.43563267794438e-05
-31.4285714285714 4.07950030685258e-05
-30.7142857142857 3.77542420623438e-05
-30 4.85880092357439e-05
-29.2857142857143 4.00894370814805e-05
-28.5714285714286 4.09897991433981e-05
-27.8571428571429 9.05558234084347e-05
-27.1428571428571 0.000197132917695119
-26.4285714285714 0.000278925014004163
-25.7142857142857 0.000234862769292138
-25 0.000234850782934255
-24.2857142857143 0.000266134692836854
-23.5714285714286 0.000194163866937999
-22.8571428571429 0.000230860961931275
-22.1428571428571 0.000547954028812237
-21.4285714285714 0.00113568847710911
-20.7142857142857 0.00145558979910462
-20 0.00126635379089942
-19.2857142857143 0.00134709280846287
-18.5714285714286 0.00127248157039108
-17.8571428571429 0.000962376543393075
-17.1428571428571 0.00158896164452757
-16.4285714285714 0.00373355275780158
-15.7142857142857 0.00636576710403936
-15 0.00581843681669379
-14.2857142857143 0.00457446641158798
-13.5714285714286 0.0062440921188275
-12.8571428571429 0.00556181174687442
-12.1428571428571 0.00403501400951964
-11.4285714285714 0.00734354925151043
-10.7142857142857 0.0184402805660038
-10 0.0358104092498251
-9.28571428571429 0.0469562032630138
-8.57142857142858 0.0484500689584944
-7.85714285714286 0.0429336134026087
-7.14285714285715 0.0262251417511048
-6.42857142857143 0.0118281489928083
-5.71428571428572 0.0117387987965645
-5 0.0285229569462296
-4.28571428571429 0.0576253139789576
-3.57142857142858 0.073467671446379
-2.85714285714286 0.0729239778955172
-2.14285714285715 0.0721653546772324
-1.42857142857143 0.0526345918539589
-0.714285714285718 0.0245789998167096
-3.99680288865056e-15 0.013413856553568
0.71428571428571 0.0238850514247562
1.42857142857142 0.0530388432291738
2.14285714285714 0.0779483490625236
2.85714285714285 0.0826841619634743
3.57142857142857 0.0788809751980584
4.28571428571428 0.0574021290008918
5 0.0271530904736874
5.71428571428571 0.010873732402666
6.42857142857143 0.0114076469544087
7.14285714285714 0.0266451504252791
7.85714285714285 0.0457569108866294
8.57142857142857 0.0532275404755483
9.28571428571428 0.0502765697073264
10 0.0366609413127625
10.7142857142857 0.0183895363133655
11.4285714285714 0.00723657967194576
12.1428571428571 0.00397534483102997
12.8571428571429 0.00549906855908609
13.5714285714286 0.00603050955732418
14.2857142857143 0.00397970218771093
15 0.00523335130440965
15.7142857142857 0.00622789852395986
16.4285714285714 0.00379984122086917
17.1428571428571 0.00163123955377148
17.8571428571429 0.000913783600256603
18.5714285714286 0.00114883052969566
19.2857142857143 0.00127975645548606
20 0.00123456703096595
20.7142857142857 0.00135197828395895
21.4285714285714 0.00103047378430802
22.1428571428571 0.000494729130530283
22.8571428571428 0.000205340759480162
23.5714285714286 0.000165005345890318
24.2857142857143 0.000226857021229785
25 0.000207535146061982
25.7142857142857 0.000205986145190998
26.4285714285714 0.000235839265448188
27.1428571428571 0.000164654624757676
27.8571428571428 7.53635682568667e-05
28.5714285714286 3.24144471609461e-05
29.2857142857143 2.77163599171674e-05
30 3.50003388759748e-05
30.7142857142857 3.38605336102569e-05
31.4285714285714 3.51726791190476e-05
32.1428571428571 3.08855666104831e-05
32.8571428571428 1.68525767683631e-05
33.5714285714286 6.83011719362218e-06
34.2857142857143 2.46215528016542e-06
35 8.3641132966232e-07
35.7142857142857 2.77824797243507e-07
36.4285714285714 9.11087212177516e-08
37.1428571428571 3.0081796165997e-08
37.8571428571428 1.00319812474272e-08
38.5714285714286 3.59197641802171e-09
39.2857142857143 1.5606562848057e-09
