-40 3.65824750033995e-10
-39.2857142857143 6.28040588463565e-10
-38.5714285714286 2.10277123080508e-09
-37.8571428571429 6.80778269586984e-09
-37.1428571428571 2.15932328161441e-08
-36.4285714285714 6.72941146337765e-08
-35.7142857142857 2.08847206511695e-07
-35 6.37396583912764e-07
-34.2857142857143 1.90437126809466e-06
-33.5714285714286 5.39105089366219e-06
-32.8571428571428 1.37249333981386e-05
-32.1428571428571 2.6793046827781e-05
-31.4285714285714 3.43396239604757e-05
-30.7142857142857 3.444868234075e-05
-30 3.11322757029096e-05
-29.2857142857143 2.20616782131697e-05
-28.5714285714286 2.51598254703185e-05
-27.8571428571429 5.91400094319806e-05
-27.1428571428571 0.000128810453753744
-26.4285714285714 0.000180099616579503
-25.7142857142857 0.000147594244136584
-25 0.000149635506226635
-24.2857142857143 0.000177607979427506
-23.5714285714286 0.000139031487847893
-22.8571428571429 0.000178623816292255
-22.1428571428571 0.00040692182415015
-21.4285714285714 0.000760165110772979
-20.7142857142857 0.000756872511538298
-20 0.000432993235503996
-19.2857142857143 0.000649402082873994
-18.5714285714286 0.000825621264366741
-17.8571428571429 0.000574162526236383
-17.1428571428571 0.000746246612402414
-16.4285714285714 0.00187243490032899
-15.7142857142857 0.00403586343617436
-15 0.00586596820993192
-14.2857142857143 0.00607177149942896
-13.5714285714286 0.00485255637971594
-12.8571428571429 0.00273943701946179
-12.1428571428571 0.00220147916822021
-11.4285714285714 0.00556572149626574
-10.7142857142857 0.0153932290416966
-10 0.0326769867549231
-9.28571428571429 0.0480712017254331
-8.57142857142858 0.0513737835404803
-7.85714285714286 0.0411399290670424
-7.14285714285715 0.0224108087208526
-6.42857142857143 0.0105288656021067
-5.71428571428572 0.0134571562002663
-5 0.0319813245622075
-4.28571428571429 0.0557072210544753
-3.57142857142858 0.0519967813126578
-2.85714285714286 0.0397959752599525
-2.14285714285715 0.0549529486435379
-1.42857142857143 0.0530217767092128
-0.714285714285718 0.0281770971638205
-3.99680288865056e-15 0.0152923670183018
0.71428571428571 0.0240928115179323
1.42857142857142 0.0529522838901181
2.14285714285714 0.0813697249258445
2.85714285714285 0.090582921762178
3.57142857142857 0.0847588127775148
4.28571428571428 0.0581666925553872
5 0.0261226951494616
5.71428571428571 0.00992220796469578
6.42857142857143 0.0109306294061454
7.14285714285714 0.0291134118790956
7.85714285714285 0.0588811484002482
8.57142857142857 0.0784699490971552
9.28571428571428 0.0719731722648158
10 0.0447611577076337
10.7142857142857 0.0193147506558912
11.4285714285714 0.00676312538377821
12.1428571428571 0.00346513376021431
12.8571428571429 0.00505227871889485
13.5714285714286 0.006262878778887
14.2857142857143 0.00526530386567214
15 0.00618002106445686
15.7142857142857 0.00614454119211115
16.4285714285714 0.00349010693630979
17.1428571428571 0.00147582355665201
17.8571428571429 0.00089439576327319
18.5714285714286 0.00116280494322403
19.2857142857143 0.00118811648320697
20 0.00107944178140728
20.7142857142857 0.00128052092792098
21.4285714285714 0.00103242308400525
22.1428571428571 0.000508207089432684
22.8571428571428 0.000210388833868844
23.5714285714286 0.000154510410142323
24.2857142857143 0.000205334887049921
25 0.000200501421996615
25.7142857142857 0.000206241183077351
26.4285714285714 0.000219210023175939
27.1428571428571 0.000144075369034393
27.8571428571428 6.34346636649666e-05
28.5714285714286 2.83350579727792e-05
29.2857142857143 2.98388384922602e-05
30 4.11167066601422e-05
30.7142857142857 4.02330993258772e-05
31.4285714285714 4.07859994137907e-05
32.1428571428571 3.55116307944393e-05
32.8571428571428 1.93954336956983e-05
33.5714285714286 7.84974666016148e-06
34.2857142857143 2.82040903281515e-06
35 9.51886773398141e-07
35.7142857142857 3.12182967498187e-07
36.4285714285714 9.98797539903732e-08
37.1428571428571 3.18027154276594e-08
37.8571428571428 9.94811505427401e-09
38.5714285714286 3.10098747938152e-09
39.2857142857143 9.09389524666117e-10
