-40 3.65718175849963e-10
-39.2857142857143 9.08814714566522e-10
-38.5714285714286 3.0998446358767e-09
-37.8571428571429 9.94627833513836e-09
-37.1428571428571 3.17997172455561e-08
-36.4285714285714 9.9871755162447e-08
-35.7142857142857 3.12156002443592e-07
-35 9.5180525230522e-07
-34.2857142857143 2.82016509425841e-06
-33.5714285714286 7.84910585931966e-06
-32.8571428571428 1.93939681528438e-05
-32.1428571428571 3.55090418064707e-05
-31.4285714285714 4.07828965347501e-05
-30.7142857142857 4.02297905279223e-05
-30 4.11135904242413e-05
-29.2857142857143 2.9837056847681e-05
-28.5714285714286 2.83344547143114e-05
-27.8571428571429 6.34343487129536e-05
-27.1428571428571 0.000144075607843938
-26.4285714285714 0.000219215006651137
-25.7142857142857 0.000206254580447365
-25 0.000200513933185665
-24.2857142857143 0.000205337821026419
-23.5714285714286 0.000154508653787205
-22.8571428571429 0.000210386123534508
-22.1428571428571 0.000508202016888428
-21.4285714285714 0.00103241196056167
-20.7142857142857 0.00128050188050481
-20 0.00107941972639064
-19.2857142857143 0.00118809784894965
-18.5714285714286 0.00116279515736555
-17.8571428571429 0.00089439621678226
-17.1428571428571 0.00147583316731046
-16.4285714285714 0.00349012354822739
-15.7142857142857 0.00614454813321001
-15 0.0061799864523324
-14.2857142857143 0.00526525491934819
-13.5714285714286 0.00626286913211248
-12.8571428571429 0.00505228565740394
-12.1428571428571 0.00346511606654075
-11.4285714285714 0.00676305681078803
-10.7142857142857 0.0193145928647596
-10 0.0447609196698738
-9.28571428571429 0.071972992238449
-8.57142857142858 0.0784698183031516
-7.85714285714286 0.0588809286526499
-7.14285714285715 0.0291132002306841
-6.42857142857143 0.0109305213513418
-5.71428571428572 0.00992215165350106
-5 0.0261226128999183
-4.28571428571429 0.0581665646605559
-3.57142857142858 0.0847587514299958
-2.85714285714286 0.0905829456631874
-2.14285714285715 0.0813696691572138
-1.42857142857143 0.0529521617287498
-0.714285714285718 0.0240927318059339
-3.99680288865056e-15 0.0152923311021734
0.71428571428571 0.0281770603953034
1.42857142857142 0.0530217054300168
2.14285714285714 0.0549528868550446
2.85714285714285 0.039795969812667
3.57142857142857 0.051996759787705
4.28571428571428 0.0557071547513554
5 0.0319812709808527
5.71428571428571 0.0134571472401477
6.42857142857143 0.0105289332857329
7.14285714285714 0.0224110168801221
7.85714285714285 0.0411403104464541
8.57142857142857 0.051374248261253
9.28571428571428 0.0480716109858995
10 0.0326772447139441
10.7142857142857 0.0153933424614513
11.4285714285714 0.00556576105274792
12.1428571428571 0.00220150111696669
12.8571428571429 0.00273947381351164
13.5714285714286 0.00485260844160283
14.2857142857143 0.00607182035864382
15 0.00586601619067207
15.7142857142857 0.00403590393586494
16.4285714285714 0.00187245587080734
17.1428571428571 0.000746256285906583
17.8571428571429 0.000574173411629449
18.5714285714286 0.000825639293875464
19.2857142857143 0.000649419814088564
20 0.000433008511855392
20.7142857142857 0.000756890530609688
21.4285714285714 0.000760178964949286
22.1428571428571 0.000406928191263719
22.8571428571428 0.000178626826812882
23.5714285714286 0.000139035863264032
24.2857142857143 0.000177615454762013
25 0.000149642918033046
25.7142857142857 0.00014760146511022
26.4285714285714 0.000180107297666647
27.1428571428571 0.000128815658129142
27.8571428571428 5.91423829728555e-05
28.5714285714286 2.51610148435591e-05
29.2857142857143 2.20633497515103e-05
30 3.11351369456391e-05
30.7142857142857 3.44518742103979e-05
31.4285714285714 3.43426193766684e-05
32.1428571428571 2.67953076766689e-05
32.8571428571428 1.37259884853705e-05
33.5714285714286 5.39139480337413e-06
34.2857142857143 1.90446063050401e-06
35 6.3741895360716e-07
35.7142857142857 2.08854661714794e-07
36.4285714285714 6.72979880861337e-08
37.1428571428571 2.15959966808447e-08
37.8571428571428 6.80897263680197e-09
38.5714285714286 2.10328873158461e-09
39.2857142857143 6.28344344073057e-10
