-40 4.66772750580382e-10
-39.2857142857143 9.49218766252727e-10
-38.5714285714286 2.98571668730511e-09
-37.8571428571429 9.48543922567935e-09
-37.1428571428571 3.00854065824971e-08
-36.4285714285714 9.43758358961294e-08
-35.7142857142857 2.93753270241656e-07
-35 8.94638171742359e-07
-34.2857142857143 2.64816435603616e-06
-33.5714285714286 7.36221814663392e-06
-32.8571428571428 1.80908563496375e-05
-32.1428571428571 3.26762403656027e-05
-31.4285714285714 3.64098715440005e-05
-30.7142857142857 3.47041032166561e-05
-30 3.56100049674182e-05
-29.2857142857143 2.71828492521188e-05
-28.5714285714286 2.97672862545542e-05
-27.8571428571429 6.98410212118025e-05
-27.1428571428571 0.000158890921766342
-26.4285714285714 0.000245641120804744
-25.7142857142857 0.000239804011052311
-25 0.000231576536346854
-24.2857142857143 0.000224892208679088
-23.5714285714286 0.00016398446589615
-22.8571428571429 0.000224279590614679
-22.1428571428571 0.000541846190864306
-21.4285714285714 0.00107764507754038
-20.7142857142857 0.00125757037879342
-20 0.000966392206411844
-19.2857142857143 0.00113285786221438
-18.5714285714286 0.00119609310028083
-17.8571428571429 0.000909172015310707
-17.1428571428571 0.0014232713231567
-16.4285714285714 0.00333061194257317
-15.7142857142857 0.00582111598323984
-15 0.00573051418057672
-14.2857142857143 0.00478045375998772
-13.5714285714286 0.00579250848899945
-12.8571428571429 0.00481572880061798
-12.1428571428571 0.00361906852635698
-11.4285714285714 0.00716900679106264
-10.7142857142857 0.0188574454723122
-10 0.0389327662777065
-9.28571428571429 0.0551029619586305
-8.57142857142858 0.0575970075373764
-7.85714285714286 0.0470708029583891
-7.14285714285715 0.0264282042715311
-6.42857142857143 0.0114246957136521
-5.71428571428572 0.011617594360362
-5 0.0288409353303322
-4.28571428571429 0.0590922053009635
-3.57142857142858 0.0770094043805546
-2.85714285714286 0.0772822620440091
-2.14285714285715 0.0748291955152788
-1.42857142857143 0.0534516610798574
-0.714285714285718 0.0249255280158404
-3.99680288865056e-15 0.0139472316276573
0.71428571428571 0.0246122905613165
1.42857142857142 0.0524881667957442
2.14285714285714 0.0724479517899501
2.85714285714285 0.0734288870497899
3.57142857142857 0.073528265353818
4.28571428571428 0.0574596210825586
5 0.0284764263266869
5.71428571428571 0.0117082815937545
6.42857142857143 0.0115188935596254
7.14285714285714 0.0253881960945447
7.85714285714285 0.0419619734230538
8.57142857142857 0.0479394589461768
9.28571428571428 0.0468182916569874
10 0.0358235667918453
10.7142857142857 0.018490273677292
11.4285714285714 0.00727660342532914
12.1428571428571 0.00353884566212892
12.8571428571429 0.00449341965487299
13.5714285714286 0.00569865635094333
14.2857142857143 0.00514009641762352
15 0.00585866230715164
15.7142857142857 0.0055511745700691
16.4285714285714 0.00308621026359276
17.1428571428571 0.00130619102406823
17.8571428571429 0.000852739498259319
18.5714285714286 0.00113820439878061
19.2857142857143 0.00105236936316145
20 0.000869916100207084
20.7142857142857 0.00117698143499692
21.4285714285714 0.00103838923477818
22.1428571428571 0.000528010847871573
22.8571428571428 0.000211214587603866
23.5714285714286 0.00013353234289634
24.2857142857143 0.000187661799295509
25 0.000223723428203651
25.7142857142857 0.000234931393975124
26.4285714285714 0.000213194038766485
27.1428571428571 0.000127784304727818
27.8571428571428 5.42432767157369e-05
28.5714285714286 2.25821859307515e-05
29.2857142857143 1.99414730133042e-05
30 2.4622429436621e-05
30.7142857142857 2.18598119723667e-05
31.4285714285714 2.37031373576632e-05
32.1428571428571 2.32800763118374e-05
32.8571428571428 1.35067572048007e-05
33.5714285714286 5.63664741758949e-06
34.2857142857143 2.06295675553127e-06
35 7.07638952473387e-07
35.7142857142857 2.36056910738122e-07
36.4285714285714 7.72335607487215e-08
37.1428571428571 2.50601627849658e-08
37.8571428571428 8.03376328216455e-09
38.5714285714286 2.55619782879742e-09
39.2857142857143 8.32799349373224e-10
