-40 7.52284116347317e-10
-39.2857142857143 1.18796382739968e-09
-38.5714285714286 3.05636986390934e-09
-37.8571428571429 9.12145183903284e-09
-37.1428571428571 2.80814490593023e-08
-36.4285714285714 8.70608177186062e-08
-35.7142857142857 2.67623590413411e-07
-35 8.07193753117268e-07
-34.2857142857143 2.36048572880318e-06
-33.5714285714286 6.4671411567717e-06
-32.8571428571428 1.55750536106179e-05
-32.1428571428571 2.73412435870575e-05
-31.4285714285714 2.87228207993458e-05
-30.7142857142857 2.56593590451607e-05
-30 2.7570309421878e-05
-29.2857142857143 2.43253382242116e-05
-28.5714285714286 3.28232602847542e-05
-27.8571428571429 7.81192194016098e-05
-27.1428571428571 0.000169682016544556
-26.4285714285714 0.000243276342071146
-25.7142857142857 0.000212970701591325
-25 0.000211651336983032
-24.2857142857143 0.000228693513886884
-23.5714285714286 0.000169969490612824
-22.8571428571429 0.000227552397687051
-22.1428571428571 0.000555484649953482
-21.4285714285714 0.00114406205067972
-20.7142857142857 0.00145936742273616
-20 0.00127413865178662
-19.2857142857143 0.00134155116741632
-18.5714285714286 0.00124496009732166
-17.8571428571429 0.00096035432464404
-17.1428571428571 0.00164746067049816
-16.4285714285714 0.00390232525924278
-15.7142857142857 0.00668718241395111
-15 0.00619251006529991
-14.2857142857143 0.00488384124551322
-13.5714285714286 0.00642919577965541
-12.8571428571429 0.00566584647014789
-12.1428571428571 0.00430827019162803
-11.4285714285714 0.00810926273632274
-10.7142857142857 0.0199989857377707
-10 0.0374310394620315
-9.28571428571429 0.0464094338436
-8.57142857142858 0.046785990670825
-7.85714285714286 0.0431736444453878
-7.14285714285715 0.0275715093299535
-6.42857142857143 0.0128332146309912
-5.71428571428572 0.0126448646728376
-5 0.0300245935735929
-4.28571428571429 0.0595148162912254
-3.57142857142858 0.0735554139853014
-2.85714285714286 0.0714881714948962
-2.14285714285715 0.0725645475885312
-1.42857142857143 0.0545965292025863
-0.714285714285718 0.026306179824427
-3.99680288865056e-15 0.0151255143446777
0.71428571428571 0.0263060441969455
1.42857142857142 0.0545962733112986
2.14285714285714 0.0725643367436895
2.85714285714285 0.0714880798709387
3.57142857142857 0.0735552383602617
4.28571428571428 0.0595145765635127
5 0.0300244551940193
5.71428571428571 0.0126448223662832
6.42857142857143 0.012833206672659
7.14285714285714 0.027571472605893
7.85714285714285 0.0431734970950684
8.57142857142857 0.046785724226407
9.28571428571428 0.0464091881258953
10 0.0374309281444173
10.7142857142857 0.0199989650178569
11.4285714285714 0.0081092560186746
12.1428571428571 0.00430822351520489
12.8571428571429 0.00566574171083128
13.5714285714286 0.00642914308867783
14.2857142857143 0.00488390081046311
15 0.00619250057431267
15.7142857142857 0.00668707349696451
16.4285714285714 0.00390224530271891
17.1428571428571 0.00164742887873323
17.8571428571429 0.000960339919306663
18.5714285714286 0.00124492833424828
19.2857142857143 0.0013414810458006
20 0.00127405375470184
20.7142857142857 0.00145931030875269
21.4285714285714 0.00114404013629817
22.1428571428571 0.000555478366866633
22.8571428571428 0.000227546093699535
23.5714285714286 0.00016995310859444
24.2857142857143 0.000228670875526915
25 0.000211641302380252
25.7142857142857 0.000212962379433545
26.4285714285714 0.000243255735971516
27.1428571428571 0.00016966426532567
27.8571428571428 7.81105286417131e-05
28.5714285714286 3.28190352940294e-05
29.2857142857143 2.43213200425128e-05
30 2.75654057236055e-05
30.7142857142857 2.56539692204954e-05
31.4285714285714 2.87167199353538e-05
32.1428571428571 2.73364477460303e-05
32.8571428571428 1.55727863899077e-05
33.5714285714286 6.46637898338837e-06
34.2857142857143 2.36025265104604e-06
35 8.07128298248454e-07
35.7142857142857 2.67604704569384e-07
36.4285714285714 8.70524542895546e-08
37.1428571428571 2.80794546450822e-08
37.8571428571428 9.12203961604586e-09
38.5714285714286 3.05731582794461e-09
39.2857142857143 1.18871939525372e-09
