-40 2.16207577432613e-09
-39.2857142857143 2.77691830207369e-09
-38.5714285714286 5.48112989476702e-09
-37.8571428571429 1.34731294528193e-08
-37.1428571428571 3.69788040827061e-08
-36.4285714285714 1.04795926206137e-07
-35.7142857142857 3.02440982403495e-07
-35 8.68945213207051e-07
-34.2857142857143 2.45672832906016e-06
-33.5714285714286 6.59068760047189e-06
-32.8571428571428 1.59466775665607e-05
-32.1428571428571 2.98848608919199e-05
-31.4285714285714 3.76696430686334e-05
-30.7142857142857 3.93030362555179e-05
-30 3.78684091338567e-05
-29.2857142857143 2.57195933676445e-05
-28.5714285714286 2.21055361744902e-05
-27.8571428571429 4.64657954503961e-05
-27.1428571428571 0.000102083879459117
-26.4285714285714 0.000148890321886024
-25.7142857142857 0.0001366346691881
-25 0.000143691707787624
-24.2857142857143 0.000156435038603682
-23.5714285714286 0.000115011433376084
-22.8571428571429 0.000142543032200438
-22.1428571428571 0.000324785270895012
-21.4285714285714 0.000623290457847009
-20.7142857142857 0.000696458923463612
-20 0.000529363681452419
-19.2857142857143 0.000678227793353627
-18.5714285714286 0.000739877694442284
-17.8571428571429 0.000559274072046799
-17.1428571428571 0.00085531168043706
-16.4285714285714 0.00198858079774809
-15.7142857142857 0.00357153412983128
-15 0.00389447484705601
-14.2857142857143 0.00359531100576642
-13.5714285714286 0.00393072330138348
-12.8571428571429 0.00297593920669419
-12.1428571428571 0.00222287210709683
-11.4285714285714 0.00475518825681309
-10.7142857142857 0.0133280339936043
-10 0.0302212212324591
-9.28571428571429 0.0483268444196797
-8.57142857142858 0.0533448101625532
-7.85714285714286 0.0406372967747355
-7.14285714285715 0.0198714045704108
-6.42857142857143 0.00648867275906762
-5.71428571428572 0.0047134773357032
-5 0.016395727578427
-4.28571428571429 0.0502591995284988
-3.57142857142858 0.102295187758401
-2.85714285714286 0.127366934437464
-2.14285714285715 0.0959592555941653
-1.42857142857143 0.0433949334095996
-0.714285714285718 0.012296089722294
-3.99680288865056e-15 0.00389839748316082
0.71428571428571 0.012296085587233
1.42857142857142 0.043394913075636
2.14285714285714 0.0959591950702844
2.85714285714285 0.127366842261577
3.57142857142857 0.102295117610521
4.28571428571428 0.0502591749894097
5 0.0163957243137062
5.71428571428571 0.00471347644831361
6.42857142857143 0.00648866661337758
7.14285714285714 0.0198713932305798
7.85714285714285 0.0406372934630981
8.57142857142857 0.0533448210844695
9.28571428571428 0.0483268484604109
10 0.0302212106830003
10.7142857142857 0.0133280234970668
11.4285714285714 0.00475518276153822
12.1428571428571 0.0022228703427723
12.8571428571429 0.00297593989709806
13.5714285714286 0.00393072404193599
14.2857142857143 0.00359531047709956
15 0.00389447581794154
15.7142857142857 0.00357153659884023
16.4285714285714 0.00198858260247227
17.1428571428571 0.000855312910709517
17.8571428571429 0.000559275825572794
18.5714285714286 0.000739880350142991
19.2857142857143 0.000678229574473236
20 0.000529364910142014
20.7142857142857 0.000696461480654113
21.4285714285714 0.000623292864128029
22.1428571428571 0.000324786413433397
22.8571428571428 0.000142543696755427
23.5714285714286 0.000115012526639528
24.2857142857143 0.000156436338144526
25 0.000143692114330825
25.7142857142857 0.000136635240044415
26.4285714285714 0.000148891906779533
27.1428571428571 0.000102085130452801
27.8571428571428 4.6466377039543e-05
28.5714285714286 2.2105992596265e-05
29.2857142857143 2.57203718729832e-05
30 3.78693799332248e-05
30.7142857142857 3.93038231627247e-05
31.4285714285714 3.7670456781686e-05
32.1428571428571 2.98856217640196e-05
32.8571428571428 1.59470991413903e-05
33.5714285714286 6.59085820110712e-06
34.2857142857143 2.4567908140902e-06
35 8.68968535114983e-07
35.7142857142857 3.02449600794142e-07
36.4285714285714 1.04798594413012e-07
37.1428571428571 3.69794774686001e-08
37.8571428571428 1.34729799049095e-08
38.5714285714286 5.48091349694879e-09
39.2857142857143 2.77674363585808e-09
