-40 3.38665328175188e-10
-39.2857142857143 5.2315707877026e-10
-38.5714285714286 1.35066259735231e-09
-37.8571428571429 3.94120092650731e-09
-37.1428571428571 1.2011720414948e-08
-36.4285714285714 3.69644427416645e-08
-35.7142857142857 1.14872333206719e-07
-35 3.56215001897333e-07
-34.2857142857143 1.09275102022701e-06
-33.5714285714286 3.22338224430506e-06
-32.8571428571428 8.75896121629254e-06
-32.1428571428571 1.92030205853842e-05
-31.4285714285714 2.87118100234943e-05
-30.7142857142857 2.94818021286776e-05
-30 2.25133525134508e-05
-29.2857142857143 1.52940821194845e-05
-28.5714285714286 2.34748969610408e-05
-27.8571428571429 6.12014145054439e-05
-27.1428571428571 0.000137792872360173
-26.4285714285714 0.000208000029989258
-25.7142857142857 0.000198954275549191
-25 0.000197588852434416
-24.2857142857143 0.000197728042393218
-23.5714285714286 0.000142558921611314
-22.8571428571429 0.000187220235104758
-22.1428571428571 0.000449314768556577
-21.4285714285714 0.000901866324918161
-20.7142857142857 0.00108075802990819
-20 0.00086476905690432
-19.2857142857143 0.000986733270668547
-18.5714285714286 0.00102318176702412
-17.8571428571429 0.000829675173499535
-17.1428571428571 0.00139962987621816
-16.4285714285714 0.00325713467664208
-15.7142857142857 0.00556065461510809
-15 0.00522863417219793
-14.2857142857143 0.00428600452366705
-13.5714285714286 0.00559498992070112
-12.8571428571429 0.0047611390162475
-12.1428571428571 0.00329705251078555
-11.4285714285714 0.00620668834049422
-10.7142857142857 0.0171543925375519
-10 0.0385592385433064
-9.28571428571429 0.0609810816378153
-8.57142857142858 0.0677098555147825
-7.85714285714286 0.0529677552575111
-7.14285714285715 0.0272490776918409
-6.42857142857143 0.0110454284129456
-5.71428571428572 0.0113926809409472
-5 0.0282007945960305
-4.28571428571429 0.0554026533638251
-3.57142857142858 0.066456950591294
-2.85714285714286 0.0634258662864139
-2.14285714285715 0.0667910249440696
-1.42857142857143 0.0521707284145113
-0.714285714285718 0.0257539451255763
-3.99680288865056e-15 0.015053206600343
0.71428571428571 0.0257539756539131
1.42857142857142 0.0521707923361773
2.14285714285714 0.066791097678814
2.85714285714285 0.063425923387407
3.57142857142857 0.0664570071705409
4.28571428571428 0.0554027040436944
5 0.0282008228164397
5.71428571428571 0.0113926981839436
6.42857142857143 0.0110454547773452
7.14285714285714 0.0272491269029128
7.85714285714285 0.0529678117079219
8.57142857142857 0.0677098999751889
9.28571428571428 0.0609811363390737
10 0.0385592981176437
10.7142857142857 0.0171544288541631
11.4285714285714 0.0062067021951337
12.1428571428571 0.00329705332321894
12.8571428571429 0.0047611342244212
13.5714285714286 0.00559499104829841
14.2857142857143 0.00428601313010855
15 0.00522863648944044
15.7142857142857 0.0055606497336906
16.4285714285714 0.0032571309925341
17.1428571428571 0.00139962933738795
17.8571428571429 0.000829677730338129
18.5714285714286 0.00102318624272237
19.2857142857143 0.000986735228901311
20 0.000864769358333629
20.7142857142857 0.00108076126548421
21.4285714285714 0.00090187020001872
22.1428571428571 0.000449316839996863
22.8571428571428 0.000187221192523096
23.5714285714286 0.000142559966676576
24.2857142857143 0.000197729320142856
25 0.000197589175103262
25.7142857142857 0.000198954264278409
26.4285714285714 0.000208000790026806
27.1428571428571 0.000137793705498636
27.8571428571428 6.12018748314955e-05
28.5714285714286 2.34751566284893e-05
29.2857142857143 1.52943951553246e-05
30 2.25138426666783e-05
30.7142857142857 2.9482423223519e-05
31.4285714285714 2.87124280706863e-05
32.1428571428571 1.92034419865249e-05
32.8571428571428 8.75916792951225e-06
33.5714285714286 3.22346660662597e-06
34.2857142857143 1.09278252896467e-06
35 3.5622667733137e-07
35.7142857142857 1.14876929409841e-07
36.4285714285714 3.69664699529753e-08
37.1428571428571 1.20126959916831e-08
37.8571428571428 3.94166495216893e-09
38.5714285714286 1.35095165945795e-09
39.2857142857143 5.2329811246433e-10
