-40 3.46611530786178e-10
-39.2857142857143 5.68374767560514e-10
-38.5714285714286 1.53304880603897e-09
-37.8571428571429 4.69194330947601e-09
-37.1428571428571 1.47493783422486e-08
-36.4285714285714 4.65980900835447e-08
-35.7142857142857 1.46485011296853e-07
-35 4.52436617461113e-07
-34.2857142857143 1.35919318426084e-06
-33.5714285714286 3.85585127916414e-06
-32.8571428571428 9.82598864542869e-06
-32.1428571428571 1.91894875728292e-05
-31.4285714285714 2.41230300437234e-05
-30.7142857142857 2.32199483115691e-05
-30 2.11998329237319e-05
-29.2857142857143 1.68852737372084e-05
-28.5714285714286 2.3030076178493e-05
-27.8571428571429 5.48824407144015e-05
-27.1428571428571 0.000116142359757534
-26.4285714285714 0.000154476445195828
-25.7142857142857 0.00011469740075481
-25 0.000119057914914947
-24.2857142857143 0.000155262845691671
-23.5714285714286 0.000123393736383129
-22.8571428571429 0.000153439118422063
-22.1428571428571 0.00035862464255037
-21.4285714285714 0.000738758848547548
-20.7142857142857 0.000958945055225919
-20 0.000854982487707499
-19.2857142857143 0.000891102491875934
-18.5714285714286 0.000819178498156992
-17.8571428571429 0.00064289417796765
-17.1428571428571 0.00113246606648361
-16.4285714285714 0.0027357092978821
-15.7142857142857 0.00491305656337455
-15 0.0051618676662578
-14.2857142857143 0.00449822245030172
-13.5714285714286 0.00507095117171977
-12.8571428571429 0.00417509815113858
-12.1428571428571 0.00365343134318435
-11.4285714285714 0.00784199734390841
-10.7142857142857 0.0198376622134751
-10 0.0385993822501671
-9.28571428571429 0.0511231835840609
-8.57142857142858 0.0529340606184665
-7.85714285714286 0.046615461303163
-7.14285714285715 0.0284873098766359
-6.42857142857143 0.0128845475204757
-5.71428571428572 0.0119382121474016
-5 0.0279588639379722
-4.28571428571429 0.0568810049398986
-3.57142857142858 0.0742248843371194
-2.85714285714286 0.0749470224589584
-2.14285714285715 0.0732033013242378
-1.42857142857143 0.0527232756060762
-0.714285714285718 0.0249267347475054
-3.99680288865056e-15 0.0142664071169819
0.71428571428571 0.024926735260196
1.42857142857142 0.0527232789971789
2.14285714285714 0.0732033259485038
2.85714285714285 0.0749470748906295
3.57142857142857 0.074224931143749
4.28571428571428 0.0568810240901441
5 0.0279588671632253
5.71428571428571 0.0119382073902165
6.42857142857143 0.0128845289867589
7.14285714285714 0.0284872737382394
7.85714285714285 0.0466154290653997
8.57142857142857 0.0529340513214735
9.28571428571428 0.0511231656874902
10 0.0385993486512488
10.7142857142857 0.0198376391771381
11.4285714285714 0.00784198473761181
12.1428571428571 0.00365341857068787
12.8571428571429 0.00417507945323258
13.5714285714286 0.00507093596352416
14.2857142857143 0.00449821532806561
15 0.00516185406159279
15.7142857142857 0.00491304005239232
16.4285714285714 0.00273570134399735
17.1428571428571 0.00113246384337712
17.8571428571429 0.000642891514138239
18.5714285714286 0.000819170540715219
19.2857142857143 0.000891087781241922
20 0.000854964834390176
20.7142857142857 0.000958930627723316
21.4285714285714 0.000738751034666705
22.1428571428571 0.000358621583866851
22.8571428571428 0.000153438112230664
23.5714285714286 0.000123393249903618
24.2857142857143 0.000155261780755143
25 0.000119056206184151
25.7142857142857 0.000114695836342586
26.4285714285714 0.000154475508898407
27.1428571428571 0.000116141901316103
27.8571428571428 5.48822472913541e-05
28.5714285714286 2.30300075894132e-05
29.2857142857143 1.68851553808575e-05
30 2.11994123030856e-05
30.7142857142857 2.3219268151935e-05
31.4285714285714 2.41225387503468e-05
32.1428571428571 1.91893159546006e-05
32.8571428571428 9.82595417835909e-06
33.5714285714286 3.85584529711397e-06
34.2857142857143 1.35919975246341e-06
35 4.52446262380392e-07
35.7142857142857 1.46492314001028e-07
36.4285714285714 4.66017230570033e-08
37.1428571428571 1.47507296429841e-08
37.8571428571428 4.69246277138907e-09
38.5714285714286 1.53329705311074e-09
39.2857142857143 5.68480312209597e-10
