693
Se -53.14363014 -53.14363014  2.89747906
Se -53.15874795 -47.51338053 -2.86355848
Cd -56.00184070 -44.70524771  0.00866245
Se -53.16989733 -41.89919359  2.88676432
Se -47.51338053 -53.15874795 -2.86355848
Cd -50.33587527 -50.33587527  0.00826273
Se -47.51980560 -47.51980560  2.88540371
Cd -44.70524771 -56.00184070  0.00866245
Se -41.89919359 -53.16989733  2.88676432
Se -53.18123569 -36.29332145 -2.87737238
Cd -56.02791892 -33.49860568 -0.00040775
Se -53.19238507 -30.70388992  2.88275810
Se -47.52830937 -41.90146126 -2.87742907
Cd -50.35741814 -39.09899762 -0.00013408
Se -47.53889183 -36.29766782  2.88253133
Se -41.90146126 -47.52830937 -2.87742907
Cd -44.71583018 -44.71583018 -0.00134608
Se -41.90845325 -41.90845325  2.88268251
Se -36.29332145 -53.18123569 -2.87737238
Cd -39.09899762 -50.35741814 -0.00013408
Se -36.29766782 -47.53889183  2.88253133
Cd -33.49860568 -56.02791892 -0.00040775
Se -30.70388992 -53.19238507  2.88275810
Se -53.19767630 -25.11313558 -2.88712337
Cd -56.04228084 -22.32371105 -0.00463429
Se -53.20391240 -19.53598727  2.88332502
Se -47.54531690 -30.70256711 -2.88770918
Cd -50.37574849 -27.91163080 -0.00525529
Se -47.55457656 -25.11956065  2.88285258
Se -41.91223270 -36.29842371 -2.88867294
Cd -44.73075901 -33.50181822 -0.00567995
Se -41.92130339 -30.70634656  2.88345730
Se -36.29842371 -41.91223270 -2.88867294
Cd -39.10693447 -39.10693447 -0.00615038
Se -36.30522672 -36.30522672  2.88251243
Se -30.70256711 -47.54531690 -2.88770918
Cd -33.50181822 -44.73075901 -0.00567995
Se -30.70634656 -41.92130339  2.88345730
Se -25.11313558 -53.19767630 -2.88712337
Cd -27.91163080 -50.37574849 -0.00525529
Se -25.11956065 -47.55457656  2.88285258
Cd -22.32371105 -56.04228084 -0.00463429
Se -19.53598727 -53.20391240  2.88332502
Se -53.20750288 -13.94727384 -2.88814382
Cd -56.04832796 -11.15735798 -0.00230603
Se -53.20599110 -8.37180738  2.88587615
Se -47.55778909 -19.53390857 -2.88940993
Cd -50.38557506 -16.74391712 -0.00390880
Se -47.56062368 -13.95500282  2.88496908
Se -41.92357106 -25.11767092 -2.89462558
Cd -44.74323120 -22.32975817 -0.00625316
Se -41.93094099 -19.54071158  2.88574387
Se -36.30579364 -30.70521273 -2.89783811
Cd -39.11657207 -27.91503230 -0.00794530
Se -36.31448638 -25.12258421  2.88621630
Se -30.70521273 -36.30579364 -2.89783811
Cd -33.50767637 -33.50767637 -0.00911084
Se -30.71182677 -30.71182677  2.88646196
Se -25.11767092 -41.92357106 -2.89462558
Cd -27.91503230 -39.11657207 -0.00794530
Se -25.12258421 -36.31448638  2.88621630
Se -19.53390857 -47.55778909 -2.88940993
Cd -22.32975817 -44.74323120 -0.00625316
Se -19.54071158 -41.93094099  2.88574387
Se -13.94727384 -53.20750288 -2.88814382
Cd -16.74391712 -50.38557506 -0.00390880
Se -13.95500282 -47.56062368  2.88496908
Cd -11.15735798 -56.04832796 -0.00230603
Se -8.37180738 -53.20599110  2.88587615
Se -53.20769185 -2.78568287 -2.88871074
Cd -56.04946179 -0.00000000 -0.00000000
Se -53.20769185  2.78568287  2.88871074
Se -47.56440313 -8.36821690 -2.88920206
Cd -50.38916554 -5.57917032 -0.00135011
Se -47.56175752 -2.79346855  2.88823830
Se -41.93528736 -13.95254617 -2.89379410
Cd -44.75041216 -11.16278149 -0.00337269
Se -41.93339763 -8.37536007  2.88835169
Se -36.31694302 -19.53749905 -2.89815937
Cd -39.12677659 -16.74864144 -0.00615350
Se -36.31958864 -13.95910352  2.88778477
Se -30.71144882 -25.12031654 -2.90343170
Cd -33.51561322 -22.33297071 -0.00882101
Se -30.71787389 -19.54297926  2.88752021
Se -25.12031654 -30.71144882 -2.90343170
Cd -27.91937867 -27.91937867 -0.01019500
Se -25.12711955 -25.12711955  2.88831389
Se -19.53749905 -36.31694302 -2.89815937
Cd -22.33297071 -33.51561322 -0.00882101
Se -19.54297926 -30.71787389  2.88752021
Se -13.95254617 -41.93528736 -2.89379410
Cd -16.74864144 -39.12677659 -0.00615350
Se -13.95910352 -36.31958864  2.88778477
Se -8.36821690 -47.56440313 -2.88920206
Cd -11.16278149 -44.75041216 -0.00337269
Se -8.37536007 -41.93339763  2.88835169
Se -2.78568287 -53.20769185 -2.88871074
Cd -5.57917032 -50.38916554 -0.00135011
Se -2.79346855 -47.56175752  2.88823830
Cd -0.00000000 -56.04946179 -0.00000000
Se  2.78568287 -53.20769185  2.88871074
Se -53.20599110  8.37180738 -2.88587615
Cd -56.04832796  11.15735798  0.00230601
Se -53.20750288  13.94727384  2.88814382
Se -47.56175752  2.79346855 -2.88823830
Cd -50.38916554  5.57917032  0.00135010
Se -47.56440313  8.36821690  2.88920206
Se -41.93623222 -2.78834739 -2.89235791
Cd -44.75116805 -0.00000000 -0.00000000
Se -41.93623222  2.78834739  2.89235791
Se -36.32506884 -8.37159951 -2.89668538
Cd -39.13055605 -5.58230726 -0.00208289
Se -36.32317912 -2.79503702  2.89417204
Se -30.72127540 -13.95468156 -2.90148528
Cd -33.52222726 -11.16591844 -0.00550572
Se -30.72070848 -8.37700413  2.89213114
Se -25.12730852 -19.53976672 -2.90483010
Cd -27.92561477 -16.75045557 -0.00846648
Se -25.12976517 -13.95961375  2.88990126
Se -19.53976672 -25.12730852 -2.90483010
Cd -22.33637221 -22.33637221 -0.00989358
Se -19.54449104 -19.54449104  2.88778477
Se -13.95468156 -30.72127540 -2.90148528
Cd -16.75045557 -27.92561477 -0.00846648
Se -13.95961375 -25.12976517  2.88990126
Se -8.37159951 -36.32506884 -2.89668538
Cd -11.16591844 -33.52222726 -0.00550572
Se -8.37700413 -30.72070848  2.89213114
Se -2.78834739 -41.93623222 -2.89235791
Cd -5.58230726 -39.13055605 -0.00208289
Se -2.79503702 -36.32317912  2.89417204
Se  2.79346855 -47.56175752 -2.88823830
Cd -0.00000000 -44.75116805 -0.00000000
Se  2.78834739 -41.93623222  2.89235791
Se  8.37180738 -53.20599110 -2.88587615
Cd  5.57917032 -50.38916554  0.00135010
Se  8.36821690 -47.56440313  2.88920206
Cd  11.15735798 -56.04832796  0.00230601
Se  13.94727384 -53.20750288  2.88814382
Se -53.20391240  19.53598727 -2.88332502
Cd -56.04228084  22.32371105  0.00463427
Se -53.19767630  25.11313558  2.88712337
Se -47.56062368  13.95500282 -2.88496908
Cd -50.38557506  16.74391712  0.00390880
Se -47.55778909  19.53390857  2.88940993
Se -41.93339763  8.37536007 -2.88835169
Cd -44.75041216  11.16278149  0.00337269
Se -41.93528736  13.95254617  2.89379410
Se -36.32317912  2.79503702 -2.89417204
Cd -39.13055605  5.58230726  0.00208289
Se -36.32506884  8.37159951  2.89668538
Se -30.72581074 -2.78847967 -2.89976563
Cd -33.52543979 -0.00000000 -0.00000000
Se -30.72581074  2.78847967  2.89976563
Se -25.13562332 -8.36955861 -2.90250573
Cd -27.93166189 -5.58149468 -0.00367125
Se -25.13543435 -2.79454569  2.89781921
Se -19.54675871 -13.95643901 -2.90373406
Cd -22.34185242 -11.16501137 -0.00737090
Se -19.54770357 -8.37479315  2.89180989
Se -13.95643901 -19.54675871 -2.90373406
Cd -16.75308229 -16.75308229 -0.00918889
Se -13.95991610 -13.95991610  2.88954221
Se -8.36955861 -25.13562332 -2.90250573
Cd -11.16501137 -22.34185242 -0.00737090
Se -8.37479315 -19.54770357  2.89180989
Se -2.78847967 -30.72581074 -2.89976563
Cd -5.58149468 -27.93166189 -0.00367125
Se -2.79454569 -25.13543435  2.89781921
Se  2.79503702 -36.32317912 -2.89417204
Cd -0.00000000 -33.52543979 -0.00000000
Se  2.78847967 -30.72581074  2.89976563
Se  8.37536007 -41.93339763 -2.88835169
Cd  5.58230726 -39.13055605  0.00208289
Se  8.37159951 -36.32506884  2.89668538
Se  13.95500282 -47.56062368 -2.88496908
Cd  11.16278149 -44.75041216  0.00337269
Se  13.95254617 -41.93528736  2.89379410
Se  19.53598727 -53.20391240 -2.88332502
Cd  16.74391712 -50.38557506  0.00390880
Se  19.53390857 -47.55778909  2.88940993
Cd  22.32371105 -56.04228084  0.00463427
Se  25.11313558 -53.19767630  2.88712337
Se -53.19238507  30.70388992 -2.88275810
Cd -56.02791892  33.49860568  0.00040775
Se -53.18123569  36.29332145  2.87737238
Se -47.55457656  25.11956065 -2.88285258
Cd -50.37574849  27.91163080  0.00525529
Se -47.54531690  30.70256711  2.88770918
Se -41.93094099  19.54071158 -2.88574387
Cd -44.74323120  22.32975817  0.00625314
Se -41.92357106  25.11767092  2.89462558
Se -36.31958864  13.95910352 -2.88778477
Cd -39.12677659  16.74864144  0.00615350
Se -36.31694302  19.53749905  2.89815937
Se -30.72070848  8.37700413 -2.89213114
Cd -33.52222726  11.16591844  0.00550572
Se -30.72127540  13.95468156  2.90148528
Se -25.13543435  2.79454569 -2.89781921
Cd -27.93166189  5.58149468  0.00367125
Se -25.13562332  8.36955861  2.90250573
Se -19.55148302 -2.78897100 -2.90078608
Cd -22.34544290 -0.00000000 -0.00000000
Se -19.55148302  2.78897100  2.90078608
Se -13.96354438 -8.37466087 -2.90188213
Cd -16.75778771 -5.58219388 -0.00508896
Se -13.96435696 -2.79244809  2.89643971
Se -8.37466087 -13.96354438 -2.90188213
Cd -11.16871523 -11.16871523 -0.00752616
Se -8.37649390 -8.37649390  2.89301931
Se -2.78897100 -19.55148302 -2.90078608
Cd -5.58219388 -16.75778771 -0.00508896
Se -2.79244809 -13.96435696  2.89643971
Se  2.79454569 -25.13543435 -2.89781921
Cd -0.00000000 -22.34544290 -0.00000000
Se  2.78897100 -19.55148302  2.90078608
Se  8.37700413 -30.72070848 -2.89213114
Cd  5.58149468 -27.93166189  0.00367125
Se  8.36955861 -25.13562332  2.90250573
Se  13.95910352 -36.31958864 -2.88778477
Cd  11.16591844 -33.52222726  0.00550572
Se  13.95468156 -30.72127540  2.90148528
Se  19.54071158 -41.93094099 -2.88574387
Cd  16.74864144 -39.12677659  0.00615350
Se  19.53749905 -36.31694302  2.89815937
Se  25.11956065 -47.55457656 -2.88285258
Cd  22.32975817 -44.74323120  0.00625314
Se  25.11767092 -41.92357106  2.89462558
Se  30.70388992 -53.19238507 -2.88275810
Cd  27.91163080 -50.37574849  0.00525529
Se  30.70256711 -47.54531690  2.88770918
Cd  33.49860568 -56.02791892  0.00040775
Se  36.29332145 -53.18123569  2.87737238
Se -53.16989733  41.89919359 -2.88676432
Cd -56.00184070  44.70524771 -0.00866245
Se -53.15874795  47.51338053  2.86355848
Se -47.53889183  36.29766782 -2.88253133
Cd -50.35741814  39.09899762  0.00013407
Se -47.52830937  41.90146126  2.87742907
Se -41.92130339  30.70634656 -2.88345730
Cd -44.73075901  33.50181822  0.00567995
Se -41.91223270  36.29842371  2.88867294
Se -36.31448638  25.12258421 -2.88621630
Cd -39.11657207  27.91503230  0.00794530
Se -36.30579364  30.70521273  2.89783811
Se -30.71787389  19.54297926 -2.88752021
Cd -33.51561322  22.33297071  0.00882100
Se -30.71144882  25.12031654  2.90343170
Se -25.12976517  13.95961375 -2.88990126
Cd -27.92561477  16.75045557  0.00846646
Se -25.12730852  19.53976672  2.90483010
Se -19.54770357  8.37479315 -2.89180989
Cd -22.34185242  11.16501137  0.00737090
Se -19.54675871  13.95643901  2.90373406
Se -13.96435696  2.79244809 -2.89643971
Cd -16.75778771  5.58219388  0.00508896
Se -13.96354438  8.37466087  2.90188213
Se -8.37823245 -2.79346855 -2.89929320
Cd -11.17111518 -0.00000000 -0.00000000
Se -8.37823245  2.79346855  2.89929320
Se -2.79346855 -8.37823245 -2.89929320
Cd -5.58465052 -5.58465052 -0.00213235
Se -2.79301501 -2.79301501  2.89834834
Se  2.79244809 -13.96435696 -2.89643971
Cd -0.00000000 -11.17111518 -0.00000000
Se  2.79346855 -8.37823245  2.89929320
Se  8.37479315 -19.54770357 -2.89180989
Cd  5.58219388 -16.75778771  0.00508896
Se  8.37466087 -13.96354438  2.90188213
Se  13.95961375 -25.12976517 -2.88990126
Cd  11.16501137 -22.34185242  0.00737090
Se  13.95643901 -19.54675871  2.90373406
Se  19.54297926 -30.71787389 -2.88752021
Cd  16.75045557 -27.92561477  0.00846648
Se  19.53976672 -25.12730852  2.90483010
Se  25.12258421 -36.31448638 -2.88621630
Cd  22.33297071 -33.51561322  0.00882100
Se  25.12031654 -30.71144882  2.90343170
Se  30.70634656 -41.92130339 -2.88345730
Cd  27.91503230 -39.11657207  0.00794530
Se  30.70521273 -36.30579364  2.89783811
Se  36.29766782 -47.53889183 -2.88253133
Cd  33.50181822 -44.73075901  0.00567995
Se  36.29842371 -41.91223270  2.88867294
Se  41.89919359 -53.16989733 -2.88676432
Cd  39.09899762 -50.35741814  0.00013407
Se  41.90146126 -47.52830937  2.87742907
Cd  44.70524771 -56.00184070 -0.00866245
Se  47.51338053 -53.15874795  2.86355848
Se -53.14363014  53.14363014 -2.89747906
Se -47.51980560  47.51980560 -2.88540371
Cd -50.33587527  50.33587527 -0.00826273
Se -47.51338053  53.15874795  2.86355848
Se -41.90845325  41.90845325 -2.88268251
Cd -44.71583018  44.71583018  0.00134607
Se -41.90146126  47.52830937  2.87742907
Se -36.30522672  36.30522672 -2.88251243
Cd -39.10693447  39.10693447  0.00615038
Se -36.29842371  41.91223270  2.88867294
Se -30.71182677  30.71182677 -2.88646196
Cd -33.50767637  33.50767637  0.00911084
Se -30.70521273  36.30579364  2.89783811
Se -25.12711955  25.12711955 -2.88831389
Cd -27.91937867  27.91937867  0.01019498
Se -25.12031654  30.71144882  2.90343170
Se -19.54449104  19.54449104 -2.88778477
Cd -22.33637221  22.33637221  0.00989358
Se -19.53976672  25.12730852  2.90483010
Se -13.95991610  13.95991610 -2.88954221
Cd -16.75308229  16.75308229  0.00918889
Se -13.95643901  19.54675871  2.90373406
Se -8.37649390  8.37649390 -2.89301931
Cd -11.16871523  11.16871523  0.00752616
Se -8.37466087  13.96354438  2.90188213
Se -2.79301501  2.79301501 -2.89834834
Cd -5.58465052  5.58465052  0.00213235
Se -2.79346855  8.37823245  2.89929320
Se  2.79301501 -2.79301501 -2.89834834
Cd -0.00000000 -0.00000000  0.00000000
Se  2.79301501  2.79301501  2.89834834
Se  8.37649390 -8.37649390 -2.89301931
Cd  5.58465052 -5.58465052  0.00213235
Se  8.37823245 -2.79346855  2.89929320
Se  13.95991610 -13.95991610 -2.88954221
Cd  11.16871523 -11.16871523  0.00752616
Se  13.96354438 -8.37466087  2.90188213
Se  19.54449104 -19.54449104 -2.88778477
Cd  16.75308229 -16.75308229  0.00918889
Se  19.54675871 -13.95643901  2.90373406
Se  25.12711955 -25.12711955 -2.88831389
Cd  22.33637221 -22.33637221  0.00989358
Se  25.12730852 -19.53976672  2.90483010
Se  30.71182677 -30.71182677 -2.88646196
Cd  27.91937867 -27.91937867  0.01019498
Se  30.71144882 -25.12031654  2.90343170
Se  36.30522672 -36.30522672 -2.88251243
Cd  33.50767637 -33.50767637  0.00911084
Se  36.30579364 -30.70521273  2.89783811
Se  41.90845325 -41.90845325 -2.88268251
Cd  39.10693447 -39.10693447  0.00615038
Se  41.91223270 -36.29842371  2.88867294
Se  47.51980560 -47.51980560 -2.88540371
Cd  44.71583018 -44.71583018  0.00134607
Se  47.52830937 -41.90146126  2.87742907
Se  53.14363014 -53.14363014 -2.89747906
Cd  50.33587527 -50.33587527 -0.00826273
Se  53.15874795 -47.51338053  2.86355848
Se -41.89919359  53.16989733 -2.88676432
Cd -44.70524771  56.00184070 -0.00866245
Se -36.29766782  47.53889183 -2.88253133
Cd -39.09899762  50.35741814  0.00013407
Se -36.29332145  53.18123569  2.87737238
Se -30.70634656  41.92130339 -2.88345730
Cd -33.50181822  44.73075901  0.00567995
Se -30.70256711  47.54531690  2.88770918
Se -25.12258421  36.31448638 -2.88621630
Cd -27.91503230  39.11657207  0.00794530
Se -25.11767092  41.92357106  2.89462558
Se -19.54297926  30.71787389 -2.88752021
Cd -22.33297071  33.51561322  0.00882100
Se -19.53749905  36.31694302  2.89815937
Se -13.95961375  25.12976517 -2.88990126
Cd -16.75045557  27.92561477  0.00846648
Se -13.95468156  30.72127540  2.90148528
Se -8.37479315  19.54770357 -2.89180989
Cd -11.16501137  22.34185242  0.00737090
Se -8.36955861  25.13562332  2.90250573
Se -2.79244809  13.96435696 -2.89643971
Cd -5.58219388  16.75778771  0.00508896
Se -2.78897100  19.55148302  2.90078608
Se  2.79346855  8.37823245 -2.89929320
Cd -0.00000000  11.17111518  0.00000000
Se  2.79244809  13.96435696  2.89643971
Se  8.37823245  2.79346855 -2.89929320
Cd  5.58465052  5.58465052 -0.00213235
Se  8.37649390  8.37649390  2.89301931
Se  13.96435696 -2.79244809 -2.89643971
Cd  11.17111518  0.00000000  0.00000000
Se  13.96435696  2.79244809  2.89643971
Se  19.54770357 -8.37479315 -2.89180989
Cd  16.75778771 -5.58219388  0.00508896
Se  19.55148302 -2.78897100  2.90078608
Se  25.12976517 -13.95961375 -2.88990126
Cd  22.34185242 -11.16501137  0.00737090
Se  25.13562332 -8.36955861  2.90250573
Se  30.71787389 -19.54297926 -2.88752021
Cd  27.92561477 -16.75045557  0.00846648
Se  30.72127540 -13.95468156  2.90148528
Se  36.31448638 -25.12258421 -2.88621630
Cd  33.51561322 -22.33297071  0.00882100
Se  36.31694302 -19.53749905  2.89815937
Se  41.92130339 -30.70634656 -2.88345730
Cd  39.11657207 -27.91503230  0.00794530
Se  41.92357106 -25.11767092  2.89462558
Se  47.53889183 -36.29766782 -2.88253133
Cd  44.73075901 -33.50181822  0.00567995
Se  47.54531690 -30.70256711  2.88770918
Se  53.16989733 -41.89919359 -2.88676432
Cd  50.35741814 -39.09899762  0.00013408
Se  53.18123569 -36.29332145  2.87737238
Cd  56.00184070 -44.70524771 -0.00866245
Se -30.70388992  53.19238507 -2.88275810
Cd -33.49860568  56.02791892  0.00040775
Se -25.11956065  47.55457656 -2.88285258
Cd -27.91163080  50.37574849  0.00525529
Se -25.11313558  53.19767630  2.88712337
Se -19.54071158  41.93094099 -2.88574387
Cd -22.32975817  44.74323120  0.00625314
Se -19.53390857  47.55778909  2.88940993
Se -13.95910352  36.31958864 -2.88778477
Cd -16.74864144  39.12677659  0.00615350
Se -13.95254617  41.93528736  2.89379410
Se -8.37700413  30.72070848 -2.89213114
Cd -11.16591844  33.52222726  0.00550572
Se -8.37159951  36.32506884  2.89668538
Se -2.79454569  25.13543435 -2.89781921
Cd -5.58149468  27.93166189  0.00367125
Se -2.78847967  30.72581074  2.89976563
Se  2.78897100  19.55148302 -2.90078608
Cd -0.00000000  22.34544290  0.00000000
Se  2.79454569  25.13543435  2.89781921
Se  8.37466087  13.96354438 -2.90188213
Cd  5.58219388  16.75778771 -0.00508896
Se  8.37479315  19.54770357  2.89180989
Se  13.96354438  8.37466087 -2.90188213
Cd  11.16871523  11.16871523 -0.00752616
Se  13.95991610  13.95991610  2.88954221
Se  19.55148302  2.78897100 -2.90078608
Cd  16.75778771  5.58219388 -0.00508896
Se  19.54770357  8.37479315  2.89180989
Se  25.13543435 -2.79454569 -2.89781921
Cd  22.34544290  0.00000000  0.00000000
Se  25.13543435  2.79454569  2.89781921
Se  30.72070848 -8.37700413 -2.89213114
Cd  27.93166189 -5.58149468  0.00367125
Se  30.72581074 -2.78847967  2.89976563
Se  36.31958864 -13.95910352 -2.88778477
Cd  33.52222726 -11.16591844  0.00550572
Se  36.32506884 -8.37159951  2.89668538
Se  41.93094099 -19.54071158 -2.88574387
Cd  39.12677659 -16.74864144  0.00615350
Se  41.93528736 -13.95254617  2.89379410
Se  47.55457656 -25.11956065 -2.88285258
Cd  44.74323120 -22.32975817  0.00625314
Se  47.55778909 -19.53390857  2.88940993
Se  53.19238507 -30.70388992 -2.88275810
Cd  50.37574849 -27.91163080  0.00525529
Se  53.19767630 -25.11313558  2.88712337
Cd  56.02791892 -33.49860568  0.00040775
Se -19.53598727  53.20391240 -2.88332502
Cd -22.32371105  56.04228084  0.00463427
Se -13.95500282  47.56062368 -2.88496908
Cd -16.74391712  50.38557506  0.00390880
Se -13.94727384  53.20750288  2.88814382
Se -8.37536007  41.93339763 -2.88835169
Cd -11.16278149  44.75041216  0.00337269
Se -8.36821690  47.56440313  2.88920206
Se -2.79503702  36.32317912 -2.89417204
Cd -5.58230726  39.13055605  0.00208289
Se -2.78834739  41.93623222  2.89235791
Se  2.78847967  30.72581074 -2.89976563
Cd -0.00000000  33.52543979  0.00000000
Se  2.79503702  36.32317912  2.89417204
Se  8.36955861  25.13562332 -2.90250573
Cd  5.58149468  27.93166189 -0.00367125
Se  8.37700413  30.72070848  2.89213114
Se  13.95643901  19.54675871 -2.90373406
Cd  11.16501137  22.34185242 -0.00737090
Se  13.95961375  25.12976517  2.88990126
Se  19.54675871  13.95643901 -2.90373406
Cd  16.75308229  16.75308229 -0.00918889
Se  19.54449104  19.54449104  2.88778477
Se  25.13562332  8.36955861 -2.90250573
Cd  22.34185242  11.16501137 -0.00737090
Se  25.12976517  13.95961375  2.88990126
Se  30.72581074  2.78847967 -2.89976563
Cd  27.93166189  5.58149468 -0.00367125
Se  30.72070848  8.37700413  2.89213114
Se  36.32317912 -2.79503702 -2.89417204
Cd  33.52543979  0.00000000  0.00000000
Se  36.32317912  2.79503702  2.89417204
Se  41.93339763 -8.37536007 -2.88835169
Cd  39.13055605 -5.58230726  0.00208289
Se  41.93623222 -2.78834739  2.89235791
Se  47.56062368 -13.95500282 -2.88496908
Cd  44.75041216 -11.16278149  0.00337269
Se  47.56440313 -8.36821690  2.88920206
Se  53.20391240 -19.53598727 -2.88332502
Cd  50.38557506 -16.74391712  0.00390880
Se  53.20750288 -13.94727384  2.88814382
Cd  56.04228084 -22.32371105  0.00463427
Se -8.37180738  53.20599110 -2.88587615
Cd -11.15735798  56.04832796  0.00230603
Se -2.79346855  47.56175752 -2.88823830
Cd -5.57917032  50.38916554  0.00135010
Se -2.78568287  53.20769185  2.88871074
Se  2.78834739  41.93623222 -2.89235791
Cd -0.00000000  44.75116805  0.00000000
Se  2.79346855  47.56175752  2.88823830
Se  8.37159951  36.32506884 -2.89668538
Cd  5.58230726  39.13055605 -0.00208289
Se  8.37536007  41.93339763  2.88835169
Se  13.95468156  30.72127540 -2.90148528
Cd  11.16591844  33.52222726 -0.00550572
Se  13.95910352  36.31958864  2.88778477
Se  19.53976672  25.12730852 -2.90483010
Cd  16.75045557  27.92561477 -0.00846646
Se  19.54297926  30.71787389  2.88752021
Se  25.12730852  19.53976672 -2.90483010
Cd  22.33637221  22.33637221 -0.00989357
Se  25.12711955  25.12711955  2.88831389
Se  30.72127540  13.95468156 -2.90148528
Cd  27.92561477  16.75045557 -0.00846646
Se  30.71787389  19.54297926  2.88752021
Se  36.32506884  8.37159951 -2.89668538
Cd  33.52222726  11.16591844 -0.00550572
Se  36.31958864  13.95910352  2.88778477
Se  41.93623222  2.78834739 -2.89235791
Cd  39.13055605  5.58230726 -0.00208289
Se  41.93339763  8.37536007  2.88835169
Se  47.56175752 -2.79346855 -2.88823830
Cd  44.75116805  0.00000000  0.00000000
Se  47.56175752  2.79346855  2.88823830
Se  53.20599110 -8.37180738 -2.88587615
Cd  50.38916554 -5.57917032  0.00135011
Se  53.20769185 -2.78568287  2.88871074
Cd  56.04832796 -11.15735798  0.00230603
Se  2.78568287  53.20769185 -2.88871074
Cd -0.00000000  56.04946179  0.00000000
Se  8.36821690  47.56440313 -2.88920206
Cd  5.57917032  50.38916554 -0.00135010
Se  8.37180738  53.20599110  2.88587615
Se  13.95254617  41.93528736 -2.89379410
Cd  11.16278149  44.75041216 -0.00337269
Se  13.95500282  47.56062368  2.88496908
Se  19.53749905  36.31694302 -2.89815937
Cd  16.74864144  39.12677659 -0.00615350
Se  19.54071158  41.93094099  2.88574387
Se  25.12031654  30.71144882 -2.90343170
Cd  22.33297071  33.51561322 -0.00882100
Se  25.12258421  36.31448638  2.88621630
Se  30.71144882  25.12031654 -2.90343170
Cd  27.91937867  27.91937867 -0.01019498
Se  30.71182677  30.71182677  2.88646196
Se  36.31694302  19.53749905 -2.89815937
Cd  33.51561322  22.33297071 -0.00882100
Se  36.31448638  25.12258421  2.88621630
Se  41.93528736  13.95254617 -2.89379410
Cd  39.12677659  16.74864144 -0.00615350
Se  41.93094099  19.54071158  2.88574387
Se  47.56440313  8.36821690 -2.88920206
Cd  44.75041216  11.16278149 -0.00337269
Se  47.56062368  13.95500282  2.88496908
Se  53.20769185  2.78568287 -2.88871074
Cd  50.38916554  5.57917032 -0.00135010
Se  53.20599110  8.37180738  2.88587615
Cd  56.04946179 -0.00000000  0.00000000
Se  13.94727384  53.20750288 -2.88814382
Cd  11.15735798  56.04832796 -0.00230601
Se  19.53390857  47.55778909 -2.88940993
Cd  16.74391712  50.38557506 -0.00390878
Se  19.53598727  53.20391240  2.88332502
Se  25.11767092  41.92357106 -2.89462558
Cd  22.32975817  44.74323120 -0.00625314
Se  25.11956065  47.55457656  2.88285258
Se  30.70521273  36.30579364 -2.89783811
Cd  27.91503230  39.11657207 -0.00794528
Se  30.70634656  41.92130339  2.88345730
Se  36.30579364  30.70521273 -2.89783811
Cd  33.50767637  33.50767637 -0.00911084
Se  36.30522672  36.30522672  2.88251243
Se  41.92357106  25.11767092 -2.89462558
Cd  39.11657207  27.91503230 -0.00794528
Se  41.92130339  30.70634656  2.88345730
Se  47.55778909  19.53390857 -2.88940993
Cd  44.74323120  22.32975817 -0.00625314
Se  47.55457656  25.11956065  2.88285258
Se  53.20750288  13.94727384 -2.88814382
Cd  50.38557506  16.74391712 -0.00390878
Se  53.20391240  19.53598727  2.88332502
Cd  56.04832796  11.15735798 -0.00230601
Se  25.11313558  53.19767630 -2.88712337
Cd  22.32371105  56.04228084 -0.00463427
Se  30.70256711  47.54531690 -2.88770918
Cd  27.91163080  50.37574849 -0.00525529
Se  30.70388992  53.19238507  2.88275810
Se  36.29842371  41.91223270 -2.88867294
Cd  33.50181822  44.73075901 -0.00567993
Se  36.29766782  47.53889183  2.88253133
Se  41.91223270  36.29842371 -2.88867294
Cd  39.10693447  39.10693447 -0.00615038
Se  41.90845325  41.90845325  2.88268251
Se  47.54531690  30.70256711 -2.88770918
Cd  44.73075901  33.50181822 -0.00567993
Se  47.53889183  36.29766782  2.88253133
Se  53.19767630  25.11313558 -2.88712337
Cd  50.37574849  27.91163080 -0.00525529
Se  53.19238507  30.70388992  2.88275810
Cd  56.04228084  22.32371105 -0.00463427
Se  36.29332145  53.18123569 -2.87737238
Cd  33.49860568  56.02791892 -0.00040774
Se  41.90146126  47.52830937 -2.87742907
Cd  39.09899762  50.35741814 -0.00013407
Se  41.89919359  53.16989733  2.88676432
Se  47.52830937  41.90146126 -2.87742907
Cd  44.71583018  44.71583018 -0.00134607
Se  47.51980560  47.51980560  2.88540371
Se  53.18123569  36.29332145 -2.87737238
Cd  50.35741814  39.09899762 -0.00013407
Se  53.16989733  41.89919359  2.88676432
Cd  56.02791892  33.49860568 -0.00040774
Se  47.51338053  53.15874795 -2.86355848
Cd  44.70524771  56.00184070  0.00866245
Se  53.15874795  47.51338053 -2.86355848
Cd  50.33587527  50.33587527  0.00826273
Se  53.14363014  53.14363014  2.89747906
Cd  56.00184070  44.70524771  0.00866245
P2 -53.99179586 -53.99179586  2.03476284
P1 -57.55109476 -46.24712239  1.59940320
P1 -57.56148825 -43.15983925 -1.57330406
P1 -46.24712239 -57.55109476  1.59940320
P1 -43.15983925 -57.56148825 -1.57330406
P1 -57.58018709 -35.03829773  1.58947008
P1 -57.58600744 -31.95860183 -1.58619933
P1 -35.03829773 -57.58018709  1.58947008
P1 -31.95860183 -57.58600744 -1.58619933
P1 -57.59756312 -23.86070078  1.58465796
P1 -57.59974575 -20.78495442 -1.59141680
P1 -23.86070078 -57.59756312  1.58465796
P1 -20.78495442 -57.59974575 -1.59141680
P1 -57.60350631 -12.69422299  1.58777398
P1 -57.60527320 -9.61916260 -1.59096151
P1 -12.69422299 -57.60350631  1.58777398
P1 -9.61916260 -57.60527320 -1.59096151
P1 -57.60526375 -1.53700013  1.59028757
P1 -57.60526375  1.53700013 -1.59028757
P1 -1.53700013 -57.60526375  1.59028757
P1  1.53700013 -57.60526375 -1.59028757
P1 -57.60527320  9.61916260  1.59096150
P1 -57.60350631  12.69422299 -1.58777399
P1  9.61916260 -57.60527320  1.59096150
P1  12.69422299 -57.60350631 -1.58777399
P1 -57.59974575  20.78495442  1.59141679
P1 -57.59756312  23.86070078 -1.58465796
P1  20.78495442 -57.59974575  1.59141679
P1  23.86070078 -57.59756312 -1.58465796
P1 -57.58600744  31.95860183  1.58619933
P1 -57.58018709  35.03829773 -1.58947008
P1  31.95860183 -57.58600744  1.58619933
P1  35.03829773 -57.58018709 -1.58947008
P1 -57.56148825  43.15983925  1.57330406
P1 -57.55109476  46.24712239 -1.59940320
P1  43.15983925 -57.56148825  1.57330406
P1  46.24712239 -57.55109476 -1.59940320
P2 -53.99179586  53.99179586 -2.03476284
P2  53.99179586 -53.99179586 -2.03476284
P1 -46.24712239  57.55109476 -1.59940320
P1 -43.15983925  57.56148825  1.57330406
P1  57.55109476 -46.24712239 -1.59940320
P1  57.56148825 -43.15983925  1.57330406
P1 -35.03829773  57.58018709 -1.58947008
P1 -31.95860183  57.58600744  1.58619933
P1  57.58018709 -35.03829773 -1.58947008
P1  57.58600744 -31.95860183  1.58619933
P1 -23.86070078  57.59756312 -1.58465796
P1 -20.78495442  57.59974575  1.59141679
P1  57.59756312 -23.86070078 -1.58465796
P1  57.59974575 -20.78495442  1.59141679
P1 -12.69422299  57.60350631 -1.58777398
P1 -9.61916260  57.60527320  1.59096151
P1  57.60350631 -12.69422299 -1.58777398
P1  57.60527320 -9.61916260  1.59096151
P1 -1.53700013  57.60526375 -1.59028757
P1  1.53700013  57.60526375  1.59028757
P1  57.60526375 -1.53700013 -1.59028757
P1  57.60526375  1.53700013  1.59028757
P1  9.61916260  57.60527320 -1.59096150
P1  12.69422299  57.60350631  1.58777399
P1  57.60527320  9.61916260 -1.59096150
P1  57.60350631  12.69422299  1.58777399
P1  20.78495442  57.59974575 -1.59141679
P1  23.86070078  57.59756312  1.58465796
P1  57.59974575  20.78495442 -1.59141679
P1  57.59756312  23.86070078  1.58465796
P1  31.95860183  57.58600744 -1.58619933
P1  35.03829773  57.58018709  1.58947008
P1  57.58600744  31.95860183 -1.58619933
P1  57.58018709  35.03829773  1.58947008
P1  43.15983925  57.56148825 -1.57330406
P1  46.24712239  57.55109476  1.59940320
P2  53.99179586  53.99179586  2.03476284
P1  57.56148825  43.15983925 -1.57330406
P1  57.55109476  46.24712239  1.59940320
