-43 5.31749732553357e-06
-42.2321428571429 7.96635942529536e-06
-41.4642857142857 1.77427737219857e-05
-40.6964285714286 4.14163055929391e-05
-39.9285714285714 9.42484423722521e-05
-39.1607142857143 0.000208366061795912
-38.3928571428571 0.000448780150091241
-37.625 0.000934108171094883
-36.8571428571429 0.00178875856897893
-36.0892857142857 0.00287453150515517
-35.3214285714286 0.00351612509320109
-34.5535714285714 0.00423102442550267
-33.7857142857143 0.00605411238230312
-33.0178571428571 0.0060853689950583
-32.25 0.00486250048026854
-31.4821428571429 0.00574994596158145
-30.7142857142857 0.00717491296531307
-29.9464285714286 0.00860805060131411
-29.1785714285714 0.0115875595950086
-28.4107142857143 0.0139304913184347
-27.6428571428572 0.0122789603682813
-26.875 0.00981423313441657
-26.1071428571429 0.0107134439651263
-25.3392857142857 0.0124579762675381
-24.5714285714286 0.0140050193024459
-23.8035714285714 0.0181838938602778
-23.0357142857143 0.0230290291318866
-22.2678571428572 0.0219241609913241
-21.5 0.0163922748700875
-20.7321428571429 0.015273330012844
-19.9642857142857 0.0164165528088884
-19.1964285714286 0.0166456436896261
-18.4285714285714 0.0192137279367984
-17.6607142857143 0.0258586321506781
-16.8928571428572 0.0269106817559679
-16.125 0.0204704490478
-15.3571428571429 0.0167200617197819
-14.5892857142857 0.0169060918571504
-13.8214285714286 0.016286598218185
-13.0535714285714 0.0166723100495549
-12.2857142857143 0.0222917528092091
-11.5178571428572 0.0251048185090222
-10.75 0.0206209769702876
-9.98214285714287 0.0155118700243726
-9.21428571428573 0.0140450015114006
-8.44642857142859 0.0126963283334894
-7.67857142857144 0.0116337571536329
-6.9107142857143 0.0139777441392
-6.14285714285716 0.0167684441580668
-5.37500000000001 0.0153343646794757
-4.60714285714287 0.0122992903234537
-3.83928571428573 0.0105607408330023
-3.07142857142859 0.00972243771635374
-2.30357142857144 0.00909308921960461
-1.5357142857143 0.00976493851204704
-0.767857142857157 0.0120882678367991
-1.37667655053519e-14 0.0128698465638389
0.767857142857129 0.0118758031635447
1.53571428571427 0.00965643574234828
2.30357142857142 0.00884465308904443
3.07142857142856 0.00918545138517882
3.8392857142857 0.00988373844900414
4.60714285714284 0.0114943293886743
5.37499999999999 0.0140738867480358
6.14285714285713 0.015371488968109
6.91071428571427 0.0130342175283244
7.67857142857141 0.0108077308654724
8.44642857142856 0.0116922743704675
9.2142857142857 0.0130277463173006
9.98214285714284 0.0144628621343544
10.75 0.0190848410971518
11.5178571428571 0.0233390088817683
12.2857142857143 0.020996208299571
13.0535714285714 0.0157112326387997
13.8214285714286 0.0153013786739717
14.5892857142857 0.0160284642944217
15.3571428571428 0.0160050598593496
16.125 0.0195787248827924
16.8928571428571 0.0258559837891368
17.6607142857143 0.0251089423661855
18.4285714285714 0.0186755529003712
19.1964285714286 0.0160844697230279
19.9642857142857 0.0159700180633638
20.7321428571428 0.0150069165781228
21.5 0.0161773404766115
22.2678571428571 0.0217310393759433
23.0357142857143 0.0230102640141987
23.8035714285714 0.0181642560613197
24.5714285714286 0.0138607592266063
25.3392857142857 0.0123505642285773
26.1071428571428 0.0107018025951128
26.875 0.0099109242986187
27.6428571428571 0.0124820436224351
28.4107142857143 0.0141608112246489
29.1785714285714 0.0117168248541343
29.9464285714286 0.00862049513289115
30.7142857142857 0.00714433382579029
31.4821428571428 0.00571315328519554
32.25 0.00489513397608162
33.0178571428571 0.00619629130759266
33.7857142857143 0.00613511324223348
34.5535714285714 0.00432600906846677
35.3214285714285 0.00358454914571057
36.0892857142857 0.00291410593731076
36.8571428571428 0.001816075074299
37.625 0.000948608321901136
38.3928571428571 0.000455218442737496
39.1607142857143 0.000211156007528619
39.9285714285714 9.54383533166917e-05
40.6964285714285 4.18723216025998e-05
41.4642857142857 1.78971954128965e-05
42.2321428571428 8.0124957287632e-06
