-43 8.40512700555116e-06
-42.2321428571429 1.21560666620892e-05
-41.4642857142857 2.23777542505973e-05
-40.6964285714286 4.56542784092373e-05
-39.9285714285714 9.59650502799188e-05
-39.1607142857143 0.000202438099086411
-38.3928571428571 0.000422779608533088
-37.625 0.000863777440255998
-36.8571428571429 0.0016522322762708
-36.0892857142857 0.00275389294132378
-35.3214285714286 0.00360289925129681
-34.5535714285714 0.00420562768726233
-33.7857142857143 0.00580857088491996
-33.0178571428571 0.00630522530882066
-32.25 0.0053791448497988
-31.4821428571429 0.00671364548039303
-30.7142857142857 0.00886917529442694
-29.9464285714286 0.0108859078285399
-29.1785714285714 0.0144187036678866
-28.4107142857143 0.0178568628269232
-27.6428571428572 0.0163416782212407
-26.875 0.0122315591163799
-26.1071428571429 0.0122853420048816
-25.3392857142857 0.0136134242089853
-24.5714285714286 0.0150307657366436
-23.8035714285714 0.0201376589751999
-23.0357142857143 0.025067884174384
-22.2678571428572 0.0226173077082752
-21.5 0.016365511737002
-20.7321428571429 0.0142992121736613
-19.9642857142857 0.0137513541397965
-19.1964285714286 0.0130978374213775
-18.4285714285714 0.0153174152642869
-17.6607142857143 0.0190234970168022
-16.8928571428572 0.0184101100980418
-16.125 0.0147605487243793
-15.3571428571429 0.0122400140187352
-14.5892857142857 0.0116595140957785
-13.8214285714286 0.0114368926249474
-13.0535714285714 0.01235346211131
-12.2857142857143 0.0154995746601552
-11.5178571428572 0.0173711770118207
-10.75 0.0161839522133692
-9.98214285714287 0.0127148688842197
-9.21428571428573 0.0114707581184393
-8.44642857142859 0.0115129066145049
-7.67857142857144 0.011662642097804
-6.9107142857143 0.0136479384879853
-6.14285714285716 0.0172856262389141
-5.37500000000001 0.0178904525326927
-4.60714285714287 0.0143455323142246
-3.83928571428573 0.0121657482407145
-3.07142857142859 0.0124632376337151
-2.30357142857144 0.0125763897103384
-1.5357142857143 0.0134052962371873
-0.767857142857157 0.0175716383233692
-1.37667655053519e-14 0.0200439480534581
0.767857142857129 0.0173570750361249
1.53571428571427 0.0133321067027571
2.30357142857142 0.0123845773924567
3.07142857142856 0.0120647197511097
3.8392857142857 0.0117694214827483
4.60714285714284 0.0138869825220353
5.37499999999999 0.0169493825166469
6.14285714285713 0.0164321524083893
6.91071428571427 0.0133781533722433
7.67857142857141 0.0116500462171071
8.44642857142856 0.0118147200690968
9.2142857142857 0.0122296529050797
9.98214285714284 0.0136414235361216
10.75 0.0173521367643805
11.5178571428571 0.0196051389070176
12.2857142857143 0.0179046431618791
13.0535714285714 0.0140426715536878
13.8214285714286 0.0136104914902619
14.5892857142857 0.014512594380395
15.3571428571428 0.0150522292567107
16.125 0.0182891351864699
16.8928571428571 0.0242828020352741
17.6607142857143 0.0247515819545397
18.4285714285714 0.0187895219440224
19.1964285714286 0.0160644702194465
19.9642857142857 0.0165638085083797
20.7321428571428 0.0161656500503528
21.5 0.017714130723794
22.2678571428571 0.0247366005139068
23.0357142857143 0.0268183977445072
23.8035714285714 0.0206325865236682
24.5714285714286 0.0154986151126303
25.3392857142857 0.0140020710312052
26.1071428571428 0.0120501262050503
26.875 0.0114459672287156
27.6428571428571 0.0150055114778126
28.4107142857143 0.0158999519323551
29.1785714285714 0.0124585259588332
29.9464285714286 0.00957508395113602
30.7142857142857 0.00790296743528245
31.4821428571428 0.00570424006911572
32.25 0.00410191673021973
33.0178571428571 0.00436706192312918
33.7857142857143 0.00367036617809953
34.5535714285714 0.002599629769127
35.3214285714285 0.00246281663809793
36.0892857142857 0.0018242448746482
36.8571428571428 0.00102420100415297
37.625 0.000512235368452839
38.3928571428571 0.000244334716737512
39.1607142857143 0.000115258154953664
39.9285714285714 5.442338732909e-05
40.6964285714285 2.63366574537571e-05
41.4642857142857 1.37357871191946e-05
42.2321428571428 8.83630571764983e-06
