-43 8.82267789063936e-05
-42.2321428571429 9.97097465265609e-05
-41.4642857142857 0.000140349610860999
-40.6964285714286 0.00023226304880178
-39.9285714285714 0.000419581639725435
-39.1607142857143 0.00078721759854137
-38.3928571428571 0.00149409587059092
-37.625 0.00281554690165437
-36.8571428571429 0.00502625381590791
-36.0892857142857 0.00789911010437033
-35.3214285714286 0.0103236804809983
-34.5535714285714 0.013007597074305
-33.7857142857143 0.0164667411739619
-33.0178571428571 0.0148517903318468
-32.25 0.00949202301803048
-31.4821428571429 0.00821006258867669
-30.7142857142857 0.00976320711991949
-29.9464285714286 0.0147463465021961
-29.1785714285714 0.0186856680554642
-28.4107142857143 0.0160869779425799
-27.6428571428572 0.0125070848073246
-26.875 0.00899214029458277
-26.1071428571429 0.00574484727394528
-25.3392857142857 0.00542205826393898
-24.5714285714286 0.00852091156322768
-23.8035714285714 0.00882369339518375
-23.0357142857143 0.00723550006461635
-22.2678571428572 0.0118958038636935
-21.5 0.0114042509358566
-20.7321428571429 0.00820164220824898
-19.9642857142857 0.00944693097241164
-19.1964285714286 0.012603985601645
-18.4285714285714 0.017301789267076
-17.6607142857143 0.0250100025733865
-16.8928571428572 0.0275065525101558
-16.125 0.0205037810973444
-15.3571428571429 0.0141406682587536
-14.5892857142857 0.0122016555970244
-13.8214285714286 0.0116176616775546
-13.0535714285714 0.014854112162516
-12.2857142857143 0.0199605344452194
-11.5178571428572 0.0173498178863934
-10.75 0.0139785575217701
-9.98214285714287 0.0119715913437019
-9.21428571428573 0.00916886014677115
-8.44642857142859 0.00810756530694565
-7.67857142857144 0.0102351113310577
-6.9107142857143 0.0125399223849038
-6.14285714285716 0.0130486406855048
-5.37500000000001 0.0166681423302795
-4.60714285714287 0.0168282220037457
-3.83928571428573 0.0120250172565569
-3.07142857142859 0.011664414087158
-2.30357142857144 0.0137805948504996
-1.5357142857143 0.0173273827864698
-0.767857142857157 0.0260581478873615
-1.37667655053519e-14 0.0318478158780455
0.767857142857129 0.0260581410490707
1.53571428571427 0.0173273774436038
2.30357142857142 0.0137805867085059
3.07142857142856 0.0116644004191978
3.8392857142857 0.0120250023301276
4.60714285714284 0.0168282054917887
5.37499999999999 0.0166681123566446
6.14285714285713 0.0130486054156557
6.91071428571427 0.0125398973979408
7.67857142857141 0.0102350874016964
8.44642857142856 0.00810753467779359
9.2142857142857 0.00916882773222281
9.98214285714284 0.0119715578190078
10.75 0.01397850823348
11.5178571428571 0.0173497586691994
12.2857142857143 0.019960487993795
13.0535714285714 0.0148540748177989
13.8214285714286 0.0116176186127807
14.5892857142857 0.0122016087898118
15.3571428571428 0.0141406224857625
16.125 0.0205037283505811
16.8928571428571 0.0275064823522945
17.6607142857143 0.0250099292171562
18.4285714285714 0.0173017342699182
19.1964285714286 0.0126039364826431
19.9642857142857 0.00944687315441621
20.7321428571428 0.00820158118752876
21.5 0.0114041896579426
22.2678571428571 0.0118957160267244
23.0357142857143 0.00723537987061522
23.8035714285714 0.00882359646776389
24.5714285714286 0.00852085198690432
25.3392857142857 0.00542199634345309
26.1071428571428 0.00574478293233905
26.875 0.00899207899838957
27.6428571428571 0.0125069910378754
28.4107142857143 0.0160868560491145
29.1785714285714 0.0186855858690142
29.9464285714286 0.0147463010375752
30.7142857142857 0.00976315527457545
31.4821428571428 0.008210019755296
32.25 0.00949199223705643
33.0178571428571 0.0148517632207943
33.7857142857143 0.0164667460968822
34.5535714285714 0.0130076116042241
35.3214285714285 0.0103236721148076
36.0892857142857 0.00789909998753685
36.8571428571428 0.00502625216510236
37.625 0.00281554856963671
38.3928571428571 0.0014941002051518
39.1607142857143 0.000787224727222464
39.9285714285714 0.000419590889038311
40.6964285714285 0.000232271434725361
41.4642857142857 0.000140354601900995
42.2321428571428 9.97114485330167e-05
