-43 4.79130343881997e-06
-42.2321428571429 7.59965258862322e-06
-41.4642857142857 1.8430958358535e-05
-40.6964285714286 4.37534918399683e-05
-39.9285714285714 9.77915135809734e-05
-39.1607142857143 0.000209455146874855
-38.3928571428571 0.000435159865840239
-37.625 0.000880250001351148
-36.8571428571429 0.00167725230256525
-36.0892857142857 0.00280313825071602
-35.3214285714286 0.00363840071009775
-34.5535714285714 0.00424233879412468
-33.7857142857143 0.00598716175470059
-33.0178571428571 0.00638783478308216
-32.25 0.00559682900293863
-31.4821428571429 0.00728444764329874
-30.7142857142857 0.00961704822103367
-29.9464285714286 0.0118831789827187
-29.1785714285714 0.015830619323684
-28.4107142857143 0.0191238230218961
-27.6428571428572 0.0171271026992647
-26.875 0.0128952593278414
-26.1071428571429 0.012969999517925
-25.3392857142857 0.0141441893589295
-24.5714285714286 0.0153954996959093
-23.8035714285714 0.0205483928077194
-23.0357142857143 0.0254827006474476
-22.2678571428572 0.0229700863978612
-21.5 0.0167649153301818
-20.7321428571429 0.0147178065451581
-19.9642857142857 0.0140048455552182
-19.1964285714286 0.0130080046763074
-18.4285714285714 0.0145862462074454
-17.6607142857143 0.0174654564602657
-16.8928571428572 0.0169803591242262
-16.125 0.0142111217790657
-15.3571428571429 0.0118117886960172
-14.5892857142857 0.0113184777279823
-13.8214285714286 0.0114183201245872
-13.0535714285714 0.012304051662181
-12.2857142857143 0.0155460820422814
-11.5178571428572 0.0184313392792736
-10.75 0.017501881992403
-9.98214285714287 0.0133150789140204
-9.21428571428573 0.0117194561955638
-8.44642857142859 0.0113446693668936
-7.67857142857144 0.0109913887594852
-6.9107142857143 0.013116220282381
-6.14285714285716 0.0163267009418656
-5.37500000000001 0.0156013420339135
-4.60714285714287 0.0122699577848463
-3.83928571428573 0.0105539099168924
-3.07142857142859 0.0101072300862145
-2.30357142857144 0.00961123216077825
-1.5357142857143 0.0102557703116384
-0.767857142857157 0.0125133471990998
-1.37667655053519e-14 0.0129359165390309
0.767857142857129 0.0119491323147303
1.53571428571427 0.0100378738848659
2.30357142857142 0.00938007207495601
3.07142857142856 0.00965408360448137
3.8392857142857 0.010161911771111
4.60714285714284 0.0117442641189788
5.37499999999999 0.0142994358377984
6.14285714285713 0.0153369434596178
6.91071428571427 0.0130737667951375
7.67857142857141 0.0108989540080364
8.44642857142856 0.0115199445961205
9.2142857142857 0.0125109187554242
9.98214285714284 0.0145418625766665
10.75 0.0197781794943053
11.5178571428571 0.0220576151241379
12.2857142857143 0.0186172958597398
13.0535714285714 0.0142180135245252
13.8214285714286 0.0131201078797548
14.5892857142857 0.0126738412921239
15.3571428571428 0.0127615200649981
16.125 0.0154181321520941
16.8928571428571 0.0180152049272514
17.6607142857143 0.0177719296774007
18.4285714285714 0.0148380437201206
19.1964285714286 0.0131721550245469
19.9642857142857 0.0141644261491793
20.7321428571428 0.015160940169789
21.5 0.0171858834346751
22.2678571428571 0.0238449441699008
23.0357142857143 0.0279322529536684
23.8035714285714 0.0228749223767165
24.5714285714286 0.0165269132501359
25.3392857142857 0.0157020521565166
26.1071428571428 0.0152051517415697
26.875 0.0154423883843079
27.6428571428571 0.021010932562183
28.4107142857143 0.0243591237993714
29.1785714285714 0.0198878011473003
29.9464285714286 0.0144502353838775
30.7142857142857 0.0121111743791082
31.4821428571428 0.00952683887889824
32.25 0.00744245830589647
33.0178571428571 0.00834391191004022
33.7857142857143 0.00766218455290407
34.5535714285714 0.0054893991369246
35.3214285714285 0.00473042759550166
36.0892857142857 0.00355620816098055
36.8571428571428 0.00208727098061644
37.625 0.00107982865639496
38.3928571428571 0.000523905883289247
39.1607142857143 0.000246186476629573
39.9285714285714 0.000112366331165912
40.6964285714285 4.95873180055639e-05
41.4642857142857 2.07759243856898e-05
42.2321428571428 8.43381365329009e-06
