-43 6.97363277653133e-07
-42.2321428571429 1.91431565910256e-06
-41.4642857142857 6.43632023858287e-06
-40.6964285714286 1.75532312189067e-05
-39.9285714285714 4.30860275582932e-05
-39.1607142857143 0.000100625252827789
-38.3928571428571 0.000227649155017868
-37.625 0.00050058840374794
-36.8571428571429 0.00103565212771293
-36.0892857142857 0.00187801531970948
-35.3214285714286 0.00248250001998407
-34.5535714285714 0.00240023920293696
-33.7857142857143 0.00353587333056948
-33.0178571428571 0.00455915368752002
-32.25 0.00401673796203795
-31.4821428571429 0.00523570514611255
-30.7142857142857 0.00731008592179531
-29.9464285714286 0.00867362959573997
-29.1785714285714 0.0107743457709393
-28.4107142857143 0.0143479696485383
-27.6428571428572 0.0144872219782078
-26.875 0.0110863774569569
-26.1071428571429 0.0117033128355894
-25.3392857142857 0.0140750077681288
-24.5714285714286 0.0154349025893732
-23.8035714285714 0.019519546960972
-23.0357142857143 0.0264514295848598
-22.2678571428572 0.0261214937873331
-21.5 0.0190293368735439
-20.7321428571429 0.0177992922832065
-19.9642857142857 0.0195271425038617
-19.1964285714286 0.0194849629432396
-18.4285714285714 0.0220997972600972
-17.6607142857143 0.0308250394824368
-16.8928571428572 0.0321401753908483
-16.125 0.0235474019498031
-15.3571428571429 0.0191466401534769
-14.5892857142857 0.0192547356310817
-13.8214285714286 0.0177931957758829
-13.0535714285714 0.0179005549270541
-12.2857142857143 0.0247502142220658
-11.5178571428572 0.0268024676857386
-10.75 0.0203858901236388
-9.98214285714287 0.0154416497896608
-9.21428571428573 0.0136359600965229
-8.44642857142859 0.0107546667890974
-7.67857142857144 0.00891384555006192
-6.9107142857143 0.0112489103634828
-6.14285714285716 0.0115614544497056
-5.37500000000001 0.00829717318866765
-4.60714285714287 0.00750849302556978
-3.83928571428573 0.00699575951666995
-3.07142857142859 0.00516876655077903
-2.30357142857144 0.00419537970603807
-1.5357142857143 0.00496199042761181
-0.767857142857157 0.00453027539263999
-1.37667655053519e-14 0.00286841722316872
0.767857142857129 0.00453027502545361
1.53571428571427 0.00496199025735364
2.30357142857142 0.00419537943054462
3.07142857142856 0.00516876590318973
3.8392857142857 0.00699575870850433
4.60714285714284 0.00750849216317987
5.37499999999999 0.00829717173352279
6.14285714285713 0.0115614526575487
6.91071428571427 0.0112489091431127
7.67857142857141 0.00891384457916948
8.44642857142856 0.0107546656205022
9.2142857142857 0.0136359589149136
9.98214285714284 0.0154416486022839
10.75 0.0203858882866953
11.5178571428571 0.0268024655176986
12.2857142857143 0.0247502127349635
13.0535714285714 0.0179005538993553
13.8214285714286 0.0177931948255164
14.5892857142857 0.0192547349861237
15.3571428571428 0.0191466397997508
16.125 0.023547401394728
16.8928571428571 0.0321401748154517
17.6607142857143 0.0308250394641949
18.4285714285714 0.0220997973170086
19.1964285714286 0.0194849629315048
19.9642857142857 0.0195271428319209
20.7321428571428 0.0177992929613368
21.5 0.0190293376319136
22.2678571428571 0.0261214949307316
23.0357142857143 0.026451431365204
23.8035714285714 0.0195195484683858
24.5714285714286 0.0154349035929384
25.3392857142857 0.0140750089277387
26.1071428571428 0.0117033142184007
26.875 0.0110863789760108
27.6428571428571 0.0144872241670385
28.4107142857143 0.0143479726229952
29.1785714285714 0.0107743483431867
29.9464285714286 0.00867363138206446
30.7142857142857 0.00731008748031568
31.4821428571428 0.00523570651505446
32.25 0.0040167389834644
33.0178571428571 0.00455915507810544
33.7857142857143 0.00353587524180224
34.5535714285714 0.0024002404871944
35.3214285714285 0.00248250082583042
36.0892857142857 0.00187801626163711
36.8571428571428 0.00103565316235511
37.625 0.000500589382931381
38.3928571428571 0.000227650078749489
39.1607142857143 0.000100626140926799
39.9285714285714 4.30868813279975e-05
40.6964285714285 1.75540145797171e-05
41.4642857142857 6.4369597320015e-06
42.2321428571428 1.91472899662026e-06
