-43 1.27112007424633e-05
-42.2321428571429 1.47662473654815e-05
-41.4642857142857 2.23235842011139e-05
-40.6964285714286 4.04728431489173e-05
-39.9285714285714 8.02601396083355e-05
-39.1607142857143 0.000164726267599094
-38.3928571428571 0.000340016824903339
-37.625 0.000687852805996438
-36.8571428571429 0.00128867512137558
-36.0892857142857 0.00205054080209213
-35.3214285714286 0.00261912351923891
-34.5535714285714 0.00334694734147553
-33.7857142857143 0.00452714683870191
-33.0178571428571 0.00434919891434941
-32.25 0.00371313053325795
-31.4821428571429 0.00465610518658909
-30.7142857142857 0.00592995638861757
-29.9464285714286 0.00728093648106012
-29.1785714285714 0.00985283306219854
-28.4107142857143 0.0117778965914798
-27.6428571428572 0.0103454489658096
-26.875 0.00819096534749495
-26.1071428571429 0.00881440806606399
-25.3392857142857 0.00998287067973321
-24.5714285714286 0.0111297411419311
-23.8035714285714 0.0153740805051908
-23.0357142857143 0.0194867064431494
-22.2678571428572 0.0172413271763038
-21.5 0.012301715495559
-20.7321428571429 0.0111514203812288
-19.9642857142857 0.0111080559578186
-19.1964285714286 0.0108177736471895
-18.4285714285714 0.0132268586300335
-17.6607142857143 0.0171972868007522
-16.8928571428572 0.0165960785295777
-16.125 0.0128375739993346
-15.3571428571429 0.0110335887441821
-14.5892857142857 0.0114414362654727
-13.8214285714286 0.0118751474331281
-13.0535714285714 0.012960278842675
-12.2857142857143 0.0172888906113853
-11.5178571428572 0.0213797153547502
-10.75 0.0196596824184507
-9.98214285714287 0.0149485138736588
-9.21428571428573 0.0150013588818139
-8.44642857142859 0.0162593987329908
-7.67857142857144 0.0158008679965059
-6.9107142857143 0.0179419133622342
-6.14285714285716 0.025805945871879
-5.37500000000001 0.0271665887890222
-4.60714285714287 0.0196887751354465
-3.83928571428573 0.0176260541441909
-3.07142857142859 0.0201027414217283
-2.30357142857144 0.020288334000137
-1.5357142857143 0.0201367312486763
-0.767857142857157 0.0284530188316511
-1.37667655053519e-14 0.0355044454321466
0.767857142857129 0.0284530198953646
1.53571428571427 0.0201367316383407
2.30357142857142 0.0202883344884127
3.07142857142856 0.0201027425863385
3.8392857142857 0.0176260553629882
4.60714285714284 0.0196887761338939
5.37499999999999 0.0271665909631396
6.14285714285713 0.0258059483384439
6.91071428571427 0.0179419145292388
7.67857142857141 0.0158008687441201
8.44642857142856 0.016259399391069
9.2142857142857 0.0150013590307741
9.98214285714284 0.0149485139704601
10.75 0.0196596829486474
11.5178571428571 0.0213797146607852
12.2857142857143 0.0172888890185165
13.0535714285714 0.0129602778772113
13.8214285714286 0.011875146100281
14.5892857142857 0.0114414342341803
15.3571428571428 0.0110335867756896
16.125 0.012837571629838
16.8928571428571 0.016596074323164
17.6607142857143 0.0171972829635514
18.4285714285714 0.0132268565741772
19.1964285714286 0.0108177717217096
19.9642857142857 0.0111080543476767
20.7321428571428 0.0111514196818959
21.5 0.012301715068216
22.2678571428571 0.0172413266978723
23.0357142857143 0.0194867071870566
23.8035714285714 0.0153740816501319
24.5714285714286 0.0111297416646003
25.3392857142857 0.00998287163654505
26.1071428571428 0.00881440967913007
26.875 0.00819096753035161
27.6428571428571 0.0103454524839443
28.4107142857143 0.011777900896359
29.1785714285714 0.00985283658977817
29.9464285714286 0.00728093920057912
30.7142857142857 0.00592995878001741
31.4821428571428 0.00465610694490515
32.25 0.00371313147187455
33.0178571428571 0.00434919933395458
33.7857142857143 0.00452714696965446
34.5535714285714 0.00334694721349357
35.3214285714285 0.00261912316845013
36.0892857142857 0.00205054034785881
36.8571428571428 0.00128867489109738
37.625 0.000687852707198387
38.3928571428571 0.000340017211608962
39.1607142857143 0.000164727270944915
39.9285714285714 8.02616974945555e-05
40.6964285714285 4.04743486884228e-05
41.4642857142857 2.23244651178676e-05
42.2321428571428 1.47665052213878e-05
