-43 8.36645924587465e-06
-42.2321428571429 1.0941372342292e-05
-41.4642857142857 1.97058033612589e-05
-40.6964285714286 4.05350228318672e-05
-39.9285714285714 8.66055881120002e-05
-39.1607142857143 0.000186377208606268
-38.3928571428571 0.000397203024860556
-37.625 0.000829015039293269
-36.8571428571429 0.001627325973639
-36.0892857142857 0.0027836100069729
-35.3214285714286 0.00356291074414975
-34.5535714285714 0.00384288682089822
-33.7857142857143 0.00557075974761533
-33.0178571428571 0.00634873535375514
-32.25 0.00532563485456279
-31.4821428571429 0.00655241427617594
-30.7142857142857 0.00854483705079568
-29.9464285714286 0.0102350607907809
-29.1785714285714 0.0135795895298759
-28.4107142857143 0.0168873498493275
-27.6428571428572 0.0153199095985479
-26.875 0.0115758583833967
-26.1071428571429 0.0119193324750228
-25.3392857142857 0.0133857434047279
-24.5714285714286 0.0147275479983756
-23.8035714285714 0.0194074363386252
-23.0357142857143 0.0245389875455259
-22.2678571428572 0.0227250241501299
-21.5 0.0167784753737878
-20.7321428571429 0.0155377939360506
-19.9642857142857 0.0161260853758155
-19.1964285714286 0.0159201241236109
-18.4285714285714 0.0184841747180666
-17.6607142857143 0.0245603362015355
-16.8928571428572 0.0249624894804649
-16.125 0.0190738177150358
-15.3571428571429 0.0155702923233723
-14.5892857142857 0.0151663809274815
-13.8214285714286 0.0141820891060111
-13.0535714285714 0.0145683344476292
-12.2857142857143 0.019436605045923
-11.5178571428572 0.0212313098719865
-10.75 0.0175166795550957
-9.98214285714287 0.0133873791421831
-9.21428571428573 0.0116192869905043
-8.44642857142859 0.0100460358260356
-7.67857142857144 0.00915834467270482
-6.9107142857143 0.0109063495092671
-6.14285714285716 0.0122205892932657
-5.37500000000001 0.0111953840744404
-4.60714285714287 0.009648904319854
-3.83928571428573 0.00826105773594117
-3.07142857142859 0.00746964231090336
-2.30357142857144 0.00727721561091967
-1.5357142857143 0.00809978685276053
-0.767857142857157 0.0095609971169236
-1.37667655053519e-14 0.0101293214964464
0.767857142857129 0.0100643826280797
1.53571428571427 0.00834862851609275
2.30357142857142 0.00767420170883133
3.07142857142856 0.00831914312039812
3.8392857142857 0.00926215474887333
4.60714285714284 0.0107158553990098
5.37499999999999 0.0131468475635463
6.14285714285713 0.0145413788126345
6.91071428571427 0.0123531499416511
7.67857142857141 0.0104303785578541
8.44642857142856 0.0116485023152663
9.2142857142857 0.0132317946084363
9.98214285714284 0.014938799044607
10.75 0.0197635998472019
11.5178571428571 0.0238935377999596
12.2857142857143 0.0214335571228799
13.0535714285714 0.0161807971925612
13.8214285714286 0.0159997845269241
14.5892857142857 0.0170133149654815
15.3571428571428 0.0171820987223248
16.125 0.0209424469419843
16.8928571428571 0.0277604522550496
17.6607142857143 0.0273550803397344
18.4285714285714 0.0204133671667192
19.1964285714286 0.0176308724956407
19.9642857142857 0.0179138426796852
20.7321428571428 0.0171770742592414
21.5 0.0187210515530937
22.2678571428571 0.0254967946772175
23.0357142857143 0.0270836702034137
23.8035714285714 0.021072537825817
24.5714285714286 0.0160103565683074
25.3392857142857 0.014424361962854
26.1071428571428 0.0125827025187239
26.875 0.01221687315437
27.6428571428571 0.0161282892508148
28.4107142857143 0.0171859898924457
29.1785714285714 0.0136533572631834
29.9464285714286 0.0105106168440625
30.7142857142857 0.00874410415550089
31.4821428571428 0.00654204728177351
32.25 0.00515578972768025
33.0178571428571 0.00599504091238244
33.7857142857143 0.00507711362372282
34.5535714285714 0.00342984501091951
35.3214285714285 0.00331094229048804
36.0892857142857 0.0025917059090937
36.8571428571428 0.00149448735974289
37.625 0.00075457300543079
38.3928571428571 0.000360273867682743
39.1607142857143 0.000168983051985647
39.9285714285714 7.86170650420006e-05
40.6964285714285 3.69390747365448e-05
41.4642857142857 1.81374656043863e-05
42.2321428571428 1.03490330245979e-05
