-43 4.45516864923313e-07
-42.2321428571429 6.95355426690737e-07
-41.4642857142857 1.79484326560794e-06
-40.6964285714286 4.47906947513688e-06
-39.9285714285714 1.04148900423224e-05
-39.1607142857143 2.30834687286868e-05
-38.3928571428571 4.95266357003281e-05
-37.625 0.000102961287263169
-36.8571428571429 0.000198853188503739
-36.0892857142857 0.00033046245370855
-35.3214285714286 0.000436192178620429
-34.5535714285714 0.000544437387218235
-33.7857142857143 0.000738935530313116
-33.0178571428571 0.000757935574470343
-32.25 0.000678944135180376
-31.4821428571429 0.000910340607670519
-30.7142857142857 0.0012750249379178
-29.9464285714286 0.00162707622246544
-29.1785714285714 0.00206676070667383
-28.4107142857143 0.00251937879835481
-27.6428571428572 0.00249157228728382
-26.875 0.00224723139885922
-26.1071428571429 0.00288715721431098
-25.3392857142857 0.0039995728011017
-24.5714285714286 0.00489981365760295
-23.8035714285714 0.00609505410415399
-23.0357142857143 0.00822928283525566
-22.2678571428572 0.00882668865034762
-21.5 0.00695381042826791
-20.7321428571429 0.00719054202133388
-19.9642857142857 0.00923254876880737
-19.1964285714286 0.010493742321967
-18.4285714285714 0.011873372717117
-17.6607142857143 0.0168107970896095
-16.8928571428572 0.019646084067578
-16.125 0.0152616543150614
-15.3571428571429 0.0126556272030119
-14.5892857142857 0.0151806664712922
-13.8214285714286 0.0169765614601173
-13.0535714285714 0.0177372755191732
-12.2857142857143 0.0242665518140267
-11.5178571428572 0.0316863501356205
-10.75 0.0273249060846682
-9.98214285714287 0.0192977814842384
-9.21428571428573 0.0197323401872948
-8.44642857142859 0.0212635765452633
-7.67857142857144 0.0203372958280057
-6.9107142857143 0.0235638887835614
-6.14285714285716 0.0338203049114777
-5.37500000000001 0.0343415310203289
-4.60714285714287 0.0241893841136138
-3.83928571428573 0.021086581381654
-3.07142857142859 0.0231934647484483
-2.30357142857144 0.0226904494023513
-1.5357142857143 0.022180297214034
-0.767857142857157 0.0309449471357782
-1.37667655053519e-14 0.0383538740034896
0.767857142857129 0.030893650505121
1.53571428571427 0.0221382437469637
2.30357142857142 0.0225751301920927
3.07142857142856 0.0229508945061887
3.8392857142857 0.0207609860099567
4.60714285714284 0.0237744167753318
5.37499999999999 0.0337600381527979
6.14285714285713 0.0331939971748694
6.91071428571427 0.0230969750843267
7.67857142857141 0.0200008129142732
8.44642857142856 0.020880802213092
9.2142857142857 0.0193164511770692
9.98214285714284 0.0186267386824665
10.75 0.0259541713140077
11.5178571428571 0.0304294259750525
12.2857142857143 0.0237373858778177
13.0535714285714 0.0175364894019313
13.8214285714286 0.0172417498334542
14.5892857142857 0.0161324571124406
15.3571428571428 0.0139061006976448
16.125 0.0164858446422443
16.8928571428571 0.0218149282764344
17.6607142857143 0.0195545042285693
18.4285714285714 0.0137876797507049
19.1964285714286 0.0121527567841638
19.9642857142857 0.0113450256139253
20.7321428571428 0.00953634550875322
21.5 0.00980575897470992
22.2678571428571 0.0129675772371491
23.0357142857143 0.0124789823565411
23.8035714285714 0.00917421021194981
24.5714285714286 0.00722082764560047
25.3392857142857 0.00600989879146963
26.1071428571428 0.00449308710259947
26.875 0.0038570645304645
27.6428571428571 0.00466093408691387
28.4107142857143 0.00437483433940102
29.1785714285714 0.00338034365205547
29.9464285714286 0.00282340449087267
30.7142857142857 0.0022469050549607
31.4821428571428 0.00152846997159515
32.25 0.00109359485584959
33.0178571428571 0.00115487971198993
33.7857142857143 0.000955100601825353
34.5535714285714 0.000674648874043115
35.3214285714285 0.000622430015398198
36.0892857142857 0.000465767794571752
36.8571428571428 0.000265824340926678
37.625 0.000133165497571884
38.3928571428571 6.28161466242043e-05
39.1607142857143 2.89342341599305e-05
39.9285714285714 1.2992831971549e-05
40.6964285714285 5.62505916813675e-06
41.4642857142857 2.2944131598441e-06
42.2321428571428 8.83506150931588e-07
