-43 2.99788092436692e-07
-42.2321428571429 2.05601130478606e-06
-41.4642857142857 8.23232047736666e-06
-40.6964285714286 2.34386682187608e-05
-39.9285714285714 5.86043270930957e-05
-39.1607142857143 0.000138262957166466
-38.3928571428571 0.000314412249992768
-37.625 0.000691607094587983
-36.8571428571429 0.00141808418382447
-36.0892857142857 0.00249358939840314
-35.3214285714286 0.00309444252092585
-34.5535714285714 0.0029396205762894
-33.7857142857143 0.0045323978691138
-33.0178571428571 0.0056856985553616
-32.25 0.00477947299577005
-31.4821428571429 0.00591928539392891
-30.7142857142857 0.00794670423804174
-29.9464285714286 0.00910676789828719
-29.1785714285714 0.0112653803982331
-28.4107142857143 0.0149428336467465
-27.6428571428572 0.0146923417352871
-26.875 0.0111470699229494
-26.1071428571429 0.0117255254742679
-25.3392857142857 0.0137601789545779
-24.5714285714286 0.0148180836376465
-23.8035714285714 0.0187688952448722
-23.0357142857143 0.0249170048956308
-22.2678571428572 0.0239486329154228
-21.5 0.0174734549268569
-20.7321428571429 0.0164068215095997
-19.9642857142857 0.0174921846383004
-19.1964285714286 0.0171494291659094
-18.4285714285714 0.0197638760293034
-17.6607142857143 0.0269832688944112
-16.8928571428572 0.0270914690170692
-16.125 0.0199582017241257
-15.3571428571429 0.0169069246262642
-14.5892857142857 0.0168913507697498
-13.8214285714286 0.0155028757493332
-13.0535714285714 0.0158087181209596
-12.2857142857143 0.021618030826214
-11.5178571428572 0.023012857457312
-10.75 0.0177879555244886
-9.98214285714287 0.0140866618401308
-9.21428571428573 0.0130461398991152
-8.44642857142859 0.0111078046451463
-7.67857142857144 0.0098217855108402
-6.9107142857143 0.0121941474550846
-6.14285714285716 0.0136083499720246
-5.37500000000001 0.0112116032755124
-4.60714285714287 0.00952860311067607
-3.83928571428573 0.0088479255399299
-3.07142857142859 0.00793250772069657
-2.30357142857144 0.00740888840814326
-1.5357142857143 0.00809316455682991
-0.767857142857157 0.00913713397287256
-1.37667655053519e-14 0.00936713996725698
0.767857142857129 0.00973023847427075
1.53571428571427 0.00832159630212634
2.30357142857142 0.00773578334375794
3.07142857142856 0.00876061398296841
3.8392857142857 0.00984200168024814
4.60714285714284 0.0104546906707936
5.37499999999999 0.0129338003796343
6.14285714285713 0.0158475257089985
6.91071428571427 0.0136258737123409
7.67857142857141 0.0109828952209297
8.44642857142856 0.0125816691109538
9.2142857142857 0.0145126788349821
9.98214285714284 0.0154633977223786
10.75 0.0199826319883728
11.5178571428571 0.0256711605524353
12.2857142857143 0.0233489842912599
13.0535714285714 0.0170372727123791
13.8214285714286 0.0168238954711088
14.5892857142857 0.0179498324377678
15.3571428571428 0.0176309474932065
16.125 0.0210733869541195
16.8928571428571 0.0285511447426434
17.6607142857143 0.0277931413744316
18.4285714285714 0.0201871183322857
19.1964285714286 0.0176781042069269
19.9642857142857 0.0177989371701407
20.7321428571428 0.0164185882305803
21.5 0.0175601888327757
22.2678571428571 0.0240971187357873
23.0357142857143 0.0246499228944765
23.8035714285714 0.0183293186940234
24.5714285714286 0.0145286961629877
25.3392857142857 0.0133954434489803
26.1071428571428 0.0112781073116541
26.875 0.0108090697968432
27.6428571428571 0.0142436040084376
28.4107142857143 0.0141854470376982
29.1785714285714 0.0105346904062933
29.9464285714286 0.00851460254719862
30.7142857142857 0.00735535029134801
31.4821428571428 0.00539666150084046
32.25 0.00443621092220059
33.0178571428571 0.0053320373140971
33.7857142857143 0.00415524941918365
34.5535714285714 0.00275983142248624
35.3214285714285 0.00289119980860447
36.0892857142857 0.00230301583741896
36.8571428571428 0.00131281781063502
37.625 0.000640066516820567
38.3928571428571 0.000290004151335479
39.1607142857143 0.000127110612805343
39.9285714285714 5.36137937978698e-05
40.6964285714285 2.11761043145146e-05
41.4642857142857 7.23485709126407e-06
42.2321428571428 1.68132650406055e-06
