-43 7.69951282919122e-06
-42.2321428571429 9.47791742780935e-06
-41.4642857142857 1.63287344599353e-05
-40.6964285714286 3.31633299651367e-05
-39.9285714285714 7.11759035484594e-05
-39.1607142857143 0.000154917245219526
-38.3928571428571 0.000335170198953196
-37.625 0.000711754314682565
-36.8571428571429 0.0014156086133121
-36.0892857142857 0.00242491700013883
-35.3214285714286 0.00304292621091762
-34.5535714285714 0.00314105906761275
-33.7857142857143 0.00466723367603662
-33.0178571428571 0.00560369916448362
-32.25 0.00472888568852806
-31.4821428571429 0.00585745065701026
-30.7142857142857 0.00789353473627198
-29.9464285714286 0.00939748730399263
-29.1785714285714 0.0120623299476241
-28.4107142857143 0.0156028511542496
-27.6428571428572 0.0149701453074813
-26.875 0.0113420794848175
-26.1071428571429 0.0118105638258559
-25.3392857142857 0.0137746870091134
-24.5714285714286 0.0153508127713859
-23.8035714285714 0.0203885887468808
-23.0357142857143 0.0265111446416299
-22.2678571428572 0.0247579538925917
-21.5 0.0179265269220869
-20.7321428571429 0.016370320285766
-19.9642857142857 0.0168404625536641
-19.1964285714286 0.0163951990220793
-18.4285714285714 0.0195128909375456
-17.6607142857143 0.0262548861746762
-16.8928571428572 0.0256885301272393
-16.125 0.0190418247189921
-15.3571428571429 0.0160487455418132
-14.5892857142857 0.0157052439729852
-13.8214285714286 0.0144268921830703
-13.0535714285714 0.0146916411441764
-12.2857142857143 0.0196080728218138
-11.5178571428572 0.0214212067207037
-10.75 0.017594168234071
-9.98214285714287 0.0137642112876761
-9.21428571428573 0.0126254928468869
-8.44642857142859 0.0113905061632094
-7.67857142857144 0.0103020544146069
-6.9107142857143 0.0120934986177046
-6.14285714285716 0.0146656442090444
-5.37500000000001 0.0136190058597559
-4.60714285714287 0.0109421277302913
-3.83928571428573 0.009652091212954
-3.07142857142859 0.0092842098927299
-2.30357142857144 0.00890445990045623
-1.5357142857143 0.00937226627403437
-0.767857142857157 0.0116375746982277
-1.37667655053519e-14 0.0128881888702408
0.767857142857129 0.0117594235601838
1.53571428571427 0.00938604325753244
2.30357142857142 0.00892204107055865
3.07142857142856 0.00940088491486247
3.8392857142857 0.00979936941516241
4.60714285714284 0.0110113881323705
5.37499999999999 0.0137720630401025
6.14285714285713 0.0149249942624783
6.91071428571427 0.0122451261728728
7.67857142857141 0.0103898889052713
8.44642857142856 0.0115152643382041
9.2142857142857 0.0127408382236442
9.98214285714284 0.0138304979946782
10.75 0.0177265052533347
11.5178571428571 0.0216157308255564
12.2857142857143 0.0197131914866071
13.0535714285714 0.014762192383641
13.8214285714286 0.014504914085793
14.5892857142857 0.0157494857926699
15.3571428571428 0.0160664883446299
16.125 0.01907678262881
16.8928571428571 0.0256854713373411
17.6607142857143 0.0262041194213967
18.4285714285714 0.019502493205057
19.1964285714286 0.0163766916492198
19.9642857142857 0.0168140338757935
20.7321428571428 0.0163830909621628
21.5 0.0179634217930996
22.2678571428571 0.0247774168181999
23.0357142857143 0.0265945770566075
23.8035714285714 0.0205326455219967
24.5714285714286 0.0154363893453491
25.3392857142857 0.0138644113144952
26.1071428571428 0.0119563882673495
26.875 0.0115242803205353
27.6428571428571 0.0152253929560159
28.4107142857143 0.0159808012899085
29.1785714285714 0.0124373178458882
29.9464285714286 0.0096657664961357
30.7142857142857 0.00812988550904442
31.4821428571428 0.00607167966341322
32.25 0.00490862203070872
33.0178571428571 0.00582568549973634
33.7857142857143 0.00489170251835033
34.5535714285714 0.0032900109387345
35.3214285714285 0.00318461617596086
36.0892857142857 0.00254500168501254
36.8571428571428 0.0014872199533552
37.625 0.000748753268630389
38.3928571428571 0.000353051169433534
39.1607142857143 0.000163221077139673
39.9285714285714 7.4956651462907e-05
40.6964285714285 3.48888817008204e-05
41.4642857142857 1.70997812345192e-05
42.2321428571428 9.773630402918e-06
