-43 1.0388380517298e-05
-42.2321428571429 1.29569634840999e-05
-41.4642857142857 2.24304086830412e-05
-40.6964285714286 4.5316092385213e-05
-39.9285714285714 9.62031882825147e-05
-39.1607142857143 0.000206319591211897
-38.3928571428571 0.000438647784699417
-37.625 0.000911116490320335
-36.8571428571429 0.00176283454052041
-36.0892857142857 0.00290988718097497
-35.3214285714286 0.00357320558542553
-34.5535714285714 0.00397152567966687
-33.7857142857143 0.00583218422291048
-33.0178571428571 0.00629831837237615
-32.25 0.00503408770433105
-31.4821428571429 0.00590074665076268
-30.7142857142857 0.00742125366540451
-29.9464285714286 0.00884216059871075
-29.1785714285714 0.0117870856838332
-28.4107142857143 0.0142557929545624
-27.6428571428572 0.0126196833238434
-26.875 0.0097048753139597
-26.1071428571429 0.0100224372309552
-25.3392857142857 0.0111860227405766
-24.5714285714286 0.0124748953195567
-23.8035714285714 0.0162879895897361
-23.0357142857143 0.0198751085358395
-22.2678571428572 0.0184061894896589
-21.5 0.0139433151119704
-20.7321428571429 0.0128799360907838
-19.9642857142857 0.0134399850662785
-19.1964285714286 0.0136938050612277
-18.4285714285714 0.0158955947873726
-17.6607142857143 0.0203110145856146
-16.8928571428572 0.0209418223440764
-16.125 0.0166845234094586
-15.3571428571429 0.0138526921426722
-14.5892857142857 0.0142203927817447
-13.8214285714286 0.0145126158240526
-13.0535714285714 0.0153059075393908
-12.2857142857143 0.0195441782675633
-11.5178571428572 0.0228321338990359
-10.75 0.0204777831136383
-9.98214285714287 0.0154728626112924
-9.21428571428573 0.014446192470454
-8.44642857142859 0.0148078057767937
-7.67857142857144 0.0147542176659811
-6.9107142857143 0.0172057902252214
-6.14285714285716 0.0226745455219039
-5.37500000000001 0.023416193593161
-4.60714285714287 0.0180379466579231
-3.83928571428573 0.0149766374066828
-3.07142857142859 0.0153382813850306
-2.30357142857144 0.0151478865244365
-1.5357142857143 0.0157038733470595
-0.767857142857157 0.0212811049527786
-1.37667655053519e-14 0.0249889859382176
0.767857142857129 0.0208432490795401
1.53571428571427 0.0154802660719076
2.30357142857142 0.0146358998100671
3.07142857142856 0.0142316404214785
3.8392857142857 0.0135814474382499
4.60714285714284 0.0163790542161468
5.37499999999999 0.0208185528781691
6.14285714285713 0.0197956499402974
6.91071428571427 0.0152613382522601
7.67857142857141 0.0130519132659177
8.44642857142856 0.0127386176162946
9.2142857142857 0.012349802320028
9.98214285714284 0.0133110360311098
10.75 0.0173120664303259
11.5178571428571 0.0191931047420413
12.2857142857143 0.0168742895368446
13.0535714285714 0.0133252939828627
13.8214285714286 0.0124822500442876
14.5892857142857 0.012411760157804
15.3571428571428 0.0123792050668553
16.125 0.0148468429417425
16.8928571428571 0.0187682894889202
17.6607142857143 0.018766055108278
18.4285714285714 0.0147865227202934
19.1964285714286 0.0125373325711959
19.9642857142857 0.012519766352248
20.7321428571428 0.012330916623348
21.5 0.0135003856176134
22.2678571428571 0.0180082203637708
23.0357142857143 0.0198364619630649
23.8035714285714 0.0162475364473662
24.5714285714286 0.0121776108065509
25.3392857142857 0.0109646746608003
26.1071428571428 0.00999845432904387
26.875 0.00990414694853635
27.6428571428571 0.0130382140208126
28.4107142857143 0.0147304531005425
29.1785714285714 0.0120534839979987
29.9464285714286 0.00886780834781517
30.7142857142857 0.00735823579824222
31.4821428571428 0.00582492264134525
32.25 0.00510134078458393
33.0178571428571 0.00652691325294216
33.7857142857143 0.00599911452584714
34.5535714285714 0.00416727455669857
35.3214285714285 0.00371421713451868
36.0892857142857 0.00299144358640887
36.8571428571428 0.00181912883943279
37.625 0.000940997987844267
38.3928571428571 0.000451914946820861
39.1607142857143 0.000212068043431228
39.9285714285714 9.86542501365385e-05
40.6964285714285 4.625478699656e-05
41.4642857142857 2.27477405019654e-05
42.2321428571428 1.30514221673698e-05
