-43 1.3292161235111e-06
-42.2321428571429 8.22649631440161e-06
-41.4642857142857 3.3118549270013e-05
-40.6964285714286 9.14594869967355e-05
-39.9285714285714 0.000217122668669335
-39.1607142857143 0.000478028850983569
-38.3928571428571 0.00100745212571215
-37.625 0.00204423317191935
-36.8571428571429 0.00383587741107552
-36.0892857142857 0.00613495526341875
-35.3214285714286 0.00764882629683853
-34.5535714285714 0.00898468788213603
-33.7857142857143 0.0122757416823724
-33.0178571428571 0.0122883639811741
-32.25 0.00850884972229179
-31.4821428571429 0.00822960253285171
-30.7142857142857 0.00988205446990115
-29.9464285714286 0.013332518845122
-29.1785714285714 0.0180210130104539
-28.4107142857143 0.0185316276470895
-27.6428571428572 0.0148950463368265
-26.875 0.0109001757471237
-26.1071428571429 0.00875777396487155
-25.3392857142857 0.0081240033113873
-24.5714285714286 0.0104543493085584
-23.8035714285714 0.0129193665492715
-23.0357142857143 0.0106066127431936
-22.2678571428572 0.0103093456139035
-21.5 0.00981067370708114
-20.7321428571429 0.00766543231913582
-19.9642857142857 0.00749568975960445
-19.1964285714286 0.00958385486078833
-18.4285714285714 0.0112336912506714
-17.6607142857143 0.011893671906808
-16.8928571428572 0.0153336382717533
-16.125 0.0153488560949562
-15.3571428571429 0.0113998567559695
-14.5892857142857 0.0117304223207993
-13.8214285714286 0.0139859669520224
-13.0535714285714 0.0163051760108121
-12.2857142857143 0.0224017800358562
-11.5178571428572 0.0285178340106884
-10.75 0.0254164347912383
-9.98214285714287 0.0177337400921279
-9.21428571428573 0.0156205673657068
-8.44642857142859 0.0151419541301915
-7.67857142857144 0.0151814629893576
-6.9107142857143 0.0201792856966562
-6.14285714285716 0.0249124066466687
-5.37500000000001 0.0214946258590387
-4.60714285714287 0.0162748155253766
-3.83928571428573 0.0139186238053905
-3.07142857142859 0.0122410054398435
-2.30357142857144 0.0114584676282897
-1.5357142857143 0.0133659480981168
-0.767857142857157 0.015479442763694
-1.37667655053519e-14 0.0148925861298147
0.767857142857129 0.0154945744418999
1.53571428571427 0.0133783540311598
2.30357142857142 0.0114924890368622
3.07142857142856 0.0123125684027847
3.8392857142857 0.014014681437808
4.60714285714284 0.0163972395227538
5.37499999999999 0.0216661762967559
6.14285714285713 0.025097179450172
6.91071428571427 0.0203170362779837
7.67857142857141 0.0152807332895927
8.44642857142856 0.0152548820763149
9.2142857142857 0.0157432663299458
9.98214285714284 0.0179317165016742
10.75 0.0258208396895597
11.5178571428571 0.0288886647094158
12.2857142857143 0.0225579027348204
13.0535714285714 0.0163644153974159
13.8214285714286 0.0139077308087147
14.5892857142857 0.0114496199587989
15.3571428571428 0.0110309344008317
16.125 0.0149876892278659
16.8928571428571 0.0146937747013692
17.6607142857143 0.0110842060507563
18.4285714285714 0.010668918688035
19.1964285714286 0.00909440069737661
19.9642857142857 0.00687245106852858
20.7321428571428 0.00697335475938278
21.5 0.00896926924026789
22.2678571428571 0.00908766716064882
23.0357142857143 0.00935282967359909
23.8035714285714 0.0120109268997605
24.5714285714286 0.00976958434499454
25.3392857142857 0.00753090006623915
26.1071428571428 0.00828397914840713
26.875 0.0104252300665025
27.6428571428571 0.0142550239922706
28.4107142857143 0.0179842169629494
29.1785714285714 0.0176334717293835
29.9464285714286 0.0129795711554711
30.7142857142857 0.00959532461431347
31.4821428571428 0.00804723890865044
32.25 0.00838651719044477
33.0178571428571 0.0121712556313114
33.7857142857143 0.0122119704346815
34.5535714285714 0.00894627484868303
35.3214285714285 0.00759388269460438
36.0892857142857 0.00609503947019141
36.8571428571428 0.0038161232741668
37.625 0.0020353267397006
38.3928571428571 0.00100353599192165
39.1607142857143 0.000476307298759745
39.9285714285714 0.000216366470796739
40.6964285714285 9.11254334291249e-05
41.4642857142857 3.29745523702393e-05
42.2321428571428 8.17330794918032e-06
