-43 1.43596513712952e-05
-42.2321428571429 1.77374535708786e-05
-41.4642857142857 2.98483213763362e-05
-40.6964285714286 5.87299189921903e-05
-39.9285714285714 0.000122401110984775
-39.1607142857143 0.00025986158194959
-38.3928571428571 0.000549384111706444
-37.625 0.00114175482461635
-36.8571428571429 0.00224095813806864
-36.0892857142857 0.00384494324789657
-35.3214285714286 0.00488408100595068
-34.5535714285714 0.00512207477898958
-33.7857142857143 0.00753519284078691
-33.0178571428571 0.00869893354324952
-32.25 0.00717862368311738
-31.4821428571429 0.00868895145455991
-30.7142857142857 0.0112266957644595
-29.9464285714286 0.0134263216938578
-29.1785714285714 0.0179226684799321
-28.4107142857143 0.0220675208738536
-27.6428571428572 0.0196998485090735
-26.875 0.0145046703503343
-26.1071428571429 0.0141925353820318
-25.3392857142857 0.0151151938947832
-24.5714285714286 0.0163484134140294
-23.8035714285714 0.021989802335804
-23.0357142857143 0.02684849903609
-22.2678571428572 0.0237371714908189
-21.5 0.0174289981180241
-20.7321428571429 0.0155436915553858
-19.9642857142857 0.0148639420675899
-19.1964285714286 0.0140902026572794
-18.4285714285714 0.0167701937965082
-17.6607142857143 0.0209664107536662
-16.8928571428572 0.0198898269686001
-16.125 0.0157178012602574
-15.3571428571429 0.0130405575032257
-14.5892857142857 0.01193419455482
-13.8214285714286 0.0110350877154267
-13.0535714285714 0.0117437723221622
-12.2857142857143 0.014719416022592
-11.5178571428572 0.0155388347260185
-10.75 0.0141880479316043
-9.98214285714287 0.0113967967283836
-9.21428571428573 0.00982431709858504
-8.44642857142859 0.0093281205881822
-7.67857142857144 0.00947643606014546
-6.9107142857143 0.0111388647263405
-6.14285714285716 0.0132181149541079
-5.37500000000001 0.0136370649921362
-4.60714285714287 0.0115456935317914
-3.83928571428573 0.00956797529703352
-3.07142857142859 0.00941117139195818
-2.30357142857144 0.00967721644559276
-1.5357142857143 0.010744830133976
-0.767857142857157 0.0137814875853456
-1.37667655053519e-14 0.0154336462936656
0.767857142857129 0.0138848104990386
1.53571428571427 0.0107959063391276
2.30357142857142 0.00975869983250815
3.07142857142856 0.0095855357273745
3.8392857142857 0.00977345542958094
4.60714285714284 0.0117646910297825
5.37499999999999 0.0140376135862397
6.14285714285713 0.0136944684932249
6.91071428571427 0.0114358268893197
7.67857142857141 0.00973752654611307
8.44642857142856 0.00965703361476298
9.2142857142857 0.0101552906351133
9.98214285714284 0.0117152318248902
10.75 0.0146492375111746
11.5178571428571 0.0160852667783922
12.2857142857143 0.0151292967954456
13.0535714285714 0.0120747355173059
13.8214285714286 0.0114081760182721
14.5892857142857 0.0123132842569909
15.3571428571428 0.0133713864237384
16.125 0.0161013439746208
16.8928571428571 0.0204641188434492
17.6607142857143 0.0215400422408456
18.4285714285714 0.0171661678853732
19.1964285714286 0.0144413404456094
19.9642857142857 0.0152308861963811
20.7321428571428 0.0158801598060405
21.5 0.0178277182901961
22.2678571428571 0.0243060871424961
23.0357142857143 0.0273708044218204
23.8035714285714 0.0223315697895987
24.5714285714286 0.0166117138014555
25.3392857142857 0.0153283731444467
26.1071428571428 0.014328692690725
26.875 0.014636238317997
27.6428571428571 0.0198657678146004
28.4107142857143 0.0221288130593841
29.1785714285714 0.0179378043107066
29.9464285714286 0.0134828763228203
30.7142857142857 0.0112675919492524
31.4821428571428 0.00868681920938302
32.25 0.00714375804188193
33.0178571428571 0.00862633110776299
33.7857142857143 0.00743386430610938
34.5535714285714 0.00503729184135027
35.3214285714285 0.00483235912845933
36.0892857142857 0.00380554905899175
36.8571428571428 0.00221368772030877
37.625 0.0011264710576014
38.3928571428571 0.000541800605894187
39.1607142857143 0.000256288191043714
39.9285714285714 0.000120758683040287
40.6964285714285 5.7989280683495e-05
41.4642857142857 2.9524114804603e-05
42.2321428571428 1.76141791622502e-05
