-43 8.23019857300598e-09
-42.2321428571429 1.14227412646546e-08
-41.4642857142857 2.52298375982566e-08
-40.6964285714286 7.09925628267979e-08
-39.9285714285714 2.16429654897136e-07
-39.1607142857143 6.85380739247551e-07
-38.3928571428571 2.17254927291088e-06
-37.625 6.84919937940425e-06
-36.8571428571429 2.06318582349984e-05
-36.0892857142857 5.61844829921733e-05
-35.3214285714286 0.000114568585579362
-34.5535714285714 0.000144197024752777
-33.7857142857143 0.000142482859789047
-33.0178571428571 0.000136025960569989
-32.25 0.000122672914547635
-31.4821428571429 0.00022383555001379
-30.7142857142857 0.000530057456672691
-29.9464285714286 0.000883308568007853
-29.1785714285714 0.000804426804340947
-28.4107142857143 0.000740851156868816
-27.6428571428572 0.000944509163418231
-26.875 0.000718922109465971
-26.1071428571429 0.000695808130391969
-25.3392857142857 0.00153985141265467
-24.5714285714286 0.00308365371963663
-23.8035714285714 0.00349363592207884
-23.0357142857143 0.00281809731197231
-22.2678571428572 0.00359492208212495
-21.5 0.00316186508754738
-20.7321428571429 0.00181519593901157
-19.9642857142857 0.0025103421570791
-19.1964285714286 0.00622093141724317
-18.4285714285714 0.0115317078943467
-17.6607142857143 0.0139480364865697
-16.8928571428572 0.0143489581141912
-16.125 0.0116631378159724
-15.3571428571429 0.00559408345216916
-14.5892857142857 0.002850600984851
-13.8214285714286 0.00604320052724889
-13.0535714285714 0.0168229083700156
-12.2857142857143 0.0323318683851139
-11.5178571428572 0.0401111486866141
-10.75 0.0327180416233743
-9.98214285714287 0.0161765005125846
-9.21428571428573 0.00513347782559066
-8.44642857142859 0.0038518280386312
-7.67857142857144 0.0137111720580568
-6.9107142857143 0.0401979712405363
-6.14285714285716 0.0711968348268312
-5.37500000000001 0.0714061956295364
-4.60714285714287 0.0400795092147746
-3.83928571428573 0.0129100856995134
-3.07142857142859 0.00327557822706917
-2.30357142857144 0.00681832750525581
-1.5357142857143 0.027748515700871
-0.767857142857157 0.0691478712022634
-1.37667655053519e-14 0.0940364565020725
0.767857142857129 0.0691478715267375
1.53571428571427 0.0277485161018672
2.30357142857142 0.0068183276739394
3.07142857142856 0.00327557720940402
3.8392857142857 0.0129100807884204
4.60714285714284 0.0400794942762935
5.37499999999999 0.07140616897122
6.14285714285713 0.0711968088219927
6.91071428571427 0.0401979572686058
7.67857142857141 0.0137111675308134
8.44642857142856 0.00385182754708568
9.2142857142857 0.0051334802511124
9.98214285714284 0.0161765085761398
10.75 0.0327180575130337
11.5178571428571 0.0401111677603284
12.2857142857143 0.0323318838189912
13.0535714285714 0.0168229168759192
13.8214285714286 0.00604320352794731
14.5892857142857 0.00285060083668341
15.3571428571428 0.00559408151232809
16.125 0.0116631366205125
16.8928571428571 0.0143489606464215
17.6607142857143 0.013948039147175
18.4285714285714 0.0115317073593452
19.1964285714286 0.00622093038482913
19.9642857142857 0.00251034224232893
20.7321428571428 0.00181519713175934
21.5 0.00316186674873995
22.2678571428571 0.00359492233720761
23.0357142857143 0.00281809615027074
23.8035714285714 0.00349363608661981
24.5714285714286 0.00308365468918923
25.3392857142857 0.00153985180744166
26.1071428571428 0.000695808047325007
26.875 0.000718921816089977
27.6428571428571 0.000944508115921695
28.4107142857143 0.000740849408648519
29.1785714285714 0.000804425536131856
29.9464285714286 0.000883307779224673
30.7142857142857 0.000530056988665605
31.4821428571428 0.000223835313374277
32.25 0.000122672893014329
33.0178571428571 0.00013602616004011
33.7857142857143 0.000142483116740096
34.5535714285714 0.000144197112796342
35.3214285714285 0.000114568431946323
36.0892857142857 5.61843256655811e-05
36.8571428571428 2.0631785010058e-05
37.625 6.84917853622983e-06
38.3928571428571 2.17254785545754e-06
39.1607142857143 6.8538323013995e-07
39.9285714285714 2.16432026117268e-07
40.6964285714285 7.09942669150136e-08
41.4642857142857 2.52311001720341e-08
42.2321428571428 1.14236245719189e-08
