-43 1.21191611835478e-08
-42.2321428571429 1.98387339205268e-08
-41.4642857142857 5.41835551413711e-08
-40.6964285714286 1.69619413703005e-07
-39.9285714285714 5.43542687558434e-07
-39.1607142857143 1.77088355464441e-06
-38.3928571428571 5.75896769482481e-06
-37.625 1.86990472338278e-05
-36.8571428571429 5.83954733261387e-05
-36.0892857142857 0.000165837304581767
-35.3214285714286 0.000356344278541389
-34.5535714285714 0.00047257120434964
-33.7857142857143 0.000425152369457463
-33.0178571428571 0.000298261015638657
-32.25 0.000208686681395494
-31.4821428571429 0.000447294212228881
-30.7142857142857 0.00140725668060647
-29.9464285714286 0.00348246228447239
-29.1785714285714 0.00556029881119654
-28.4107142857143 0.00552163372723709
-27.6428571428572 0.00361247467112587
-26.875 0.00164914099701793
-26.1071428571429 0.00127969853575332
-25.3392857142857 0.00342900396872634
-24.5714285714286 0.0090633715219296
-23.8035714285714 0.0162803066481201
-23.0357142857143 0.0194308426169526
-22.2678571428572 0.0166528327209797
-21.5 0.00927288307184297
-20.7321428571429 0.00391749167920452
-19.9642857142857 0.00467069654270757
-19.1964285714286 0.0125438139029
-18.4285714285714 0.0256900018282011
-17.6607142857143 0.033974989032275
-16.8928571428572 0.0345619467574163
-16.125 0.0263318207817418
-15.3571428571429 0.0125133446680682
-14.5892857142857 0.00602388244454161
-13.8214285714286 0.0101779551071305
-13.0535714285714 0.023006802980589
-12.2857142857143 0.0317441613065499
-11.5178571428572 0.0308801083229644
-10.75 0.0315350591984748
-9.98214285714287 0.0228330811360922
-9.21428571428573 0.0103963026026408
-8.44642857142859 0.00762618858880364
-7.67857142857144 0.0160835834477661
-6.9107142857143 0.0281892754037913
-6.14285714285716 0.0285532412209747
-5.37500000000001 0.0281297782311899
-4.60714285714287 0.0275538769934276
-3.83928571428573 0.0158103096256338
-3.07142857142859 0.00756892362950439
-2.30357142857144 0.010065377449064
-1.5357142857143 0.0212615927906644
-0.767857142857157 0.0277326298670835
-1.37667655053519e-14 0.0256996347992829
0.767857142857129 0.0277369991936421
1.53571428571427 0.0212713894235229
2.30357142857142 0.0100694697431961
3.07142857142856 0.00754214894648413
3.8392857142857 0.0157042276518095
4.60714285714284 0.0273117403742039
5.37499999999999 0.0277676690317203
6.14285714285713 0.0281662524609714
6.91071428571427 0.0279129207022112
7.67857142857141 0.0159651636974529
8.44642857142856 0.00759085204711243
9.2142857142857 0.0103678235042787
9.98214285714284 0.0227499777688529
10.75 0.0313509784194436
11.5178571428571 0.0305999280808827
12.2857142857143 0.0314649776038222
13.0535714285714 0.022844869501614
13.8214285714286 0.0101248646839288
14.5892857142857 0.00603810063885774
15.3571428571428 0.0125997262071268
16.125 0.0265085877787558
16.8928571428571 0.0347568121156131
17.6607142857143 0.0340949352424122
18.4285714285714 0.0257438170625435
19.1964285714286 0.0125635300737341
19.9642857142857 0.00468535593243383
20.7321428571428 0.00396862000691763
21.5 0.00942055840605242
22.2678571428571 0.0169105385237625
23.0357142857143 0.0197060958801485
23.8035714285714 0.0164841799824959
24.5714285714286 0.00916698667138803
25.3392857142857 0.00346553935214078
26.1071428571428 0.00129539038085674
26.875 0.00168112217006129
27.6428571428571 0.00369214458671541
28.4107142857143 0.00565035458953687
29.1785714285714 0.0056845620510749
29.9464285714286 0.00355172110779615
30.7142857142857 0.00143165188715299
31.4821428571428 0.000453952287776671
32.25 0.000211508531674358
33.0178571428571 0.000303599048585087
33.7857142857143 0.000434679170884016
34.5535714285714 0.000483075544854416
35.3214285714285 0.000363200782434806
36.0892857142857 0.000168633633098347
36.8571428571428 5.92979988233457e-05
37.625 1.89711682704889e-05
38.3928571428571 5.83950820956251e-06
39.1607142857143 1.79509245325869e-06
39.9285714285714 5.50927912994834e-07
40.6964285714285 1.71924746038935e-07
41.4642857142857 5.49055428773066e-08
42.2321428571428 2.00511931547206e-08
