-43 3.77253754787918e-09
-42.2321428571429 1.39647760788726e-08
-41.4642857142857 6.25475352794723e-08
-40.6964285714286 2.32340058822153e-07
-39.9285714285714 8.14997467381489e-07
-39.1607142857143 2.8700964202077e-06
-38.3928571428571 1.0175600949009e-05
-37.625 3.65006629654393e-05
-36.8571428571429 0.000127311021102237
-36.0892857142857 0.00040798198421341
-35.3214285714286 0.00100783455658519
-34.5535714285714 0.00152659715257623
-33.7857142857143 0.00138860983842126
-33.0178571428571 0.000877980355837855
-32.25 0.000721219118297061
-31.4821428571429 0.00164433070124413
-30.7142857142857 0.00423117785292083
-29.9464285714286 0.00756478363140566
-29.1785714285714 0.00832821307883228
-28.4107142857143 0.00834381897316522
-27.6428571428572 0.00773921561271749
-26.875 0.00445194651478386
-26.1071428571429 0.00321148915704547
-25.3392857142857 0.00662214783097179
-24.5714285714286 0.0127899269742532
-23.8035714285714 0.0115969600523226
-23.0357142857143 0.00618472305903793
-22.2678571428572 0.0118800897463424
-21.5 0.0130169491125385
-20.7321428571429 0.00678589201234371
-19.9642857142857 0.00507355637217275
-19.1964285714286 0.0106053200757624
-18.4285714285714 0.0185015437342691
-17.6607142857143 0.0185921356657031
-16.8928571428572 0.01846144024684
-16.125 0.018424733305383
-15.3571428571429 0.0104654627975793
-14.5892857142857 0.00428008072225448
-13.8214285714286 0.00513184839549919
-13.0535714285714 0.0152358273441078
-12.2857142857143 0.0329534786156196
-11.5178571428572 0.0422779462421223
-10.75 0.0324511249646252
-9.98214285714287 0.0148443473097413
-9.21428571428573 0.00519368647221058
-8.44642857142859 0.00554050676955587
-7.67857142857144 0.0156201889618045
-6.9107142857143 0.0334359865431108
-6.14285714285716 0.0452643686544359
-5.37500000000001 0.0451813360185976
-4.60714285714287 0.0329095548388727
-3.83928571428573 0.0152077522186341
-3.07142857142859 0.00753612842350523
-2.30357142857144 0.0135373413992778
-1.5357142857143 0.0303510221473932
-0.767857142857157 0.039807751463956
-1.37667655053519e-14 0.0369725342666229
0.767857142857129 0.0398807440475845
1.53571428571427 0.0304545662597535
2.30357142857142 0.0135386302608529
3.07142857142856 0.00723266455714899
3.8392857142857 0.0143123590417882
4.60714285714284 0.0315722322355899
5.37499999999999 0.0442005196398849
6.14285714285713 0.0442791852836069
6.91071428571427 0.032227156196801
7.67857142857141 0.0148638899361771
8.44642857142856 0.00501351110143717
9.2142857142857 0.00419231107799242
9.98214285714284 0.0129950865729731
10.75 0.0308822218533366
11.5178571428571 0.041425460256728
12.2857142857143 0.031204508904825
13.0535714285714 0.0133889149602653
13.8214285714286 0.00413488881896318
14.5892857142857 0.0033628742857369
15.3571428571428 0.00855388628778054
16.125 0.0156240451863134
16.8928571428571 0.016488501799051
17.6607142857143 0.0165301276147709
18.4285714285714 0.0156685320242388
19.1964285714286 0.00880038534597118
19.9642857142857 0.00429357784144898
20.7321428571428 0.00594301195557761
21.5 0.0111406866548974
22.2678571428571 0.00923290893011252
23.0357142857143 0.00374168549436802
23.8035714285714 0.00930228399056716
24.5714285714286 0.0111545270553756
25.3392857142857 0.00592749005276306
26.1071428571428 0.0029896730242419
26.875 0.00412608295637011
27.6428571428571 0.00668243917612227
28.4107142857143 0.00656271804975049
29.1785714285714 0.0069367707643381
29.9464285714286 0.00708804936708514
30.7142857142857 0.00416624394116562
31.4821428571428 0.0016564201612716
32.25 0.000753327285716421
33.0178571428571 0.00092005871951683
33.7857142857143 0.0013889841180641
34.5535714285714 0.00150800103001281
35.3214285714285 0.00101557965169582
36.0892857142857 0.000421289191521294
36.8571428571428 0.00013431762812889
37.625 3.95349130168818e-05
38.3928571428571 1.13246610930575e-05
39.1607142857143 3.24432944485454e-06
39.9285714285714 9.22043656003021e-07
40.6964285714285 2.61758207435087e-07
41.4642857142857 7.06821031146153e-08
42.2321428571428 1.61288636288463e-08
