-43 2.3604637575589e-08
-42.2321428571429 5.49925814800216e-08
-41.4642857142857 1.81763915842139e-07
-40.6964285714286 6.00621941302925e-07
-39.9285714285714 1.93710603064953e-06
-39.1607142857143 6.23816664621337e-06
-38.3928571428571 1.98891072152167e-05
-37.625 6.30463667070518e-05
-36.8571428571429 0.000191175482740665
-36.0892857142857 0.000523231806613433
-35.3214285714286 0.00107565604538258
-34.5535714285714 0.00139646645179398
-33.7857142857143 0.00132791284081614
-33.0178571428571 0.00101309558827638
-32.25 0.000695189777654463
-31.4821428571429 0.00137018218641332
-30.7142857142857 0.00433088054451218
-29.9464285714286 0.0108509358212864
-29.1785714285714 0.0176334225420912
-28.4107142857143 0.0177638792255345
-27.6428571428572 0.0110583614513048
-26.875 0.00451819453149323
-26.1071428571429 0.00322347838675366
-25.3392857142857 0.00800026996632861
-24.5714285714286 0.0182748124151962
-23.8035714285714 0.0247692818355532
-23.0357142857143 0.0236187344723248
-22.2678571428572 0.0245450417650538
-21.5 0.018296400467205
-20.7321428571429 0.00874761742198094
-19.9642857142857 0.00766420057930994
-19.1964285714286 0.0164381884447395
-18.4285714285714 0.024916183977926
-17.6607142857143 0.0178799984701485
-16.8928571428572 0.0180748456217836
-16.125 0.0252838632367763
-15.3571428571429 0.0166535539070021
-14.5892857142857 0.00743588700525711
-13.8214285714286 0.00763326668808259
-13.0535714285714 0.0164919193791655
-12.2857142857143 0.0245594112456783
-11.5178571428572 0.0254675753287658
-10.75 0.0249490854739624
-9.98214285714287 0.0172273885015419
-9.21428571428573 0.00758335309944079
-8.44642857142859 0.00469063124763311
-7.67857142857144 0.00985977034334349
-6.9107142857143 0.0216457066441441
-6.14285714285716 0.0308445860191795
-5.37500000000001 0.0311869827172159
-4.60714285714287 0.0220373313852074
-3.83928571428573 0.00987621378366849
-3.07142857142859 0.00457205682019399
-2.30357142857144 0.007683491245622
-1.5357142857143 0.0174458920707593
-0.767857142857157 0.0240268314788296
-1.37667655053519e-14 0.0238167715228163
0.767857142857129 0.0249455156265326
1.53571428571427 0.0180722186494833
2.30357142857142 0.00797564067217054
3.07142857142856 0.00507430916424822
3.8392857142857 0.010769431844374
4.60714285714284 0.0216723970327689
5.37499999999999 0.0275224465671585
6.14285714285713 0.0279831481738104
6.91071428571427 0.0223956839100084
7.67857142857141 0.0112179064383739
8.44642857142856 0.00524243399957395
9.2142857142857 0.00755567624261612
9.98214285714284 0.0168399926866614
10.75 0.0244477409583226
11.5178571428571 0.0253748222340359
12.2857142857143 0.0247301125967035
13.0535714285714 0.0165160641479509
13.8214285714286 0.00755362842333692
14.5892857142857 0.00716495589390676
15.3571428571428 0.0159400313693177
16.125 0.024347073253402
16.8928571428571 0.0179252259974796
17.6607142857143 0.0179967075508254
18.4285714285714 0.0243071493619013
19.1964285714286 0.0158116715958596
19.9642857142857 0.00741672668738684
20.7321428571428 0.00870296151727828
21.5 0.0179306137144017
22.2678571428571 0.0228765663457176
23.0357142857143 0.0211078789164397
23.8035714285714 0.0233849317787039
24.5714285714286 0.0181209470281459
25.3392857142857 0.00811013719107261
26.1071428571428 0.00329148651769097
26.875 0.00451999116403363
27.6428571428571 0.0108562050130095
28.4107142857143 0.017263493576467
29.1785714285714 0.0172622283557701
29.9464285714286 0.0108491371232319
30.7142857142857 0.00443043900951943
31.4821428571428 0.00141025539957071
32.25 0.000647056797795575
33.0178571428571 0.000949081793146467
33.7857142857143 0.00137899979292375
34.5535714285714 0.00144187537062188
35.3214285714285 0.00102440290263377
36.0892857142857 0.000467442443323341
36.8571428571428 0.000163656997665869
37.625 5.24245319527586e-05
38.3928571428571 1.62387349019064e-05
39.1607142857143 5.03091638151225e-06
39.9285714285714 1.54754640952774e-06
40.6964285714285 4.75310424522469e-07
41.4642857142857 1.42190771817449e-07
42.2321428571428 4.33430039360288e-08
