-43 4.95357556123778e-08
-42.2321428571429 1.40332413977385e-07
-41.4642857142857 5.65508160023965e-07
-40.6964285714286 1.93201482138103e-06
-39.9285714285714 6.124458131885e-06
-39.1607142857143 1.89561227384032e-05
-38.3928571428571 5.72988591611025e-05
-37.625 0.000168611992717569
-36.8571428571429 0.000458030126756345
-36.0892857142857 0.00104719645121333
-35.3214285714286 0.00153722623839993
-34.5535714285714 0.00120436784053416
-33.7857142857143 0.00135064569404009
-33.0178571428571 0.00179026618927169
-32.25 0.0013848367571877
-31.4821428571429 0.00187477179874245
-30.7142857142857 0.00406513167980053
-29.9464285714286 0.00604582854393423
-29.1785714285714 0.00476077207381078
-28.4107142857143 0.00481546349734321
-27.6428571428572 0.00600896637933389
-26.875 0.00383639928643914
-26.1071428571429 0.00256447278698146
-25.3392857142857 0.00495367594968768
-24.5714285714286 0.0099893770680064
-23.8035714285714 0.010566671650289
-23.0357142857143 0.00730337452984263
-22.2678571428572 0.0100474371341823
-21.5 0.00957659456537343
-20.7321428571429 0.00504608767424431
-19.9642857142857 0.00463868526810806
-19.1964285714286 0.0102060277646883
-18.4285714285714 0.0167613418413648
-17.6607142857143 0.0148099439275556
-16.8928571428572 0.0143139231007928
-16.125 0.0159792809942279
-15.3571428571429 0.00973068100504586
-14.5892857142857 0.00504996768373466
-13.8214285714286 0.00781137284640094
-13.0535714285714 0.0174064385109174
-12.2857142857143 0.024269122242378
-11.5178571428572 0.0236852361781063
-10.75 0.0234986556480269
-9.98214285714287 0.016504509374494
-9.21428571428573 0.00739783453975132
-8.44642857142859 0.00590694566380249
-7.67857142857144 0.0140016357147721
-6.9107142857143 0.0282855573627644
-6.14285714285716 0.0358324651705778
-5.37500000000001 0.0351635501729588
-4.60714285714287 0.0268723525082666
-3.83928571428573 0.0128960229672083
-3.07142857142859 0.00582779129229289
-2.30357142857144 0.00953021158443232
-1.5357142857143 0.0245262180135035
-0.767857142857157 0.0420647132407486
-1.37667655053519e-14 0.0470571145331974
0.767857142857129 0.0395789640303777
1.53571428571427 0.0225464427404284
2.30357142857142 0.00882717742018042
3.07142857142856 0.00638653235075045
3.8392857142857 0.0162092263604392
4.60714285714284 0.0363462428809925
5.37499999999999 0.0504157149153415
6.14285714285713 0.0484420081980514
6.91071428571427 0.0335701049335668
7.67857142857141 0.0151214722467776
8.44642857142856 0.00617130680350098
9.2142857142857 0.00888299502941288
9.98214285714284 0.0226318287751868
10.75 0.0381236155552703
11.5178571428571 0.0421040344873758
12.2857142857143 0.0362858801982296
13.0535714285714 0.0215005976993168
13.8214285714286 0.00856760136060925
14.5892857142857 0.00523088068142405
15.3571428571428 0.0112325732867394
16.125 0.0220298120050838
16.8928571428571 0.0259995629936356
17.6607142857143 0.0254622921729343
18.4285714285714 0.0213437352438965
19.1964285714286 0.0111898737581268
19.9642857142857 0.00471626510952624
20.7321428571428 0.00515217285686956
21.5 0.0105279669593277
22.2678571428571 0.0128425558491684
23.0357142857143 0.010851800991147
23.8035714285714 0.0124563034486708
24.5714285714286 0.0103007588605343
25.3392857142857 0.00491430247725047
26.1071428571428 0.00264864338483594
26.875 0.00422883546256738
27.6428571428571 0.00663733021221761
28.4107142857143 0.00517626082632014
29.1785714285714 0.00485581266150556
29.9464285714286 0.0062105932020714
30.7142857142857 0.00422780433751271
31.4821428571428 0.00199741792216025
32.25 0.00156966843307737
33.0178571428571 0.00200315004293293
33.7857142857143 0.00136313515331149
34.5535714285714 0.00121334010460417
35.3214285714285 0.00170754399558768
36.0892857142857 0.00119401308996339
36.8571428571428 0.000527051581535399
37.625 0.000194934137339977
38.3928571428571 6.63820971551716e-05
39.1607142857143 2.19857735039389e-05
39.9285714285714 7.11206506961756e-06
40.6964285714285 2.25315874431554e-06
41.4642857142857 6.68260973047377e-07
42.2321428571428 1.70922822489991e-07
