-43 1.40941429058812e-07
-42.2321428571429 1.2307008486859e-07
-41.4642857142857 2.32278886819353e-07
-40.6964285714286 6.53537053962938e-07
-39.9285714285714 2.03627288626143e-06
-39.1607142857143 6.57049374482416e-06
-38.3928571428571 2.09651255152135e-05
-37.625 6.56485594236068e-05
-36.8571428571429 0.000192163421384073
-36.0892857142857 0.00049148570598117
-35.3214285714286 0.000864180482115253
-34.5535714285714 0.000782030756036083
-33.7857142857143 0.000670877475634071
-33.0178571428571 0.000858205089759925
-32.25 0.000702585762574939
-31.4821428571429 0.000978206249959707
-30.7142857142857 0.0025857629665997
-29.9464285714286 0.00557172329248224
-29.1785714285714 0.00769880928432793
-28.4107142857143 0.00741295573806769
-27.6428571428572 0.00523078231789446
-26.875 0.00243999785439441
-26.1071428571429 0.00148247579799418
-25.3392857142857 0.00367775139874264
-24.5714285714286 0.0107733689062171
-23.8035714285714 0.0212406085152274
-23.0357142857143 0.0253711634867507
-22.2678571428572 0.0191902497157053
-21.5 0.00925888260435729
-20.7321428571429 0.00384389311529023
-19.9642857142857 0.00502296500929079
-19.1964285714286 0.0129248813849215
-18.4285714285714 0.0235386879053505
-17.6607142857143 0.0257392042464102
-16.8928571428572 0.0251651793157229
-16.125 0.0225012357703804
-15.3571428571429 0.0123901572777365
-14.5892857142857 0.00656901885024495
-13.8214285714286 0.0100745459970327
-13.0535714285714 0.0192246319750288
-12.2857142857143 0.0180852840146532
-11.5178571428572 0.0106031225972801
-10.75 0.0186050390615416
-9.98214285714287 0.0195793521165737
-9.21428571428573 0.0097747003307536
-8.44642857142859 0.00504757379225049
-7.67857142857144 0.00902886869897462
-6.9107142857143 0.0205397376472733
-6.14285714285716 0.030714574213686
-5.37500000000001 0.030873673994044
-4.60714285714287 0.0206236386942253
-3.83928571428573 0.00885687650966532
-3.07142857142859 0.0046200599814086
-2.30357142857144 0.00907461427750879
-1.5357142857143 0.0225145663053444
-0.767857142857157 0.0374875262132459
-1.37667655053519e-14 0.0427762187939178
0.767857142857129 0.0376343037955994
1.53571428571427 0.0218564857560716
2.30357142857142 0.00970501731928606
3.07142857142856 0.0113100491342095
3.8392857142857 0.0266388090026466
4.60714285714284 0.0394437110578389
5.37499999999999 0.0256019845267749
6.14285714285713 0.0251392020029614
6.91071428571427 0.0388872044593361
7.67857142857141 0.0267372136327398
8.44642857142856 0.012537002653359
9.2142857142857 0.0132529627373617
9.98214285714284 0.0258931640061658
10.75 0.0303791893808704
11.5178571428571 0.0243548711299251
12.2857142857143 0.029489133456823
13.0535714285714 0.0256520893368272
13.8214285714286 0.012049882539529
14.5892857142857 0.00482099941822488
15.3571428571428 0.00649609917121505
16.125 0.0163656513937412
16.8928571428571 0.0267980638350442
17.6607142857143 0.0264084752553309
18.4285714285714 0.0158211085506245
19.1964285714286 0.00609638005284325
19.9642857142857 0.00315757158154604
20.7321428571428 0.00628051345331718
21.5 0.0127288122365873
22.2678571428571 0.0126376483357832
23.0357142857143 0.00853908466565224
23.8035714285714 0.0128059662065166
24.5714285714286 0.0122072781441101
25.3392857142857 0.00628583462951878
26.1071428571428 0.00480237150047811
26.875 0.008986810787953
27.6428571428571 0.0111757750130419
28.4107142857143 0.00381144603409957
29.1785714285714 0.0045516549311958
29.9464285714286 0.011366771064532
30.7142857142857 0.0086209108373677
31.4821428571428 0.00403178808069107
32.25 0.00276102801584132
33.0178571428571 0.00331649190634918
33.7857142857143 0.00269126746678242
34.5535714285714 0.00272291376421567
35.3214285714285 0.00307351321702893
36.0892857142857 0.00187598214845073
36.8571428571428 0.000762884219053242
37.625 0.000265784969276801
38.3928571428571 8.60826932872489e-05
39.1607142857143 2.73673821232946e-05
39.9285714285714 8.58785313253832e-06
40.6964285714285 2.72723855444398e-06
41.4642857142857 8.80968348927854e-07
42.2321428571428 3.13254220936182e-07
