-43 7.56606690015166e-07
-42.2321428571429 1.01894686202647e-06
-41.4642857142857 2.13960793121573e-06
-40.6964285714286 5.77541222208365e-06
-39.9285714285714 1.69180021986265e-05
-39.1607142857143 5.12119144362503e-05
-38.3928571428571 0.00015358629993575
-37.625 0.000449087089632258
-36.8571428571429 0.00120097112349254
-36.0892857142857 0.00262937136136786
-35.3214285714286 0.00338346893753735
-34.5535714285714 0.00197916306355035
-33.7857142857143 0.00266504023261083
-33.0178571428571 0.00407535500430426
-32.25 0.00307682089307686
-31.4821428571429 0.00390498791541166
-30.7142857142857 0.00775321407492064
-29.9464285714286 0.0090767038853585
-29.1785714285714 0.00224182997329145
-28.4107142857143 0.00270310646024999
-27.6428571428572 0.00948583613439676
-26.875 0.00727952472923251
-26.1071428571429 0.00390848634995771
-25.3392857142857 0.00562645802389349
-24.5714285714286 0.0114544293178723
-23.8035714285714 0.0133041129214868
-23.0357142857143 0.0105541165206878
-22.2678571428572 0.0129936115012831
-21.5 0.0114535808884321
-20.7321428571429 0.00578280435514091
-19.9642857142857 0.00463225264180263
-19.1964285714286 0.0103874499354076
-18.4285714285714 0.0210777422750402
-17.6607142857143 0.0275673484168122
-16.8928571428572 0.0276135887957794
-16.125 0.0208119106431996
-15.3571428571429 0.0101941111130345
-14.5892857142857 0.00680157141701681
-13.8214285714286 0.0141174639637351
-13.0535714285714 0.0274254694010203
-12.2857142857143 0.0241455444618113
-11.5178571428572 0.0118218507219437
-10.75 0.0243969163555279
-9.98214285714287 0.0274703415398408
-9.21428571428573 0.0144312771589513
-8.44642857142859 0.0100946062123356
-7.67857142857144 0.0192977947884932
-6.9107142857143 0.029411213582563
-6.14285714285716 0.0212628527255635
-5.37500000000001 0.0211068363150035
-4.60714285714287 0.0295196943656556
-3.83928571428573 0.0196108743172163
-3.07142857142859 0.00840403779342046
-2.30357142857144 0.00730225571421733
-1.5357142857143 0.0177893165636812
-0.767857142857157 0.035302623471517
-1.37667655053519e-14 0.0439057759875819
0.767857142857129 0.0353026201811151
1.53571428571427 0.0177893148208193
2.30357142857142 0.0073022546660271
3.07142857142856 0.00840403338663102
3.8392857142857 0.019610859981539
4.60714285714284 0.0295196620165802
5.37499999999999 0.0211067885491104
6.14285714285713 0.0212628007644208
6.91071428571427 0.0294111747434941
7.67857142857141 0.0192977794891584
8.44642857142856 0.0100946007856775
9.2142857142857 0.0144312606443781
9.98214285714284 0.0274702919997935
10.75 0.0243968348984238
11.5178571428571 0.0118217668730046
12.2857142857143 0.024145470840212
13.0535714285714 0.0274254191422093
13.8214285714286 0.0141174404021389
14.5892857142857 0.00680156862772108
15.3571428571428 0.0101941355360548
16.125 0.0208119743376611
16.8928571428571 0.0276136749322838
17.6607142857143 0.0275674285868398
18.4285714285714 0.0210778004535118
19.1964285714286 0.0103874792417527
19.9642857142857 0.00463226272972079
20.7321428571428 0.00578280494861145
21.5 0.0114535788432502
22.2678571428571 0.0129936122036893
23.0357142857143 0.0105541154753107
23.8035714285714 0.0133041101411044
24.5714285714286 0.0114544302389849
25.3392857142857 0.00562645960834435
26.1071428571428 0.00390848464007715
26.875 0.00727951682366224
27.6428571428571 0.00948582360656095
28.4107142857143 0.00270310368122874
29.1785714285714 0.0022418315042116
29.9464285714286 0.00907669504924668
30.7142857142857 0.00775320473458587
31.4821428571428 0.00390498276173708
32.25 0.00307681678421212
33.0178571428571 0.00407535188484009
33.7857142857143 0.00266504380035263
34.5535714285714 0.00197916772526403
35.3214285714285 0.00338346673498597
36.0892857142857 0.00262936754911051
36.8571428571428 0.00120096924730207
37.625 0.00044908639990745
38.3928571428571 0.000153586073058819
39.1607142857143 5.12118750448017e-05
39.9285714285714 1.69180472912993e-05
40.6964285714285 5.77549297752554e-06
41.4642857142857 2.13967308676743e-06
42.2321428571428 1.01899142228241e-06
