-43 2.1920787408569e-08
-42.2321428571429 1.41642515714113e-07
-41.4642857142857 7.12882488236424e-07
-40.6964285714286 2.56124771831634e-06
-39.9285714285714 8.26325828755074e-06
-39.1607142857143 2.57391958175419e-05
-38.3928571428571 7.77744669026828e-05
-37.625 0.000226712252423459
-36.8571428571429 0.000600461158895565
-36.0892857142857 0.00128340181422904
-35.3214285714286 0.00152885847883038
-34.5535714285714 0.000650020311290449
-33.7857142857143 0.000998717691108221
-33.0178571428571 0.00180436576336604
-32.25 0.00133449955768549
-31.4821428571429 0.00162022842711714
-30.7142857142857 0.00350552432858542
-29.9464285714286 0.00549369134093694
-29.1785714285714 0.00469705719602049
-28.4107142857143 0.00450976984259943
-27.6428571428572 0.00540174588983006
-26.875 0.00358200522351652
-26.1071428571429 0.00265640976151889
-25.3392857142857 0.00538490256734682
-24.5714285714286 0.0112965343912173
-23.8035714285714 0.0140790545351219
-23.0357142857143 0.0126708174083038
-22.2678571428572 0.0140415965892605
-21.5 0.0109237048831106
-20.7321428571429 0.00545535501430758
-19.9642857142857 0.00576960837697607
-19.1964285714286 0.013461421813885
-18.4285714285714 0.0226448614345926
-17.6607142857143 0.0217058132296821
-16.8928571428572 0.0217183683465485
-16.125 0.0224319670152716
-15.3571428571429 0.0128690533802854
-14.5892857142857 0.00578793363078903
-13.8214285714286 0.00800372689349583
-13.0535714285714 0.0196321363797591
-12.2857142857143 0.0322705576617158
-11.5178571428572 0.0355188093320553
-10.75 0.031587675609365
-9.98214285714287 0.0193442660298942
-9.21428571428573 0.00803140484534753
-8.44642857142859 0.00574279787622324
-7.67857142857144 0.0135986266332512
-6.9107142857143 0.0294189431332576
-6.14285714285716 0.0400605626886056
-5.37500000000001 0.0393237419485069
-4.60714285714287 0.0282863113798741
-3.83928571428573 0.0131685537676828
-3.07142857142859 0.00628696242727151
-2.30357142857144 0.0103520664503912
-1.5357142857143 0.0235765310682917
-0.767857142857157 0.0330004028871597
-1.37667655053519e-14 0.032175838915643
0.767857142857129 0.0322532555845998
1.53571428571427 0.023107228831701
2.30357142857142 0.0101304896894662
3.07142857142856 0.00573331729964799
3.8392857142857 0.0119532569455439
4.60714285714284 0.0277260416467265
5.37499999999999 0.0413988244506486
6.14285714285713 0.0412900104169946
6.91071428571427 0.0276273182080754
7.67857142857141 0.0118570994187549
8.44642857142856 0.00500642359342725
9.2142857142857 0.00743039913377475
9.98214285714284 0.0180039168801808
10.75 0.0295078109517598
11.5178571428571 0.0329979820172354
12.2857142857143 0.0293378437533546
13.0535714285714 0.0175407462595577
13.8214285714286 0.00739626837912481
14.5892857142857 0.00641264074465141
15.3571428571428 0.0142127983576788
16.125 0.021664893221339
16.8928571428571 0.0152019196318161
17.6607142857143 0.0148316814041985
18.4285714285714 0.0211004596040501
19.1964285714286 0.0142511292177168
19.9642857142857 0.00692632335813097
20.7321428571428 0.0076826267850642
21.5 0.0141634303564566
22.2678571428571 0.0139151686968491
23.0357142857143 0.00869386150506969
23.8035714285714 0.0138657343344509
24.5714285714286 0.0142398886259761
25.3392857142857 0.00742589062602421
26.1071428571428 0.00405397807127357
26.875 0.00576349853547693
27.6428571428571 0.00808220961179625
28.4107142857143 0.00533690711295478
29.1785714285714 0.00554325339247837
29.9464285714286 0.00810337283690572
30.7142857142857 0.00557706355167368
31.4821428571428 0.00259797687431739
32.25 0.00197654531847187
33.0178571428571 0.00256401144788101
33.7857142857143 0.00170397045270141
34.5535714285714 0.00139914318385378
35.3214285714285 0.00225138934156626
36.0892857142857 0.00168233670466569
36.8571428571428 0.00075507176719923
37.625 0.000279126223024994
38.3928571428571 9.44506045065268e-05
39.1607142857143 3.09779936906929e-05
39.9285714285714 9.89326502789594e-06
40.6964285714285 3.07275485190065e-06
41.4642857142857 8.7204795256207e-07
42.2321428571428 1.88176103362456e-07
