-43 2.17237709312286e-08
-42.2321428571429 3.28633431009105e-08
-41.4642857142857 8.39581427262513e-08
-40.6964285714286 2.75894415560328e-07
-39.9285714285714 9.74930903289185e-07
-39.1607142857143 3.5822096624714e-06
-38.3928571428571 1.31069721696662e-05
-37.625 4.78158818797137e-05
-36.8571428571429 0.000168468642788298
-36.0892857142857 0.000545924123918581
-35.3214285714286 0.00137051546283475
-34.5535714285714 0.00215613267223671
-33.7857142857143 0.00209348307373929
-33.0178571428571 0.00145016603895879
-32.25 0.0013085832929929
-31.4821428571429 0.00290986504894743
-30.7142857142857 0.00702783108284713
-29.9464285714286 0.0110242582317345
-29.1785714285714 0.00853829761460935
-28.4107142857143 0.00759332340215576
-27.6428571428572 0.0104805784499371
-26.875 0.00738055557767976
-26.1071428571429 0.00451586097677545
-25.3392857142857 0.00746569150967938
-24.5714285714286 0.0143661193975598
-23.8035714285714 0.0132841867407772
-23.0357142857143 0.00675247822966319
-22.2678571428572 0.0129477019905107
-21.5 0.014750413612518
-20.7321428571429 0.00742064351717744
-19.9642857142857 0.00349632393213536
-19.1964285714286 0.00655925067079112
-18.4285714285714 0.0173313156307078
-17.6607142857143 0.0289413577741035
-16.8928571428572 0.0290823088847875
-16.125 0.017722784189845
-15.3571428571429 0.00702411014319094
-14.5892857142857 0.0037806341102782
-13.8214285714286 0.0075951682554361
-13.0535714285714 0.0174863155155959
-12.2857142857143 0.0252234144157402
-11.5178571428572 0.0260891260398432
-10.75 0.0260047608367119
-9.98214285714287 0.0177747360501078
-9.21428571428573 0.00786406320468835
-8.44642857142859 0.00658790778724146
-7.67857142857144 0.0155679642868582
-6.9107142857143 0.0289482189410036
-6.14285714285716 0.0316611108448467
-5.37500000000001 0.0307158827879294
-4.60714285714287 0.0276841192119904
-3.83928571428573 0.0150949418527555
-3.07142857142859 0.00590849191136988
-2.30357142857144 0.00613852887680305
-1.5357142857143 0.0191789482848422
-0.767857142857157 0.0455286181943078
-1.37667655053519e-14 0.0611111398233411
0.767857142857129 0.0455286123112831
1.53571428571427 0.0191789467937547
2.30357142857142 0.006138527979429
3.07142857142856 0.00590848105461346
3.8392857142857 0.0150949078666282
4.60714285714284 0.0276840577994179
5.37499999999999 0.0307158134130543
6.14285714285713 0.0316610408570726
6.91071428571427 0.0289481633451341
7.67857142857141 0.0155679392719947
8.44642857142856 0.00658790260942297
9.2142857142857 0.00786406190991771
9.98214285714284 0.0177747130752708
10.75 0.0260046896233463
11.5178571428571 0.0260890301309675
12.2857142857143 0.0252233494607736
13.0535714285714 0.0174862881358612
13.8214285714286 0.0075951575133998
14.5892857142857 0.00378063054214751
15.3571428571428 0.00702411726304642
16.125 0.0177228222309375
16.8928571428571 0.0290823876039203
17.6607142857143 0.0289414318324399
18.4285714285714 0.0173313473414802
19.1964285714286 0.00655925956085783
19.9642857142857 0.00349633688143937
20.7321428571428 0.00742067900628999
21.5 0.0147504779462546
22.2678571428571 0.0129477489787129
23.0357142857143 0.00675249361013322
23.8035714285714 0.0132842386422988
24.5714285714286 0.0143661837448552
25.3392857142857 0.00746572249701161
26.1071428571428 0.00451586208264874
26.875 0.00738053817607749
27.6428571428571 0.0104805544088844
28.4107142857143 0.00759330510666948
29.1785714285714 0.00853827590824279
29.9464285714286 0.01102423389334
30.7142857142857 0.007027818367071
31.4821428571428 0.00290986204910265
32.25 0.00130858166155741
33.0178571428571 0.0014501547678156
33.7857142857143 0.0020934568101424
34.5535714285714 0.00215610503587015
35.3214285714285 0.00137049954794619
36.0892857142857 0.000545918259050204
36.8571428571428 0.000168466849022425
37.625 4.78153726687779e-05
38.3928571428571 1.31068364356136e-05
39.1607142857143 3.58218335529445e-06
39.9285714285714 9.74934054950008e-07
40.6964285714285 2.75901821516527e-07
41.4642857142857 8.3963093421338e-08
42.2321428571428 3.28657975011898e-08
