-43 5.26404486102732e-08
-42.2321428571429 9.65625241717604e-08
-41.4642857142857 2.40238512610718e-07
-40.6964285714286 6.95494566443292e-07
-39.9285714285714 2.09341796441487e-06
-39.1607142857143 6.40313722235603e-06
-38.3928571428571 1.93204650112734e-05
-37.625 5.69606675501528e-05
-36.8571428571429 0.00015480747413372
-36.0892857142857 0.00035434673926638
-35.3214285714286 0.000512280696706411
-34.5535714285714 0.000329458431503788
-33.7857142857143 0.000324626160736389
-33.0178571428571 0.00054106995557025
-32.25 0.000388091959960156
-31.4821428571429 0.00040052896429776
-30.7142857142857 0.00107661980350057
-29.9464285714286 0.00262622378402763
-29.1785714285714 0.00426498575418164
-28.4107142857143 0.00444696734278053
-27.6428571428572 0.00292440954666592
-26.875 0.00118417856258375
-26.1071428571429 0.000634997804011198
-25.3392857142857 0.00173189982384228
-24.5714285714286 0.0055020339704009
-23.8035714285714 0.0119962593461259
-23.0357142857143 0.0158859554442851
-22.2678571428572 0.0125683922209694
-21.5 0.00577879822973423
-20.7321428571429 0.00213571364004953
-19.9642857142857 0.0031925741939357
-19.1964285714286 0.00959348394523787
-18.4285714285714 0.0210098500826936
-17.6607142857143 0.0299958287622285
-16.8928571428572 0.030986457993012
-16.125 0.0221249884336004
-15.3571428571429 0.0096934099089127
-14.5892857142857 0.0046000349277446
-13.8214285714286 0.00918094549781325
-13.0535714285714 0.0237188572763558
-12.2857142857143 0.0403593461598181
-11.5178571428572 0.0474492722230454
-10.75 0.0432157989118892
-9.98214285714287 0.0255306572906514
-9.21428571428573 0.00957872257122653
-8.44642857142859 0.00548401001701278
-7.67857142857144 0.0142213462489089
-6.9107142857143 0.0373988373738253
-6.14285714285716 0.0625111989813633
-5.37500000000001 0.0651019699308634
-4.60714285714287 0.0414198340172059
-3.83928571428573 0.0159986594626728
-3.07142857142859 0.00470739150836861
-2.30357142857144 0.00545115983972173
-1.5357142857143 0.0200002428105822
-0.767857142857157 0.0503337914748838
-1.37667655053519e-14 0.0704814564567009
0.767857142857129 0.0541130576435335
1.53571428571427 0.0230102394191126
2.30357142857142 0.00652003318351065
3.07142857142856 0.00385789511393926
3.8392857142857 0.010961352280102
4.60714285714284 0.0270159886898578
5.37499999999999 0.0419130035328006
6.14285714285713 0.0433400048258234
6.91071428571427 0.0293643572221545
7.67857142857141 0.0125187743977776
8.44642857142856 0.00508207938587754
9.2142857142857 0.00732071982609815
9.98214285714284 0.0162148382622248
10.75 0.0209803973689188
11.5178571428571 0.0194458234089987
12.2857142857143 0.0220893827574858
13.0535714285714 0.0174941990082587
13.8214285714286 0.00803119077871271
14.5892857142857 0.00432497477363049
15.3571428571428 0.00740996512659269
16.125 0.0129259172604679
16.8928571428571 0.0132199327490314
17.6607142857143 0.0138002925538479
18.4285714285714 0.0140428962422413
19.1964285714286 0.00809766298782935
19.9642857142857 0.00307462066892794
20.7321428571428 0.0019744242371844
21.5 0.00433235579413694
22.2678571428571 0.00831876274816763
23.0357142857143 0.0104910158556371
23.8035714285714 0.00912331090063389
24.5714285714286 0.00502861668646596
25.3392857142857 0.00179176155652268
26.1071428571428 0.000507026959259507
26.875 0.000587530578397867
27.6428571428571 0.00196906784994547
28.4107142857143 0.00389843266512529
29.1785714285714 0.00412049974740864
29.9464285714286 0.00237572431315192
30.7142857142857 0.000829297173640528
31.4821428571428 0.000214060772449081
32.25 0.000107078353377608
33.0178571428571 0.000217407059706655
33.7857142857143 0.000305638293670836
34.5535714285714 0.000315817938043528
35.3214285714285 0.000253334566946208
36.0892857142857 0.000131131021893743
36.8571428571428 4.98693954420095e-05
37.625 1.69414250946738e-05
38.3928571428571 5.51074513183801e-06
39.1607142857143 1.79709714207744e-06
39.9285714285714 5.92021419942808e-07
40.6964285714285 2.0735574882353e-07
41.4642857142857 8.41130490034955e-08
42.2321428571428 5.01234459375731e-08
