-43 4.66632646229606e-08
-42.2321428571429 2.22867565357965e-07
-41.4642857142857 1.00590359973386e-06
-40.6964285714286 3.50970551560985e-06
-39.9285714285714 1.11853606446047e-05
-39.1607142857143 3.46525920491332e-05
-38.3928571428571 0.000104672656294109
-37.625 0.000307353875358988
-36.8571428571429 0.000831394950890823
-36.0892857142857 0.0018851513246592
-35.3214285714286 0.0027115756800001
-34.5535714285714 0.0020168970115398
-33.7857142857143 0.00230624965341881
-33.0178571428571 0.00322893491849285
-32.25 0.00255360494082836
-31.4821428571429 0.00339360371770293
-30.7142857142857 0.00702437622935053
-29.9464285714286 0.00940218833417414
-29.1785714285714 0.00534644076870384
-28.4107142857143 0.00565470992890074
-27.6428571428572 0.00970435306502578
-26.875 0.00680799797832099
-26.1071428571429 0.00444601339614011
-25.3392857142857 0.00784492907454226
-24.5714285714286 0.0145262002816301
-23.8035714285714 0.0118900921431695
-23.0357142857143 0.0043952357988091
-22.2678571428572 0.011633464359033
-21.5 0.0143738494549712
-20.7321428571429 0.00785508919592797
-19.9642857142857 0.00606904309960542
-19.1964285714286 0.0121358096142964
-18.4285714285714 0.0192557963946226
-17.6607142857143 0.0157533284264212
-16.8928571428572 0.0153363833904656
-16.125 0.0187827705954
-15.3571428571429 0.0118556232828679
-14.5892857142857 0.00571325175923276
-13.8214285714286 0.00761178818972359
-13.0535714285714 0.0173339282365156
-12.2857142857143 0.0262850839974451
-11.5178571428572 0.027596749848604
-10.75 0.0258291044095838
-9.98214285714287 0.0167809803607887
-9.21428571428573 0.00747115210858457
-8.44642857142859 0.00666171641500511
-7.67857142857144 0.0153597107617718
-6.9107142857143 0.0273090753979527
-6.14285714285716 0.0289912692147445
-5.37500000000001 0.0290205673368521
-4.60714285714287 0.0267589347838507
-3.83928571428573 0.0146713948793681
-3.07142857142859 0.00763016341052924
-2.30357142857144 0.012281454253811
-1.5357142857143 0.0259087102823289
-0.767857142857157 0.0310427099330345
-1.37667655053519e-14 0.0256373356862398
0.767857142857129 0.0297491923115322
1.53571428571427 0.0248784892388054
2.30357142857142 0.0119156166386403
3.07142857142856 0.00792092222458602
3.8392857142857 0.0163955008511068
4.60714285714284 0.0316888756622652
5.37499999999999 0.0369573260202176
6.14285714285713 0.0355528768452763
6.91071428571427 0.0300589919763467
7.67857142857141 0.0159424452527105
8.44642857142856 0.00679928967523425
9.2142857142857 0.00824400543443434
9.98214285714284 0.0199695052539213
10.75 0.0334395789104892
11.5178571428571 0.0371814283322966
12.2857142857143 0.0325383162816614
13.0535714285714 0.0194644486097643
13.8214285714286 0.00800532486827454
14.5892857142857 0.00580740398928192
15.3571428571428 0.0126371827293177
16.125 0.021931322925033
16.8928571428571 0.0214172804367161
17.6607142857143 0.0212965283912504
18.4285714285714 0.0216403708071047
19.1964285714286 0.0126477934422653
19.9642857142857 0.00610942218739347
20.7321428571428 0.00791030197721679
21.5 0.0148689344732667
22.2678571428571 0.0130879837487571
23.0357142857143 0.00624174694090832
23.8035714285714 0.012873418569973
24.5714285714286 0.0146882524305799
25.3392857142857 0.00782444996971381
26.1071428571428 0.00448981532137952
26.875 0.007012206389355
27.6428571428571 0.0100313236191681
28.4107142857143 0.00584243884027831
29.1785714285714 0.00539587922052582
29.9464285714286 0.00948791826253727
30.7142857142857 0.0071090242938571
31.4821428571428 0.00345742337643259
32.25 0.00264977868369755
33.0178571428571 0.00333970478054275
33.7857142857143 0.00231274790844407
34.5535714285714 0.00202156120561554
35.3214285714285 0.00280019164401351
36.0892857142857 0.0019615417881287
36.8571428571428 0.000867308126924591
37.625 0.000321050015485067
38.3928571428571 0.000109399056102307
39.1607142857143 3.62291249382482e-05
39.9285714285714 1.1699325852356e-05
40.6964285714285 3.67686744211155e-06
41.4642857142857 1.05941685551108e-06
42.2321428571428 2.38821305533288e-07
