2131
Se -54.36420416 -54.36420416  2.85569722
Cd -57.22014704 -51.50674949  5.71271725
Se -54.36420416 -48.64948380  8.57011523
Cd -51.50674949 -57.22014704  5.71271725
Se -48.64948380 -54.36420416  8.57011523
Cd -51.50674949 -51.50674949  11.42605811
Se -54.36458210 -54.36458210 -8.57054987
Cd -57.22052499 -51.50712744 -5.71303851
Se -54.36401518 -48.64986174 -2.85601848
Cd -57.21995807 -45.79221810 -0.00001854
Se -54.36401518 -42.93155090  2.85588619
Cd -57.22033602 -40.06974986  5.71328417
Se -54.36420416 -37.20757088  8.57007743
Cd -51.50712744 -57.22052499 -5.71303851
Se -48.64986174 -54.36401518 -2.85601848
Cd -51.50693846 -51.50693846  0.00002142
Se -48.64967277 -48.64967277  2.85588619
Cd -51.50693846 -45.79221810  5.71284953
Se -48.64967277 -42.93173987  8.56981287
Cd -51.50731641 -40.06974986  11.42626598
Cd -45.79221810 -57.21995807 -0.00001854
Se -42.93155090 -54.36401518  2.85588619
Cd -45.79221810 -51.50693846  5.71284953
Se -42.93173987 -48.64967277  8.56981287
Cd -45.79221810 -45.79221810  11.42600142
Cd -40.06974986 -57.22033602  5.71328417
Se -37.20757088 -54.36420416  8.57007743
Cd -40.06974986 -51.50731641  11.42626598
Se -54.36420416 -42.93192884 -8.57009633
Cd -57.22033602 -40.06974986 -5.71326527
Se -54.36382621 -37.20775985 -2.85588619
Cd -57.22014704 -34.34558087 -0.00000013
Se -54.36382621 -31.48340189  2.85588619
Cd -57.22033602 -28.62141188  5.71326527
Se -54.36420416 -25.75904392  8.57007743
Cd -51.50712744 -51.50712744 -11.42639827
Se -48.64986174 -48.64986174 -8.56994515
Cd -51.50693846 -45.79221810 -5.71288733
Se -48.64967277 -42.93173987 -2.85581061
Cd -51.50693846 -40.06974986  0.00000210
Se -48.64967277 -37.20775985  2.85582950
Cd -51.50712744 -34.34558087  5.71296292
Se -48.64967277 -31.48340189  8.56979397
Cd -51.50731641 -28.62141188  11.42626598
Se -42.93192884 -54.36420416 -8.57009633
Cd -45.79221810 -51.50693846 -5.71288733
Se -42.93173987 -48.64967277 -2.85581061
Cd -45.79240707 -45.79240707 -0.00001254
Se -42.93173987 -42.93173987  2.85573502
Cd -45.79240707 -40.06974986  5.71305740
Se -42.93173987 -37.20775985  8.56968059
Cd -45.79221810 -34.34558087  11.42609591
Cd -40.06974986 -57.22033602 -5.71326527
Se -37.20775985 -54.36382621 -2.85588619
Cd -40.06974986 -51.50693846  0.00000210
Se -37.20775985 -48.64967277  2.85582950
Cd -40.06974986 -45.79240707  5.71305740
Se -37.20775985 -42.93173987  8.56968059
Cd -40.06974986 -40.06974986  11.42617150
Cd -34.34558087 -57.22014704 -0.00000013
Se -31.48340189 -54.36382621  2.85588619
Cd -34.34558087 -51.50712744  5.71296292
Se -31.48340189 -48.64967277  8.56979397
Cd -34.34558087 -45.79221810  11.42609591
Cd -28.62141188 -57.22033602  5.71326527
Se -25.75904392 -54.36420416  8.57007743
Cd -28.62141188 -51.50731641  11.42626598
Se -54.36420416 -31.48359086 -8.57007743
Cd -57.22033602 -28.62122291 -5.71326527
Se -54.36382621 -25.75923290 -2.85588619
Cd -57.22014704 -22.89705391  0.00000000
Se -54.36382621 -20.03487493  2.85588619
Cd -57.22033602 -17.17280933  5.71326527
Se -54.36420416 -14.31044138  8.57007743
Cd -51.50731641 -40.06974986 -11.42626598
Se -48.64967277 -37.20775985 -8.56979397
Cd -51.50712744 -34.34558087 -5.71296292
Se -48.64967277 -31.48340189 -2.85582950
Cd -51.50693846 -28.62122291  0.00000000
Se -48.64967277 -25.75923290  2.85582950
Cd -51.50712744 -22.89705391  5.71296292
Se -48.64967277 -20.03487493  8.56979397
Cd -51.50731641 -17.17280933  11.42626598
Cd -45.79240707 -45.79240707 -11.42600142
Se -42.93173987 -42.93173987 -8.56969949
Cd -45.79240707 -40.06993883 -5.71305740
Se -42.93173987 -37.20775985 -2.85573502
Cd -45.79240707 -34.34558087  0.00000003
Se -42.93173987 -31.48340189  2.85573502
Cd -45.79240707 -28.62122291  5.71305740
Se -42.93173987 -25.75923290  8.56968059
Cd -45.79221810 -22.89705391  11.42609591
Cd -40.06974986 -51.50731641 -11.42626598
Se -37.20775985 -48.64967277 -8.56979397
Cd -40.06993883 -45.79240707 -5.71305740
Se -37.20775985 -42.93173987 -2.85573502
Cd -40.06974986 -40.06974986 -0.00000096
Se -37.20775985 -37.20775985  2.85575391
Cd -40.06974986 -34.34558087  5.71317079
Se -37.20775985 -31.48340189  8.56966169
Cd -40.06974986 -28.62141188  11.42619040
Se -31.48359086 -54.36420416 -8.57007743
Cd -34.34558087 -51.50712744 -5.71296292
Se -31.48340189 -48.64967277 -2.85582950
Cd -34.34558087 -45.79240707  0.00000003
Se -31.48340189 -42.93173987  2.85573502
Cd -34.34558087 -40.06974986  5.71317079
Se -31.48340189 -37.20775985  8.56966169
Cd -34.34558087 -34.34558087  11.42619040
Cd -28.62122291 -57.22033602 -5.71326527
Se -25.75923290 -54.36382621 -2.85588619
Cd -28.62122291 -51.50693846  0.00000000
Se -25.75923290 -48.64967277  2.85582950
Cd -28.62122291 -45.79240707  5.71305740
Se -25.75923290 -42.93173987  8.56968059
Cd -28.62141188 -40.06974986  11.42619040
Cd -22.89705391 -57.22014704  0.00000000
Se -20.03487493 -54.36382621  2.85588619
Cd -22.89705391 -51.50712744  5.71296292
Se -20.03487493 -48.64967277  8.56979397
Cd -22.89705391 -45.79221810  11.42609591
Cd -17.17280933 -57.22033602  5.71326527
Se -14.31044138 -54.36420416  8.57007743
Cd -17.17280933 -51.50731641  11.42626598
Se -54.36420416 -20.03506390 -8.57007743
Cd -57.22033602 -17.17277154 -5.71326527
Se -54.36382621 -14.31070594 -2.85588619
Cd -57.22014704 -11.44852696  0.00000000
Se -54.36382621 -8.58634797  2.85588619
Cd -57.22033602 -5.72428238  5.71326527
Se -54.36420416 -2.86191442  8.57007743
Cd -51.50731641 -28.62122291 -11.42626598
Se -48.64967277 -25.75923290 -8.56979397
Cd -51.50712744 -22.89705391 -5.71296292
Se -48.64967277 -20.03487493 -2.85582950
Cd -51.50693846 -17.17279043  0.00000000
Se -48.64967277 -14.31063035  2.85582950
Cd -51.50712744 -11.44848916  5.71296292
Se -48.64967277 -8.58634797  8.56979397
Cd -51.50731641 -5.72428238  11.42626598
Cd -45.79221810 -34.34558087 -11.42609591
Se -42.93173987 -31.48340189 -8.56968059
Cd -45.79240707 -28.62141188 -5.71305740
Se -42.93173987 -25.75923290 -2.85573502
Cd -45.79240707 -22.89705391  0.00000000
Se -42.93173987 -20.03487493  2.85573502
Cd -45.79240707 -17.17275264  5.71305740
Se -42.93173987 -14.31064925  8.56968059
Cd -45.79221810 -11.44847026  11.42609591
Cd -40.06974986 -40.06974986 -11.42617150
Se -37.20775985 -37.20775985 -8.56966169
Cd -40.06974986 -34.34558087 -5.71317079
Se -37.20775985 -31.48340189 -2.85575391
Cd -40.06974986 -28.62122291  0.00000000
Se -37.20775985 -25.75923290  2.85575391
Cd -40.06974986 -22.89705391  5.71317079
Se -37.20775985 -20.03487493  8.56966169
Cd -40.06974986 -17.17279043  11.42619040
Cd -34.34558087 -45.79221810 -11.42609591
Se -31.48340189 -42.93173987 -8.56968059
Cd -34.34558087 -40.06974986 -5.71317079
Se -31.48340189 -37.20775985 -2.85575391
Cd -34.34558087 -34.34558087  0.00000001
Se -31.48340189 -31.48340189  2.85575391
Cd -34.34558087 -28.62122291  5.71317079
Se -31.48340189 -25.75923290  8.56966169
Cd -34.34558087 -22.89705391  11.42619040
Cd -28.62122291 -51.50731641 -11.42626598
Se -25.75923290 -48.64967277 -8.56979397
Cd -28.62141188 -45.79240707 -5.71305740
Se -25.75923290 -42.93173987 -2.85573502
Cd -28.62122291 -40.06974986  0.00000000
Se -25.75923290 -37.20775985  2.85575391
Cd -28.62122291 -34.34558087  5.71317079
Se -25.75923290 -31.48340189  8.56966169
Cd -28.62141188 -28.62141188  11.42619040
Se -20.03506390 -54.36420416 -8.57007743
Cd -22.89705391 -51.50712744 -5.71296292
Se -20.03487493 -48.64967277 -2.85582950
Cd -22.89705391 -45.79240707  0.00000000
Se -20.03487493 -42.93173987  2.85573502
Cd -22.89705391 -40.06974986  5.71317079
Se -20.03487493 -37.20775985  8.56966169
Cd -22.89705391 -34.34558087  11.42619040
Cd -17.17277154 -57.22033602 -5.71326527
Se -14.31070594 -54.36382621 -2.85588619
Cd -17.17279043 -51.50693846  0.00000000
Se -14.31063035 -48.64967277  2.85582950
Cd -17.17275264 -45.79240707  5.71305740
Se -14.31064925 -42.93173987  8.56968059
Cd -17.17279043 -40.06974986  11.42619040
Cd -11.44852696 -57.22014704  0.00000000
Se -8.58634797 -54.36382621  2.85588619
Cd -11.44848916 -51.50712744  5.71296292
Se -8.58634797 -48.64967277  8.56979397
Cd -11.44847026 -45.79221810  11.42609591
Cd -5.72428238 -57.22033602  5.71326527
Se -2.86191442 -54.36420416  8.57007743
Cd -5.72428238 -51.50731641  11.42626598
Se -54.36420416 -8.58661254 -8.57007743
Cd -57.22033602 -5.72424458 -5.71326527
Se -54.36382621 -2.86217898 -2.85588619
Cd -57.22014704 -0.00000000 -0.00000000
Se -54.36382621  2.86217898  2.85588619
Cd -57.22033602  5.72424458  5.71326527
Se -54.36420416  8.58661254  8.57007743
Cd -51.50731641 -17.17277154 -11.42626598
Se -48.64967277 -14.31070594 -8.56979397
Cd -51.50712744 -11.44856475 -5.71296292
Se -48.64967277 -8.58642356 -2.85582950
Cd -51.50693846 -5.72426348  0.00000000
Se -48.64967277 -2.86210339  2.85582950
Cd -51.50712744  0.00003047  5.71296292
Se -48.64967277  2.86217898  8.56979397
Cd -51.50731641  5.72424458  11.42626598
Cd -45.79221810 -22.89705391 -11.42609591
Se -42.93173987 -20.03487493 -8.56968059
Cd -45.79240707 -17.17282823 -5.71305740
Se -42.93173987 -14.31066814 -2.85573502
Cd -45.79240707 -11.44852696  0.00000000
Se -42.93173987 -8.58638577  2.85573502
Cd -45.79240707 -5.72422568  5.71305740
Se -42.93173987 -2.86212229  8.56968059
Cd -45.79221810  0.00004930  11.42609591
Cd -40.06974986 -28.62122291 -11.42619040
Se -37.20775985 -25.75923290 -8.56966169
Cd -40.06974986 -22.89705391 -5.71317079
Se -37.20775985 -20.03487493 -2.85575391
Cd -40.06974986 -17.17279043 -0.00000000
Se -37.20775985 -14.31066814  2.85575391
Cd -40.06974986 -11.44852696  5.71317079
Se -37.20775985 -8.58640467  8.56966169
Cd -40.06974986 -5.72426348  11.42619040
Cd -34.34558087 -34.34558087 -11.42619040
Se -31.48340189 -31.48340189 -8.56966169
Cd -34.34558087 -28.62141188 -5.71317079
Se -31.48340189 -25.75923290 -2.85575391
Cd -34.34558087 -22.89705391  0.00000000
Se -31.48340189 -20.03487493  2.85575391
Cd -34.34558087 -17.17279043  5.71317079
Se -31.48340189 -14.31066814  8.56966169
Cd -34.34558087 -11.44852696  11.42619040
Cd -28.62122291 -40.06974986 -11.42619040
Se -25.75923290 -37.20775985 -8.56966169
Cd -28.62141188 -34.34558087 -5.71317079
Se -25.75923290 -31.48340189 -2.85575391
Cd -28.62122291 -28.62122291  0.00000000
Se -25.75923290 -25.75923290  2.85575391
Cd -28.62122291 -22.89705391  5.71317079
Se -25.75923290 -20.03487493  8.56966169
Cd -28.62141188 -17.17279043  11.42619040
Cd -22.89705391 -45.79221810 -11.42609591
Se -20.03487493 -42.93173987 -8.56968059
Cd -22.89705391 -40.06974986 -5.71317079
Se -20.03487493 -37.20775985 -2.85575391
Cd -22.89705391 -34.34558087  0.00000000
Se -20.03487493 -31.48340189  2.85575391
Cd -22.89705391 -28.62122291  5.71317079
Se -20.03487493 -25.75923290  8.56966169
Cd -22.89705391 -22.89705391  11.42619040
Cd -17.17277154 -51.50731641 -11.42626598
Se -14.31070594 -48.64967277 -8.56979397
Cd -17.17282823 -45.79240707 -5.71305740
Se -14.31066814 -42.93173987 -2.85573502
Cd -17.17279043 -40.06974986 -0.00000000
Se -14.31066814 -37.20775985  2.85575391
Cd -17.17279043 -34.34558087  5.71317079
Se -14.31066814 -31.48340189  8.56966169
Cd -17.17279043 -28.62141188  11.42619040
Se -8.58661254 -54.36420416 -8.57007743
Cd -11.44856475 -51.50712744 -5.71296292
Se -8.58642356 -48.64967277 -2.85582950
Cd -11.44852696 -45.79240707  0.00000000
Se -8.58638577 -42.93173987  2.85573502
Cd -11.44852696 -40.06974986  5.71317079
Se -8.58640467 -37.20775985  8.56966169
Cd -11.44852696 -34.34558087  11.42619040
Cd -5.72424458 -57.22033602 -5.71326527
Se -2.86217898 -54.36382621 -2.85588619
Cd -5.72426348 -51.50693846  0.00000000
Se -2.86210339 -48.64967277  2.85582950
Cd -5.72422568 -45.79240707  5.71305740
Se -2.86212229 -42.93173987  8.56968059
Cd -5.72426348 -40.06974986  11.42619040
Cd  0.00000000 -57.22014704  0.00000000
Se  2.86217898 -54.36382621  2.85588619
Cd  0.00003047 -51.50712744  5.71296292
Se  2.86217898 -48.64967277  8.56979397
Cd  0.00004930 -45.79221810  11.42609591
Cd  5.72424458 -57.22033602  5.71326527
Se  8.58661254 -54.36420416  8.57007743
Cd  5.72424458 -51.50731641  11.42626598
Se -54.36420416  2.86191442 -8.57007743
Cd -57.22033602  5.72428238 -5.71326527
Se -54.36382621  8.58634797 -2.85588619
Cd -57.22014704  11.44852696  0.00000000
Se -54.36382621  14.31070594  2.85588619
Cd -57.22033602  17.17277154  5.71326527
Se -54.36420416  20.03506390  8.57007743
Cd -51.50731641 -5.72424458 -11.42626598
Se -48.64967277 -2.86217898 -8.56979397
Cd -51.50712744 -0.00003047 -5.71296292
Se -48.64967277  2.86210339 -2.85582950
Cd -51.50693846  5.72426348 -0.00000000
Se -48.64967277  8.58642356  2.85582950
Cd -51.50712744  11.44856475  5.71296292
Se -48.64967277  14.31070594  8.56979397
Cd -51.50731641  17.17277154  11.42626598
Cd -45.79221810 -11.44858365 -11.42609591
Se -42.93173987 -8.58640467 -8.56968059
Cd -45.79240707 -5.72430127 -5.71305740
Se -42.93173987 -2.86214119 -2.85573502
Cd -45.79240707 -0.00000000  0.00000000
Se -42.93173987  2.86214119  2.85573502
Cd -45.79240707  5.72430127  5.71305740
Se -42.93173987  8.58640467  8.56968059
Cd -45.79221810  11.44858365  11.42609591
Cd -40.06974986 -17.17279043 -11.42619040
Se -37.20775985 -14.31064925 -8.56966169
Cd -40.06974986 -11.44852696 -5.71317079
Se -37.20775985 -8.58638577 -2.85575391
Cd -40.06974986 -5.72426348  0.00000000
Se -37.20775985 -2.86214119  2.85575391
Cd -40.06974986 -0.00000382  5.71317079
Se -37.20775985  2.86212229  8.56966169
Cd -40.06974986  5.72426348  11.42619040
Cd -34.34558087 -22.89705391 -11.42619040
Se -31.48340189 -20.03487493 -8.56966169
Cd -34.34558087 -17.17279043 -5.71317079
Se -31.48340189 -14.31066814 -2.85575391
Cd -34.34558087 -11.44852696 -0.00000000
Se -31.48340189 -8.58638577  2.85575391
Cd -34.34558087 -5.72426348  5.71317079
Se -31.48340189 -2.86214119  8.56966169
Cd -34.34558087 -0.00000031  11.42619040
Cd -28.62122291 -28.62122291 -11.42619040
Se -25.75923290 -25.75923290 -8.56966169
Cd -28.62122291 -22.89705391 -5.71317079
Se -25.75923290 -20.03487493 -2.85575391
Cd -28.62122291 -17.17279043 -0.00000000
Se -25.75923290 -14.31064925  2.85575391
Cd -28.62122291 -11.44852696  5.71317079
Se -25.75923290 -8.58640467  8.56966169
Cd -28.62141188 -5.72426348  11.42619040
Cd -22.89705391 -34.34558087 -11.42619040
Se -20.03487493 -31.48340189 -8.56966169
Cd -22.89705391 -28.62122291 -5.71317079
Se -20.03487493 -25.75923290 -2.85575391
Cd -22.89705391 -22.89705391  0.00000000
Se -20.03487493 -20.03487493  2.85575391
Cd -22.89705391 -17.17279043  5.71317079
Se -20.03487493 -14.31064925  8.56966169
Cd -22.89705391 -11.44852696  11.42619040
Cd -17.17279043 -40.06974986 -11.42619040
Se -14.31064925 -37.20775985 -8.56966169
Cd -17.17279043 -34.34558087 -5.71317079
Se -14.31066814 -31.48340189 -2.85575391
Cd -17.17279043 -28.62122291 -0.00000000
Se -14.31064925 -25.75923290  2.85575391
Cd -17.17279043 -22.89705391  5.71317079
Se -14.31064925 -20.03487493  8.56966169
Cd -17.17279043 -17.17279043  11.42619040
Cd -11.44858365 -45.79221810 -11.42609591
Se -8.58640467 -42.93173987 -8.56968059
Cd -11.44852696 -40.06974986 -5.71317079
Se -8.58638577 -37.20775985 -2.85575391
Cd -11.44852696 -34.34558087 -0.00000000
Se -8.58638577 -31.48340189  2.85575391
Cd -11.44852696 -28.62122291  5.71317079
Se -8.58640467 -25.75923290  8.56966169
Cd -11.44852696 -22.89705391  11.42619040
Cd -5.72424458 -51.50731641 -11.42626598
Se -2.86217898 -48.64967277 -8.56979397
Cd -5.72430127 -45.79240707 -5.71305740
Se -2.86214119 -42.93173987 -2.85573502
Cd -5.72426348 -40.06974986  0.00000000
Se -2.86214119 -37.20775985  2.85575391
Cd -5.72426348 -34.34558087  5.71317079
Se -2.86214119 -31.48340189  8.56966169
Cd -5.72426348 -28.62141188  11.42619040
Se  2.86191442 -54.36420416 -8.57007743
Cd -0.00003047 -51.50712744 -5.71296292
Se  2.86210339 -48.64967277 -2.85582950
Cd  0.00000000 -45.79240707  0.00000000
Se  2.86214119 -42.93173987  2.85573502
Cd -0.00000382 -40.06974986  5.71317079
Se  2.86212229 -37.20775985  8.56966169
Cd -0.00000031 -34.34558087  11.42619040
Cd  5.72428238 -57.22033602 -5.71326527
Se  8.58634797 -54.36382621 -2.85588619
Cd  5.72426348 -51.50693846 -0.00000000
Se  8.58642356 -48.64967277  2.85582950
Cd  5.72430127 -45.79240707  5.71305740
Se  8.58640467 -42.93173987  8.56968059
Cd  5.72426348 -40.06974986  11.42619040
Cd  11.44852696 -57.22014704 -0.00000000
Se  14.31070594 -54.36382621  2.85588619
Cd  11.44856475 -51.50712744  5.71296292
Se  14.31070594 -48.64967277  8.56979397
Cd  11.44858365 -45.79221810  11.42609591
Cd  17.17277154 -57.22033602  5.71326527
Se  20.03506390 -54.36420416  8.57007743
Cd  17.17277154 -51.50731641  11.42626598
Se -54.36420416  14.31044138 -8.57007743
Cd -57.22033602  17.17280933 -5.71326527
Se -54.36382621  20.03487493 -2.85588619
Cd -57.22014704  22.89705391 -0.00000000
Se -54.36382621  25.75923290  2.85588619
Cd -57.22033602  28.62122291  5.71326527
Se -54.36420416  31.48359086  8.57007743
Cd -51.50731641  5.72428238 -11.42626598
Se -48.64967277  8.58634797 -8.56979397
Cd -51.50712744  11.44848916 -5.71296292
Se -48.64967277  14.31063035 -2.85582950
Cd -51.50693846  17.17279043 -0.00000000
Se -48.64967277  20.03487493  2.85582950
Cd -51.50712744  22.89705391  5.71296292
Se -48.64967277  25.75923290  8.56979397
Cd -51.50731641  28.62122291  11.42626598
Cd -45.79221810 -0.00004930 -11.42609591
Se -42.93173987  2.86212229 -8.56968059
Cd -45.79240707  5.72422568 -5.71305740
Se -42.93173987  8.58638577 -2.85573502
Cd -45.79240707  11.44852696 -0.00000000
Se -42.93173987  14.31066814  2.85573502
Cd -45.79240707  17.17282823  5.71305740
Se -42.93173987  20.03487493  8.56968059
Cd -45.79221810  22.89705391  11.42609591
Cd -40.06974986 -5.72426348 -11.42619040
Se -37.20775985 -2.86212229 -8.56966169
Cd -40.06974986  0.00000382 -5.71317079
Se -37.20775985  2.86214119 -2.85575391
Cd -40.06974986  5.72426348 -0.00000000
Se -37.20775985  8.58638577  2.85575391
Cd -40.06974986  11.44852696  5.71317079
Se -37.20775985  14.31064925  8.56966169
Cd -40.06974986  17.17279043  11.42619040
Cd -34.34558087 -11.44852696 -11.42619040
Se -31.48340189 -8.58638577 -8.56966169
Cd -34.34558087 -5.72426348 -5.71317079
Se -31.48340189 -2.86214119 -2.85575391
Cd -34.34558087  0.00000000  0.00000000
Se -31.48340189  2.86214119  2.85575391
Cd -34.34558087  5.72426348  5.71317079
Se -31.48340189  8.58638577  8.56966169
Cd -34.34558087  11.44852696  11.42619040
Cd -28.62141188 -17.17279043 -11.42619040
Se -25.75923290 -14.31064925 -8.56966169
Cd -28.62122291 -11.44852696 -5.71317079
Se -25.75923290 -8.58640467 -2.85575391
Cd -28.62122291 -5.72426348 -0.00000000
Se -25.75923290 -2.86212229  2.85575391
Cd -28.62122291  0.00000000  5.71317079
Se -25.75923290  2.86212229  8.56966169
Cd -28.62141188  5.72426348  11.42619040
Cd -22.89705391 -22.89705391 -11.42619040
Se -20.03487493 -20.03487493 -8.56966169
Cd -22.89705391 -17.17279043 -5.71317079
Se -20.03487493 -14.31066814 -2.85575391
Cd -22.89705391 -11.44852696 -0.00000000
Se -20.03487493 -8.58640467  2.85575391
Cd -22.89705391 -5.72426348  5.71317079
Se -20.03487493 -2.86212229  8.56966169
Cd -22.89705391 -0.00000000  11.42619040
Cd -17.17279043 -28.62141188 -11.42619040
Se -14.31064925 -25.75923290 -8.56966169
Cd -17.17279043 -22.89705391 -5.71317079
Se -14.31064925 -20.03487493 -2.85575391
Cd -17.17279043 -17.17279043  0.00000000
Se -14.31066814 -14.31066814  2.85575391
Cd -17.17279043 -11.44852696  5.71317079
Se -14.31066814 -8.58640467  8.56966169
Cd -17.17279043 -5.72426348  11.42619040
Cd -11.44852696 -34.34558087 -11.42619040
Se -8.58638577 -31.48340189 -8.56966169
Cd -11.44852696 -28.62122291 -5.71317079
Se -8.58640467 -25.75923290 -2.85575391
Cd -11.44852696 -22.89705391 -0.00000000
Se -8.58638577 -20.03487493  2.85575391
Cd -11.44852696 -17.17279043  5.71317079
Se -8.58640467 -14.31066814  8.56966169
Cd -11.44852696 -11.44852696  11.42619040
Cd -5.72426348 -40.06974986 -11.42619040
Se -2.86212229 -37.20775985 -8.56966169
Cd -5.72426348 -34.34558087 -5.71317079
Se -2.86214119 -31.48340189 -2.85575391
Cd -5.72426348 -28.62122291 -0.00000000
Se -2.86212229 -25.75923290  2.85575391
Cd -5.72426348 -22.89705391  5.71317079
Se -2.86212229 -20.03487493  8.56966169
Cd -5.72426348 -17.17279043  11.42619040
Cd -0.00004930 -45.79221810 -11.42609591
Se  2.86212229 -42.93173987 -8.56968059
Cd  0.00000382 -40.06974986 -5.71317079
Se  2.86214119 -37.20775985 -2.85575391
Cd  0.00000000 -34.34558087 -0.00000000
Se  2.86214119 -31.48340189  2.85575391
Cd  0.00000000 -28.62122291  5.71317079
Se  2.86212229 -25.75923290  8.56966169
Cd -0.00000000 -22.89705391  11.42619040
Cd  5.72428238 -51.50731641 -11.42626598
Se  8.58634797 -48.64967277 -8.56979397
Cd  5.72422568 -45.79240707 -5.71305740
Se  8.58638577 -42.93173987 -2.85573502
Cd  5.72426348 -40.06974986 -0.00000000
Se  8.58638577 -37.20775985  2.85575391
Cd  5.72426348 -34.34558087  5.71317079
Se  8.58638577 -31.48340189  8.56966169
Cd  5.72426348 -28.62141188  11.42619040
Se  14.31044138 -54.36420416 -8.57007743
Cd  11.44848916 -51.50712744 -5.71296292
Se  14.31063035 -48.64967277 -2.85582950
Cd  11.44852696 -45.79240707 -0.00000000
Se  14.31066814 -42.93173987  2.85573502
Cd  11.44852696 -40.06974986  5.71317079
Se  14.31064925 -37.20775985  8.56966169
Cd  11.44852696 -34.34558087  11.42619040
Cd  17.17280933 -57.22033602 -5.71326527
Se  20.03487493 -54.36382621 -2.85588619
Cd  17.17279043 -51.50693846  0.00000000
Se  20.03487493 -48.64967277  2.85582950
Cd  17.17282823 -45.79240707  5.71305740
Se  20.03487493 -42.93173987  8.56968059
Cd  17.17279043 -40.06974986  11.42619040
Cd  22.89705391 -57.22014704 -0.00000000
Se  25.75923290 -54.36382621  2.85588619
Cd  22.89705391 -51.50712744  5.71296292
Se  25.75923290 -48.64967277  8.56979397
Cd  22.89705391 -45.79221810  11.42609591
Cd  28.62122291 -57.22033602  5.71326527
Se  31.48359086 -54.36420416  8.57007743
Cd  28.62122291 -51.50731641  11.42626598
Se -54.36420416  25.75904392 -8.57007743
Cd -57.22033602  28.62141188 -5.71326527
Se -54.36382621  31.48340189 -2.85588619
Cd -57.22014704  34.34558087  0.00000013
Se -54.36382621  37.20775985  2.85588619
Cd -57.22033602  40.06974986  5.71326527
Se -54.36420416  42.93192884  8.57009633
Cd -51.50731641  17.17280933 -11.42626598
Se -48.64967277  20.03487493 -8.56979397
Cd -51.50712744  22.89705391 -5.71296292
Se -48.64967277  25.75923290 -2.85582950
Cd -51.50693846  28.62122291 -0.00000000
Se -48.64967277  31.48340189  2.85582950
Cd -51.50712744  34.34558087  5.71296292
Se -48.64967277  37.20775985  8.56979397
Cd -51.50731641  40.06974986  11.42626598
Cd -45.79221810  11.44847026 -11.42609591
Se -42.93173987  14.31064925 -8.56968059
Cd -45.79240707  17.17275264 -5.71305740
Se -42.93173987  20.03487493 -2.85573502
Cd -45.79240707  22.89705391 -0.00000000
Se -42.93173987  25.75923290  2.85573502
Cd -45.79240707  28.62141188  5.71305740
Se -42.93173987  31.48340189  8.56968059
Cd -45.79221810  34.34558087  11.42609591
Cd -40.06974986  5.72426348 -11.42619040
Se -37.20775985  8.58640467 -8.56966169
Cd -40.06974986  11.44852696 -5.71317079
Se -37.20775985  14.31066814 -2.85575391
Cd -40.06974986  17.17279043  0.00000000
Se -37.20775985  20.03487493  2.85575391
Cd -40.06974986  22.89705391  5.71317079
Se -37.20775985  25.75923290  8.56966169
Cd -40.06974986  28.62122291  11.42619040
Cd -34.34558087  0.00000031 -11.42619040
Se -31.48340189  2.86214119 -8.56966169
Cd -34.34558087  5.72426348 -5.71317079
Se -31.48340189  8.58638577 -2.85575391
Cd -34.34558087  11.44852696  0.00000000
Se -31.48340189  14.31066814  2.85575391
Cd -34.34558087  17.17279043  5.71317079
Se -31.48340189  20.03487493  8.56966169
Cd -34.34558087  22.89705391  11.42619040
Cd -28.62141188 -5.72426348 -11.42619040
Se -25.75923290 -2.86212229 -8.56966169
Cd -28.62122291 -0.00000000 -5.71317079
Se -25.75923290  2.86212229 -2.85575391
Cd -28.62122291  5.72426348  0.00000000
Se -25.75923290  8.58640467  2.85575391
Cd -28.62122291  11.44852696  5.71317079
Se -25.75923290  14.31064925  8.56966169
Cd -28.62141188  17.17279043  11.42619040
Cd -22.89705391 -11.44852696 -11.42619040
Se -20.03487493 -8.58640467 -8.56966169
Cd -22.89705391 -5.72426348 -5.71317079
Se -20.03487493 -2.86214119 -2.85575391
Cd -22.89705391  0.00000000 -0.00000000
Se -20.03487493  2.86214119  2.85575391
Cd -22.89705391  5.72426348  5.71317079
Se -20.03487493  8.58640467  8.56966169
Cd -22.89705391  11.44852696  11.42619040
Cd -17.17279043 -17.17279043 -11.42619040
Se -14.31064925 -14.31064925 -8.56966169
Cd -17.17279043 -11.44852696 -5.71317079
Se -14.31064925 -8.58640467 -2.85575391
Cd -17.17279043 -5.72426348  0.00000000
Se -14.31064925 -2.86214119  2.85575391
Cd -17.17279043  0.00000000  5.71317079
Se -14.31066814  2.86214119  8.56966169
Cd -17.17279043  5.72426348  11.42619040
Cd -11.44852696 -22.89705391 -11.42619040
Se -8.58640467 -20.03487493 -8.56966169
Cd -11.44852696 -17.17279043 -5.71317079
Se -8.58640467 -14.31066814 -2.85575391
Cd -11.44852696 -11.44852696 -0.00000000
Se -8.58640467 -8.58640467  2.85575391
Cd -11.44852696 -5.72426348  5.71317079
Se -8.58638577 -2.86214119  8.56966169
Cd -11.44852696  0.00000000  11.42619040
Cd -5.72426348 -28.62141188 -11.42619040
Se -2.86212229 -25.75923290 -8.56966169
Cd -5.72426348 -22.89705391 -5.71317079
Se -2.86214119 -20.03487493 -2.85575391
Cd -5.72426348 -17.17279043  0.00000000
Se -2.86214119 -14.31064925  2.85575391
Cd -5.72426348 -11.44852696  5.71317079
Se -2.86214119 -8.58638577  8.56966169
Cd -5.72426348 -5.72426348  11.42619040
Cd  0.00000031 -34.34558087 -11.42619040
Se  2.86214119 -31.48340189 -8.56966169
Cd -0.00000000 -28.62122291 -5.71317079
Se  2.86212229 -25.75923290 -2.85575391
Cd -0.00000000 -22.89705391 -0.00000000
Se  2.86214119 -20.03487493  2.85575391
Cd  0.00000000 -17.17279043  5.71317079
Se  2.86214119 -14.31066814  8.56966169
Cd  0.00000000 -11.44852696  11.42619040
Cd  5.72426348 -40.06974986 -11.42619040
Se  8.58640467 -37.20775985 -8.56966169
Cd  5.72426348 -34.34558087 -5.71317079
Se  8.58638577 -31.48340189 -2.85575391
Cd  5.72426348 -28.62122291  0.00000000
Se  8.58640467 -25.75923290  2.85575391
Cd  5.72426348 -22.89705391  5.71317079
Se  8.58640467 -20.03487493  8.56966169
Cd  5.72426348 -17.17279043  11.42619040
Cd  11.44847026 -45.79221810 -11.42609591
Se  14.31064925 -42.93173987 -8.56968059
Cd  11.44852696 -40.06974986 -5.71317079
Se  14.31066814 -37.20775985 -2.85575391
Cd  11.44852696 -34.34558087  0.00000000
Se  14.31066814 -31.48340189  2.85575391
Cd  11.44852696 -28.62122291  5.71317079
Se  14.31064925 -25.75923290  8.56966169
Cd  11.44852696 -22.89705391  11.42619040
Cd  17.17280933 -51.50731641 -11.42626598
Se  20.03487493 -48.64967277 -8.56979397
Cd  17.17275264 -45.79240707 -5.71305740
Se  20.03487493 -42.93173987 -2.85573502
Cd  17.17279043 -40.06974986  0.00000000
Se  20.03487493 -37.20775985  2.85575391
Cd  17.17279043 -34.34558087  5.71317079
Se  20.03487493 -31.48340189  8.56966169
Cd  17.17279043 -28.62141188  11.42619040
Se  25.75904392 -54.36420416 -8.57007743
Cd  22.89705391 -51.50712744 -5.71296292
Se  25.75923290 -48.64967277 -2.85582950
Cd  22.89705391 -45.79240707 -0.00000000
Se  25.75923290 -42.93173987  2.85573502
Cd  22.89705391 -40.06974986  5.71317079
Se  25.75923290 -37.20775985  8.56966169
Cd  22.89705391 -34.34558087  11.42619040
Cd  28.62141188 -57.22033602 -5.71326527
Se  31.48340189 -54.36382621 -2.85588619
Cd  28.62122291 -51.50693846 -0.00000000
Se  31.48340189 -48.64967277  2.85582950
Cd  28.62141188 -45.79240707  5.71305740
Se  31.48340189 -42.93173987  8.56968059
Cd  28.62122291 -40.06974986  11.42619040
Cd  34.34558087 -57.22014704  0.00000013
Se  37.20775985 -54.36382621  2.85588619
Cd  34.34558087 -51.50712744  5.71296292
Se  37.20775985 -48.64967277  8.56979397
Cd  34.34558087 -45.79221810  11.42609591
Cd  40.06974986 -57.22033602  5.71326527
Se  42.93192884 -54.36420416  8.57009633
Cd  40.06974986 -51.50731641  11.42626598
Se -54.36420416  37.20757088 -8.57007743
Cd -57.22033602  40.06974986 -5.71328417
Se -54.36401518  42.93155090 -2.85588619
Cd -57.21995807  45.79221810  0.00001854
Se -54.36401518  48.64986174  2.85601848
Cd -57.22052499  51.50712744  5.71303851
Se -54.36458210  54.36458210  8.57054987
Cd -51.50731641  28.62141188 -11.42626598
Se -48.64967277  31.48340189 -8.56979397
Cd -51.50712744  34.34558087 -5.71296292
Se -48.64967277  37.20775985 -2.85582950
Cd -51.50693846  40.06974986 -0.00000210
Se -48.64967277  42.93173987  2.85581061
Cd -51.50693846  45.79221810  5.71288733
Se -48.64986174  48.64986174  8.56994515
Cd -51.50712744  51.50712744  11.42639827
Cd -45.79221810  22.89705391 -11.42609591
Se -42.93173987  25.75923290 -8.56968059
Cd -45.79240707  28.62122291 -5.71305740
Se -42.93173987  31.48340189 -2.85573502
Cd -45.79240707  34.34558087 -0.00000003
Se -42.93173987  37.20775985  2.85573502
Cd -45.79240707  40.06993883  5.71305740
Se -42.93173987  42.93173987  8.56969949
Cd -45.79240707  45.79240707  11.42600142
Cd -40.06974986  17.17279043 -11.42619040
Se -37.20775985  20.03487493 -8.56966169
Cd -40.06974986  22.89705391 -5.71317079
Se -37.20775985  25.75923290 -2.85575391
Cd -40.06974986  28.62122291 -0.00000000
Se -37.20775985  31.48340189  2.85575391
Cd -40.06974986  34.34558087  5.71317079
Se -37.20775985  37.20775985  8.56966169
Cd -40.06974986  40.06974986  11.42617150
Cd -34.34558087  11.44852696 -11.42619040
Se -31.48340189  14.31066814 -8.56966169
Cd -34.34558087  17.17279043 -5.71317079
Se -31.48340189  20.03487493 -2.85575391
Cd -34.34558087  22.89705391 -0.00000000
Se -31.48340189  25.75923290  2.85575391
Cd -34.34558087  28.62141188  5.71317079
Se -31.48340189  31.48340189  8.56966169
Cd -34.34558087  34.34558087  11.42619040
Cd -28.62141188  5.72426348 -11.42619040
Se -25.75923290  8.58640467 -8.56966169
Cd -28.62122291  11.44852696 -5.71317079
Se -25.75923290  14.31064925 -2.85575391
Cd -28.62122291  17.17279043  0.00000000
Se -25.75923290  20.03487493  2.85575391
Cd -28.62122291  22.89705391  5.71317079
Se -25.75923290  25.75923290  8.56966169
Cd -28.62122291  28.62122291  11.42619040
Cd -22.89705391  0.00000000 -11.42619040
Se -20.03487493  2.86212229 -8.56966169
Cd -22.89705391  5.72426348 -5.71317079
Se -20.03487493  8.58638577 -2.85575391
Cd -22.89705391  11.44852696  0.00000000
Se -20.03487493  14.31064925  2.85575391
Cd -22.89705391  17.17279043  5.71317079
Se -20.03487493  20.03487493  8.56966169
Cd -22.89705391  22.89705391  11.42619040
Cd -17.17279043 -5.72426348 -11.42619040
Se -14.31064925 -2.86214119 -8.56966169
Cd -17.17279043  0.00000000 -5.71317079
Se -14.31064925  2.86214119 -2.85575391
Cd -17.17279043  5.72426348  0.00000000
Se -14.31064925  8.58640467  2.85575391
Cd -17.17279043  11.44852696  5.71317079
Se -14.31064925  14.31064925  8.56966169
Cd -17.17279043  17.17279043  11.42619040
Cd -11.44852696 -11.44852696 -11.42619040
Se -8.58640467 -8.58638577 -8.56966169
Cd -11.44852696 -5.72426348 -5.71317079
Se -8.58640467 -2.86214119 -2.85575391
Cd -11.44852696  0.00000000 -0.00000000
Se -8.58640467  2.86214119  2.85575391
Cd -11.44852696  5.72426348  5.71317079
Se -8.58638577  8.58638577  8.56966169
Cd -11.44852696  11.44852696  11.42619040
Cd -5.72426348 -17.17279043 -11.42619040
Se -2.86214119 -14.31064925 -8.56966169
Cd -5.72426348 -11.44852696 -5.71317079
Se -2.86214119 -8.58640467 -2.85575391
Cd -5.72426348 -5.72426348  0.00000000
Se -2.86214119 -2.86214119  2.85575391
Cd -5.72426348  0.00000000  5.71317079
Se -2.86212229  2.86212229  8.56966169
Cd -5.72426348  5.72426348  11.42619040
Cd  0.00000000 -22.89705391 -11.42619040
Se  2.86212229 -20.03487493 -8.56966169
Cd  0.00000000 -17.17279043 -5.71317079
Se  2.86214119 -14.31064925 -2.85575391
Cd  0.00000000 -11.44852696  0.00000000
Se  2.86214119 -8.58640467  2.85575391
Cd -0.00000000 -5.72426348  5.71317079
Se  2.86214119 -2.86212229  8.56966169
Cd  0.00000000  0.00000000  11.42619040
Cd  5.72426348 -28.62141188 -11.42619040
Se  8.58640467 -25.75923290 -8.56966169
Cd  5.72426348 -22.89705391 -5.71317079
Se  8.58640467 -20.03487493 -2.85575391
Cd  5.72426348 -17.17279043  0.00000000
Se  8.58640467 -14.31064925  2.85575391
Cd  5.72426348 -11.44852696  5.71317079
Se  8.58640467 -8.58638577  8.56966169
Cd  5.72426348 -5.72426348  11.42619040
Cd  11.44852696 -34.34558087 -11.42619040
Se  14.31066814 -31.48340189 -8.56966169
Cd  11.44852696 -28.62122291 -5.71317079
Se  14.31064925 -25.75923290 -2.85575391
Cd  11.44852696 -22.89705391  0.00000000
Se  14.31064925 -20.03487493  2.85575391
Cd  11.44852696 -17.17279043  5.71317079
Se  14.31066814 -14.31064925  8.56966169
Cd  11.44852696 -11.44852696  11.42619040
Cd  17.17279043 -40.06974986 -11.42619040
Se  20.03487493 -37.20775985 -8.56966169
Cd  17.17279043 -34.34558087 -5.71317079
Se  20.03487493 -31.48340189 -2.85575391
Cd  17.17279043 -28.62122291 -0.00000000
Se  20.03487493 -25.75923290  2.85575391
Cd  17.17279043 -22.89705391  5.71317079
Se  20.03487493 -20.03487493  8.56966169
Cd  17.17279043 -17.17279043  11.42619040
Cd  22.89705391 -45.79221810 -11.42609591
Se  25.75923290 -42.93173987 -8.56968059
Cd  22.89705391 -40.06974986 -5.71317079
Se  25.75923290 -37.20775985 -2.85575391
Cd  22.89705391 -34.34558087 -0.00000000
Se  25.75923290 -31.48340189  2.85575391
Cd  22.89705391 -28.62122291  5.71317079
Se  25.75923290 -25.75923290  8.56966169
Cd  22.89705391 -22.89705391  11.42619040
Cd  28.62141188 -51.50731641 -11.42626598
Se  31.48340189 -48.64967277 -8.56979397
Cd  28.62122291 -45.79240707 -5.71305740
Se  31.48340189 -42.93173987 -2.85573502
Cd  28.62122291 -40.06974986 -0.00000000
Se  31.48340189 -37.20775985  2.85575391
Cd  28.62141188 -34.34558087  5.71317079
Se  31.48340189 -31.48340189  8.56966169
Cd  28.62122291 -28.62122291  11.42619040
Se  37.20757088 -54.36420416 -8.57007743
Cd  34.34558087 -51.50712744 -5.71296292
Se  37.20775985 -48.64967277 -2.85582950
Cd  34.34558087 -45.79240707 -0.00000003
Se  37.20775985 -42.93173987  2.85573502
Cd  34.34558087 -40.06974986  5.71317079
Se  37.20775985 -37.20775985  8.56966169
Cd  34.34558087 -34.34558087  11.42619040
Cd  40.06974986 -57.22033602 -5.71328417
Se  42.93155090 -54.36401518 -2.85588619
Cd  40.06974986 -51.50693846 -0.00000210
Se  42.93173987 -48.64967277  2.85581061
Cd  40.06993883 -45.79240707  5.71305740
Se  42.93173987 -42.93173987  8.56969949
Cd  40.06974986 -40.06974986  11.42617150
Cd  45.79221810 -57.21995807  0.00001854
Se  48.64986174 -54.36401518  2.85601848
Cd  45.79221810 -51.50693846  5.71288733
Se  48.64986174 -48.64986174  8.56994515
Cd  45.79240707 -45.79240707  11.42600142
Cd  51.50712744 -57.22052499  5.71303851
Se  54.36458210 -54.36458210  8.57054987
Cd  51.50712744 -51.50712744  11.42639827
Se -54.36420416  48.64948380 -8.57011523
Cd -57.22014704  51.50674949 -5.71271725
Se -54.36420416  54.36420416 -2.85569722
Cd -51.50731641  40.06974986 -11.42626598
Se -48.64967277  42.93173987 -8.56981287
Cd -51.50693846  45.79221810 -5.71284953
Se -48.64967277  48.64967277 -2.85588619
Cd -51.50693846  51.50693846 -0.00002142
Se -48.64986174  54.36401518  2.85601848
Cd -51.50712744  57.22052499  5.71303851
Cd -45.79221810  34.34558087 -11.42609591
Se -42.93173987  37.20775985 -8.56968059
Cd -45.79240707  40.06974986 -5.71305740
Se -42.93173987  42.93173987 -2.85573502
Cd -45.79240707  45.79240707  0.00001254
Se -42.93173987  48.64967277  2.85581061
Cd -45.79221810  51.50693846  5.71288733
Se -42.93192884  54.36420416  8.57009633
Cd -40.06974986  28.62141188 -11.42619040
Se -37.20775985  31.48340189 -8.56966169
Cd -40.06974986  34.34558087 -5.71317079
Se -37.20775985  37.20775985 -2.85575391
Cd -40.06974986  40.06974986  0.00000096
Se -37.20775985  42.93173987  2.85573502
Cd -40.06993883  45.79240707  5.71305740
Se -37.20775985  48.64967277  8.56979397
Cd -40.06974986  51.50731641  11.42626598
Cd -34.34558087  22.89705391 -11.42619040
Se -31.48340189  25.75923290 -8.56966169
Cd -34.34558087  28.62122291 -5.71317079
Se -31.48340189  31.48340189 -2.85575391
Cd -34.34558087  34.34558087 -0.00000001
Se -31.48340189  37.20775985  2.85575391
Cd -34.34558087  40.06974986  5.71317079
Se -31.48340189  42.93173987  8.56968059
Cd -34.34558087  45.79221810  11.42609591
Cd -28.62141188  17.17279043 -11.42619040
Se -25.75923290  20.03487493 -8.56966169
Cd -28.62122291  22.89705391 -5.71317079
Se -25.75923290  25.75923290 -2.85575391
Cd -28.62122291  28.62122291 -0.00000000
Se -25.75923290  31.48340189  2.85575391
Cd -28.62141188  34.34558087  5.71317079
Se -25.75923290  37.20775985  8.56966169
Cd -28.62122291  40.06974986  11.42619040
Cd -22.89705391  11.44852696 -11.42619040
Se -20.03487493  14.31064925 -8.56966169
Cd -22.89705391  17.17279043 -5.71317079
Se -20.03487493  20.03487493 -2.85575391
Cd -22.89705391  22.89705391 -0.00000000
Se -20.03487493  25.75923290  2.85575391
Cd -22.89705391  28.62122291  5.71317079
Se -20.03487493  31.48340189  8.56966169
Cd -22.89705391  34.34558087  11.42619040
Cd -17.17279043  5.72426348 -11.42619040
Se -14.31066814  8.58640467 -8.56966169
Cd -17.17279043  11.44852696 -5.71317079
Se -14.31066814  14.31066814 -2.85575391
Cd -17.17279043  17.17279043 -0.00000000
Se -14.31066814  20.03487493  2.85575391
Cd -17.17279043  22.89705391  5.71317079
Se -14.31064925  25.75923290  8.56966169
Cd -17.17279043  28.62141188  11.42619040
Cd -11.44852696  0.00000000 -11.42619040
Se -8.58638577  2.86214119 -8.56966169
Cd -11.44852696  5.72426348 -5.71317079
Se -8.58638577  8.58640467 -2.85575391
Cd -11.44852696  11.44852696  0.00000000
Se -8.58640467  14.31064925  2.85575391
Cd -11.44852696  17.17279043  5.71317079
Se -8.58640467  20.03487493  8.56966169
Cd -11.44852696  22.89705391  11.42619040
Cd -5.72426348 -5.72426348 -11.42619040
Se -2.86214119 -2.86214119 -8.56966169
Cd -5.72426348  0.00000000 -5.71317079
Se -2.86212229  2.86214119 -2.85575391
Cd -5.72426348  5.72426348 -0.00000000
Se -2.86214119  8.58640467  2.85575391
Cd -5.72426348  11.44852696  5.71317079
Se -2.86214119  14.31066814  8.56966169
Cd -5.72426348  17.17279043  11.42619040
Cd  0.00000000 -11.44852696 -11.42619040
Se  2.86214119 -8.58638577 -8.56966169
Cd  0.00000000 -5.72426348 -5.71317079
Se  2.86214119 -2.86214119 -2.85575391
Cd -0.00000000  0.00000000 -0.00000000
Se  2.86214119  2.86212229  2.85575391
Cd  0.00000000  5.72426348  5.71317079
Se  2.86214119  8.58638577  8.56966169
Cd  0.00000000  11.44852696  11.42619040
Cd  5.72426348 -17.17279043 -11.42619040
Se  8.58640467 -14.31064925 -8.56966169
Cd  5.72426348 -11.44852696 -5.71317079
Se  8.58640467 -8.58640467 -2.85575391
Cd  5.72426348 -5.72426348 -0.00000000
Se  8.58640467 -2.86214119  2.85575391
Cd  5.72426348  0.00000000  5.71317079
Se  8.58638577  2.86214119  8.56966169
Cd  5.72426348  5.72426348  11.42619040
Cd  11.44852696 -22.89705391 -11.42619040
Se  14.31064925 -20.03487493 -8.56966169
Cd  11.44852696 -17.17279043 -5.71317079
Se  14.31066814 -14.31066814 -2.85575391
Cd  11.44852696 -11.44852696  0.00000000
Se  14.31066814 -8.58640467  2.85575391
Cd  11.44852696 -5.72426348  5.71317079
Se  14.31066814 -2.86214119  8.56966169
Cd  11.44852696  0.00000000  11.42619040
Cd  17.17279043 -28.62141188 -11.42619040
Se  20.03487493 -25.75923290 -8.56966169
Cd  17.17279043 -22.89705391 -5.71317079
Se  20.03487493 -20.03487493 -2.85575391
Cd  17.17279043 -17.17279043  0.00000000
Se  20.03487493 -14.31064925  2.85575391
Cd  17.17279043 -11.44852696  5.71317079
Se  20.03487493 -8.58640467  8.56966169
Cd  17.17279043 -5.72426348  11.42619040
Cd  22.89705391 -34.34558087 -11.42619040
Se  25.75923290 -31.48340189 -8.56966169
Cd  22.89705391 -28.62122291 -5.71317079
Se  25.75923290 -25.75923290 -2.85575391
Cd  22.89705391 -22.89705391 -0.00000000
Se  25.75923290 -20.03487493  2.85575391
Cd  22.89705391 -17.17279043  5.71317079
Se  25.75923290 -14.31064925  8.56966169
Cd  22.89705391 -11.44852696  11.42619040
Cd  28.62141188 -40.06974986 -11.42619040
Se  31.48340189 -37.20775985 -8.56966169
Cd  28.62122291 -34.34558087 -5.71317079
Se  31.48340189 -31.48340189 -2.85575391
Cd  28.62122291 -28.62122291 -0.00000000
Se  31.48340189 -25.75923290  2.85575391
Cd  28.62122291 -22.89705391  5.71317079
Se  31.48340189 -20.03487493  8.56966169
Cd  28.62141188 -17.17279043  11.42619040
Cd  34.34558087 -45.79221810 -11.42609591
Se  37.20775985 -42.93173987 -8.56968059
Cd  34.34558087 -40.06974986 -5.71317079
Se  37.20775985 -37.20775985 -2.85575391
Cd  34.34558087 -34.34558087 -0.00000001
Se  37.20775985 -31.48340189  2.85575391
Cd  34.34558087 -28.62141188  5.71317079
Se  37.20775985 -25.75923290  8.56966169
Cd  34.34558087 -22.89705391  11.42619040
Cd  40.06974986 -51.50731641 -11.42626598
Se  42.93173987 -48.64967277 -8.56981287
Cd  40.06974986 -45.79240707 -5.71305740
Se  42.93173987 -42.93173987 -2.85573502
Cd  40.06974986 -40.06974986  0.00000096
Se  42.93173987 -37.20775985  2.85573502
Cd  40.06974986 -34.34558087  5.71317079
Se  42.93173987 -31.48340189  8.56968059
Cd  40.06974986 -28.62122291  11.42619040
Se  48.64948380 -54.36420416 -8.57011523
Cd  45.79221810 -51.50693846 -5.71284953
Se  48.64967277 -48.64967277 -2.85588619
Cd  45.79240707 -45.79240707  0.00001254
Se  48.64967277 -42.93173987  2.85581061
Cd  45.79240707 -40.06993883  5.71305740
Se  48.64967277 -37.20775985  8.56979397
Cd  45.79221810 -34.34558087  11.42609591
Cd  51.50674949 -57.22014704 -5.71271725
Se  54.36420416 -54.36420416 -2.85569722
Cd  51.50693846 -51.50693846 -0.00002142
Se  54.36401518 -48.64986174  2.85601848
Cd  51.50693846 -45.79221810  5.71288733
Se  54.36420416 -42.93192884  8.57009633
Cd  51.50731641 -40.06974986  11.42626598
Cd  57.22052499 -51.50712744  5.71303851
Cd -51.50674949  51.50674949 -11.42605811
Se -48.64948380  54.36420416 -8.57011523
Cd -51.50674949  57.22014704 -5.71271725
Cd -45.79221810  45.79221810 -11.42600142
Se -42.93173987  48.64967277 -8.56981287
Cd -45.79221810  51.50693846 -5.71284953
Se -42.93155090  54.36401518 -2.85588619
Cd -45.79221810  57.21995807  0.00001854
Cd -40.06974986  40.06974986 -11.42617150
Se -37.20775985  42.93173987 -8.56968059
Cd -40.06974986  45.79240707 -5.71305740
Se -37.20775985  48.64967277 -2.85582950
Cd -40.06974986  51.50693846 -0.00000210
Se -37.20775985  54.36382621  2.85588619
Cd -40.06974986  57.22033602  5.71326527
Cd -34.34558087  34.34558087 -11.42619040
Se -31.48340189  37.20775985 -8.56966169
Cd -34.34558087  40.06974986 -5.71317079
Se -31.48340189  42.93173987 -2.85573502
Cd -34.34558087  45.79240707 -0.00000003
Se -31.48340189  48.64967277  2.85582950
Cd -34.34558087  51.50712744  5.71296292
Se -31.48359086  54.36420416  8.57007743
Cd -28.62141188  28.62141188 -11.42619040
Se -25.75923290  31.48340189 -8.56966169
Cd -28.62122291  34.34558087 -5.71317079
Se -25.75923290  37.20775985 -2.85575391
Cd -28.62122291  40.06974986 -0.00000000
Se -25.75923290  42.93173987  2.85573502
Cd -28.62141188  45.79240707  5.71305740
Se -25.75923290  48.64967277  8.56979397
Cd -28.62122291  51.50731641  11.42626598
Cd -22.89705391  22.89705391 -11.42619040
Se -20.03487493  25.75923290 -8.56966169
Cd -22.89705391  28.62122291 -5.71317079
Se -20.03487493  31.48340189 -2.85575391
Cd -22.89705391  34.34558087 -0.00000000
Se -20.03487493  37.20775985  2.85575391
Cd -22.89705391  40.06974986  5.71317079
Se -20.03487493  42.93173987  8.56968059
Cd -22.89705391  45.79221810  11.42609591
Cd -17.17279043  17.17279043 -11.42619040
Se -14.31064925  20.03487493 -8.56966169
Cd -17.17279043  22.89705391 -5.71317079
Se -14.31064925  25.75923290 -2.85575391
Cd -17.17279043  28.62122291  0.00000000
Se -14.31066814  31.48340189  2.85575391
Cd -17.17279043  34.34558087  5.71317079
Se -14.31064925  37.20775985  8.56966169
Cd -17.17279043  40.06974986  11.42619040
Cd -11.44852696  11.44852696 -11.42619040
Se -8.58640467  14.31066814 -8.56966169
Cd -11.44852696  17.17279043 -5.71317079
Se -8.58640467  20.03487493 -2.85575391
Cd -11.44852696  22.89705391  0.00000000
Se -8.58640467  25.75923290  2.85575391
Cd -11.44852696  28.62122291  5.71317079
Se -8.58638577  31.48340189  8.56966169
Cd -11.44852696  34.34558087  11.42619040
Cd -5.72426348  5.72426348 -11.42619040
Se -2.86214119  8.58638577 -8.56966169
Cd -5.72426348  11.44852696 -5.71317079
Se -2.86214119  14.31064925 -2.85575391
Cd -5.72426348  17.17279043 -0.00000000
Se -2.86212229  20.03487493  2.85575391
Cd -5.72426348  22.89705391  5.71317079
Se -2.86212229  25.75923290  8.56966169
Cd -5.72426348  28.62141188  11.42619040
Cd -0.00000000 -0.00000000 -11.42619040
Se  2.86214119  2.86214119 -8.56966169
Cd -0.00000000  5.72426348 -5.71317079
Se  2.86214119  8.58640467 -2.85575391
Cd  0.00000000  11.44852696 -0.00000000
Se  2.86214119  14.31066814  2.85575391
Cd -0.00000000  17.17279043  5.71317079
Se  2.86212229  20.03487493  8.56966169
Cd  0.00000000  22.89705391  11.42619040
Cd  5.72426348 -5.72426348 -11.42619040
Se  8.58638577 -2.86214119 -8.56966169
Cd  5.72426348 -0.00000000 -5.71317079
Se  8.58640467  2.86214119 -2.85575391
Cd  5.72426348  5.72426348  0.00000000
Se  8.58640467  8.58640467  2.85575391
Cd  5.72426348  11.44852696  5.71317079
Se  8.58640467  14.31066814  8.56966169
Cd  5.72426348  17.17279043  11.42619040
Cd  11.44852696 -11.44852696 -11.42619040
Se  14.31064925 -8.58640467 -8.56966169
Cd  11.44852696 -5.72426348 -5.71317079
Se  14.31064925 -2.86214119 -2.85575391
Cd  11.44852696  0.00000000 -0.00000000
Se  14.31066814  2.86214119  2.85575391
Cd  11.44852696  5.72426348  5.71317079
Se  14.31066814  8.58640467  8.56966169
Cd  11.44852696  11.44852696  11.42619040
Cd  17.17279043 -17.17279043 -11.42619040
Se  20.03487493 -14.31064925 -8.56966169
Cd  17.17279043 -11.44852696 -5.71317079
Se  20.03487493 -8.58640467 -2.85575391
Cd  17.17279043 -5.72426348  0.00000000
Se  20.03487493 -2.86214119  2.85575391
Cd  17.17279043 -0.00000000  5.71317079
Se  20.03487493  2.86212229  8.56966169
Cd  17.17279043  5.72426348  11.42619040
Cd  22.89705391 -22.89705391 -11.42619040
Se  25.75923290 -20.03487493 -8.56966169
Cd  22.89705391 -17.17279043 -5.71317079
Se  25.75923290 -14.31064925 -2.85575391
Cd  22.89705391 -11.44852696  0.00000000
Se  25.75923290 -8.58640467  2.85575391
Cd  22.89705391 -5.72426348  5.71317079
Se  25.75923290 -2.86212229  8.56966169
Cd  22.89705391  0.00000000  11.42619040
Cd  28.62141188 -28.62141188 -11.42619040
Se  31.48340189 -25.75923290 -8.56966169
Cd  28.62122291 -22.89705391 -5.71317079
Se  31.48340189 -20.03487493 -2.85575391
Cd  28.62122291 -17.17279043 -0.00000000
Se  31.48340189 -14.31066814  2.85575391
Cd  28.62122291 -11.44852696  5.71317079
Se  31.48340189 -8.58638577  8.56966169
Cd  28.62141188 -5.72426348  11.42619040
Cd  34.34558087 -34.34558087 -11.42619040
Se  37.20775985 -31.48340189 -8.56966169
Cd  34.34558087 -28.62122291 -5.71317079
Se  37.20775985 -25.75923290 -2.85575391
Cd  34.34558087 -22.89705391 -0.00000000
Se  37.20775985 -20.03487493  2.85575391
Cd  34.34558087 -17.17279043  5.71317079
Se  37.20775985 -14.31064925  8.56966169
Cd  34.34558087 -11.44852696  11.42619040
Cd  40.06974986 -40.06974986 -11.42617150
Se  42.93173987 -37.20775985 -8.56968059
Cd  40.06974986 -34.34558087 -5.71317079
Se  42.93173987 -31.48340189 -2.85573502
Cd  40.06974986 -28.62122291 -0.00000000
Se  42.93173987 -25.75923290  2.85573502
Cd  40.06974986 -22.89705391  5.71317079
Se  42.93173987 -20.03487493  8.56968059
Cd  40.06974986 -17.17279043  11.42619040
Cd  45.79221810 -45.79221810 -11.42600142
Se  48.64967277 -42.93173987 -8.56981287
Cd  45.79240707 -40.06974986 -5.71305740
Se  48.64967277 -37.20775985 -2.85582950
Cd  45.79240707 -34.34558087 -0.00000003
Se  48.64967277 -31.48340189  2.85582950
Cd  45.79240707 -28.62141188  5.71305740
Se  48.64967277 -25.75923290  8.56979397
Cd  45.79221810 -22.89705391  11.42609591
Cd  51.50674949 -51.50674949 -11.42605811
Se  54.36420416 -48.64948380 -8.57011523
Cd  51.50693846 -45.79221810 -5.71284953
Se  54.36401518 -42.93155090 -2.85588619
Cd  51.50693846 -40.06974986 -0.00000210
Se  54.36382621 -37.20775985  2.85588619
Cd  51.50712744 -34.34558087  5.71296292
Se  54.36420416 -31.48359086  8.57007743
Cd  51.50731641 -28.62122291  11.42626598
Cd  57.22014704 -51.50674949 -5.71271725
Cd  57.21995807 -45.79221810  0.00001854
Cd  57.22033602 -40.06974986  5.71326527
Cd -40.06974986  51.50731641 -11.42626598
Se -37.20757088  54.36420416 -8.57007743
Cd -40.06974986  57.22033602 -5.71328417
Cd -34.34558087  45.79221810 -11.42609591
Se -31.48340189  48.64967277 -8.56979397
Cd -34.34558087  51.50712744 -5.71296292
Se -31.48340189  54.36382621 -2.85588619
Cd -34.34558087  57.22014704  0.00000013
Cd -28.62141188  40.06974986 -11.42619040
Se -25.75923290  42.93173987 -8.56968059
Cd -28.62122291  45.79240707 -5.71305740
Se -25.75923290  48.64967277 -2.85582950
Cd -28.62122291  51.50693846 -0.00000000
Se -25.75923290  54.36382621  2.85588619
Cd -28.62122291  57.22033602  5.71326527
Cd -22.89705391  34.34558087 -11.42619040
Se -20.03487493  37.20775985 -8.56966169
Cd -22.89705391  40.06974986 -5.71317079
Se -20.03487493  42.93173987 -2.85573502
Cd -22.89705391  45.79240707 -0.00000000
Se -20.03487493  48.64967277  2.85582950
Cd -22.89705391  51.50712744  5.71296292
Se -20.03506390  54.36420416  8.57007743
Cd -17.17279043  28.62141188 -11.42619040
Se -14.31066814  31.48340189 -8.56966169
Cd -17.17279043  34.34558087 -5.71317079
Se -14.31066814  37.20775985 -2.85575391
Cd -17.17279043  40.06974986  0.00000000
Se -14.31066814  42.93173987  2.85573502
Cd -17.17282823  45.79240707  5.71305740
Se -14.31070594  48.64967277  8.56979397
Cd -17.17277154  51.50731641  11.42626598
Cd -11.44852696  22.89705391 -11.42619040
Se -8.58640467  25.75923290 -8.56966169
Cd -11.44852696  28.62122291 -5.71317079
Se -8.58638577  31.48340189 -2.85575391
Cd -11.44852696  34.34558087  0.00000000
Se -8.58638577  37.20775985  2.85575391
Cd -11.44852696  40.06974986  5.71317079
Se -8.58640467  42.93173987  8.56968059
Cd -11.44858365  45.79221810  11.42609591
Cd -5.72426348  17.17279043 -11.42619040
Se -2.86212229  20.03487493 -8.56966169
Cd -5.72426348  22.89705391 -5.71317079
Se -2.86212229  25.75923290 -2.85575391
Cd -5.72426348  28.62122291  0.00000000
Se -2.86214119  31.48340189  2.85575391
Cd -5.72426348  34.34558087  5.71317079
Se -2.86212229  37.20775985  8.56966169
Cd -5.72426348  40.06974986  11.42619040
Cd  0.00000000  11.44852696 -11.42619040
Se  2.86212229  14.31064925 -8.56966169
Cd  0.00000000  17.17279043 -5.71317079
Se  2.86214119  20.03487493 -2.85575391
Cd -0.00000000  22.89705391 -0.00000000
Se  2.86212229  25.75923290  2.85575391
Cd -0.00000000  28.62122291  5.71317079
Se  2.86214119  31.48340189  8.56966169
Cd  0.00000031  34.34558087  11.42619040
Cd  5.72426348  5.72426348 -11.42619040
Se  8.58638577  8.58640467 -8.56966169
Cd  5.72426348  11.44852696 -5.71317079
Se  8.58640467  14.31064925 -2.85575391
Cd  5.72426348  17.17279043 -0.00000000
Se  8.58640467  20.03487493  2.85575391
Cd  5.72426348  22.89705391  5.71317079
Se  8.58640467  25.75923290  8.56966169
Cd  5.72426348  28.62141188  11.42619040
Cd  11.44852696 -0.00000000 -11.42619040
Se  14.31064925  2.86214119 -8.56966169
Cd  11.44852696  5.72426348 -5.71317079
Se  14.31066814  8.58638577 -2.85575391
Cd  11.44852696  11.44852696 -0.00000000
Se  14.31064925  14.31066814  2.85575391
Cd  11.44852696  17.17279043  5.71317079
Se  14.31064925  20.03487493  8.56966169
Cd  11.44852696  22.89705391  11.42619040
Cd  17.17279043 -5.72426348 -11.42619040
Se  20.03487493 -2.86212229 -8.56966169
Cd  17.17279043  0.00000000 -5.71317079
Se  20.03487493  2.86214119 -2.85575391
Cd  17.17279043  5.72426348  0.00000000
Se  20.03487493  8.58640467  2.85575391
Cd  17.17279043  11.44852696  5.71317079
Se  20.03487493  14.31064925  8.56966169
Cd  17.17279043  17.17279043  11.42619040
Cd  22.89705391 -11.44852696 -11.42619040
Se  25.75923290 -8.58640467 -8.56966169
Cd  22.89705391 -5.72426348 -5.71317079
Se  25.75923290 -2.86212229 -2.85575391
Cd  22.89705391  0.00000000  0.00000000
Se  25.75923290  2.86212229  2.85575391
Cd  22.89705391  5.72426348  5.71317079
Se  25.75923290  8.58640467  8.56966169
Cd  22.89705391  11.44852696  11.42619040
Cd  28.62141188 -17.17279043 -11.42619040
Se  31.48340189 -14.31066814 -8.56966169
Cd  28.62122291 -11.44852696 -5.71317079
Se  31.48340189 -8.58638577 -2.85575391
Cd  28.62122291 -5.72426348  0.00000000
Se  31.48340189 -2.86214119  2.85575391
Cd  28.62122291 -0.00000000  5.71317079
Se  31.48340189  2.86214119  8.56966169
Cd  28.62141188  5.72426348  11.42619040
Cd  34.34558087 -22.89705391 -11.42619040
Se  37.20775985 -20.03487493 -8.56966169
Cd  34.34558087 -17.17279043 -5.71317079
Se  37.20775985 -14.31066814 -2.85575391
Cd  34.34558087 -11.44852696  0.00000000
Se  37.20775985 -8.58638577  2.85575391
Cd  34.34558087 -5.72426348  5.71317079
Se  37.20775985 -2.86212229  8.56966169
Cd  34.34558087  0.00000031  11.42619040
Cd  40.06974986 -28.62141188 -11.42619040
Se  42.93173987 -25.75923290 -8.56968059
Cd  40.06974986 -22.89705391 -5.71317079
Se  42.93173987 -20.03487493 -2.85573502
Cd  40.06974986 -17.17279043  0.00000000
Se  42.93173987 -14.31066814  2.85573502
Cd  40.06974986 -11.44852696  5.71317079
Se  42.93173987 -8.58640467  8.56968059
Cd  40.06974986 -5.72426348  11.42619040
Cd  45.79221810 -34.34558087 -11.42609591
Se  48.64967277 -31.48340189 -8.56979397
Cd  45.79240707 -28.62122291 -5.71305740
Se  48.64967277 -25.75923290 -2.85582950
Cd  45.79240707 -22.89705391 -0.00000000
Se  48.64967277 -20.03487493  2.85582950
Cd  45.79240707 -17.17282823  5.71305740
Se  48.64967277 -14.31070594  8.56979397
Cd  45.79221810 -11.44858365  11.42609591
Cd  51.50731641 -40.06974986 -11.42626598
Se  54.36420416 -37.20757088 -8.57007743
Cd  51.50712744 -34.34558087 -5.71296292
Se  54.36382621 -31.48340189 -2.85588619
Cd  51.50693846 -28.62122291 -0.00000000
Se  54.36382621 -25.75923290  2.85588619
Cd  51.50712744 -22.89705391  5.71296292
Se  54.36420416 -20.03506390  8.57007743
Cd  51.50731641 -17.17277154  11.42626598
Cd  57.22033602 -40.06974986 -5.71328417
Cd  57.22014704 -34.34558087  0.00000013
Cd  57.22033602 -28.62122291  5.71326527
Cd -28.62141188  51.50731641 -11.42626598
Se -25.75904392  54.36420416 -8.57007743
Cd -28.62141188  57.22033602 -5.71326527
Cd -22.89705391  45.79221810 -11.42609591
Se -20.03487493  48.64967277 -8.56979397
Cd -22.89705391  51.50712744 -5.71296292
Se -20.03487493  54.36382621 -2.85588619
Cd -22.89705391  57.22014704 -0.00000000
Cd -17.17279043  40.06974986 -11.42619040
Se -14.31064925  42.93173987 -8.56968059
Cd -17.17275264  45.79240707 -5.71305740
Se -14.31063035  48.64967277 -2.85582950
Cd -17.17279043  51.50693846 -0.00000000
Se -14.31070594  54.36382621  2.85588619
Cd -17.17277154  57.22033602  5.71326527
Cd -11.44852696  34.34558087 -11.42619040
Se -8.58640467  37.20775985 -8.56966169
Cd -11.44852696  40.06974986 -5.71317079
Se -8.58638577  42.93173987 -2.85573502
Cd -11.44852696  45.79240707 -0.00000000
Se -8.58642356  48.64967277  2.85582950
Cd -11.44856475  51.50712744  5.71296292
Se -8.58661254  54.36420416  8.57007743
Cd -5.72426348  28.62141188 -11.42619040
Se -2.86214119  31.48340189 -8.56966169
Cd -5.72426348  34.34558087 -5.71317079
Se -2.86214119  37.20775985 -2.85575391
Cd -5.72426348  40.06974986 -0.00000000
Se -2.86214119  42.93173987  2.85573502
Cd -5.72430127  45.79240707  5.71305740
Se -2.86217898  48.64967277  8.56979397
Cd -5.72424458  51.50731641  11.42626598
Cd -0.00000000  22.89705391 -11.42619040
Se  2.86212229  25.75923290 -8.56966169
Cd  0.00000000  28.62122291 -5.71317079
Se  2.86214119  31.48340189 -2.85575391
Cd  0.00000000  34.34558087 -0.00000000
Se  2.86214119  37.20775985  2.85575391
Cd  0.00000382  40.06974986  5.71317079
Se  2.86212229  42.93173987  8.56968059
Cd -0.00004930  45.79221810  11.42609591
Cd  5.72426348  17.17279043 -11.42619040
Se  8.58640467  20.03487493 -8.56966169
Cd  5.72426348  22.89705391 -5.71317079
Se  8.58640467  25.75923290 -2.85575391
Cd  5.72426348  28.62122291 -0.00000000
Se  8.58638577  31.48340189  2.85575391
Cd  5.72426348  34.34558087  5.71317079
Se  8.58640467  37.20775985  8.56966169
Cd  5.72426348  40.06974986  11.42619040
Cd  11.44852696  11.44852696 -11.42619040
Se  14.31066814  14.31064925 -8.56966169
Cd  11.44852696  17.17279043 -5.71317079
Se  14.31064925  20.03487493 -2.85575391
Cd  11.44852696  22.89705391 -0.00000000
Se  14.31064925  25.75923290  2.85575391
Cd  11.44852696  28.62122291  5.71317079
Se  14.31066814  31.48340189  8.56966169
Cd  11.44852696  34.34558087  11.42619040
Cd  17.17279043  5.72426348 -11.42619040
Se  20.03487493  8.58640467 -8.56966169
Cd  17.17279043  11.44852696 -5.71317079
Se  20.03487493  14.31066814 -2.85575391
Cd  17.17279043  17.17279043 -0.00000000
Se  20.03487493  20.03487493  2.85575391
Cd  17.17279043  22.89705391  5.71317079
Se  20.03487493  25.75923290  8.56966169
Cd  17.17279043  28.62141188  11.42619040
Cd  22.89705391 -0.00000000 -11.42619040
Se  25.75923290  2.86212229 -8.56966169
Cd  22.89705391  5.72426348 -5.71317079
Se  25.75923290  8.58640467 -2.85575391
Cd  22.89705391  11.44852696 -0.00000000
Se  25.75923290  14.31064925  2.85575391
Cd  22.89705391  17.17279043  5.71317079
Se  25.75923290  20.03487493  8.56966169
Cd  22.89705391  22.89705391  11.42619040
Cd  28.62141188 -5.72426348 -11.42619040
Se  31.48340189 -2.86214119 -8.56966169
Cd  28.62122291  0.00000000 -5.71317079
Se  31.48340189  2.86214119 -2.85575391
Cd  28.62122291  5.72426348 -0.00000000
Se  31.48340189  8.58638577  2.85575391
Cd  28.62122291  11.44852696  5.71317079
Se  31.48340189  14.31066814  8.56966169
Cd  28.62141188  17.17279043  11.42619040
Cd  34.34558087 -11.44852696 -11.42619040
Se  37.20775985 -8.58640467 -8.56966169
Cd  34.34558087 -5.72426348 -5.71317079
Se  37.20775985 -2.86214119 -2.85575391
Cd  34.34558087  0.00000000 -0.00000000
Se  37.20775985  2.86214119  2.85575391
Cd  34.34558087  5.72426348  5.71317079
Se  37.20775985  8.58640467  8.56966169
Cd  34.34558087  11.44852696  11.42619040
Cd  40.06974986 -17.17279043 -11.42619040
Se  42.93173987 -14.31064925 -8.56968059
Cd  40.06974986 -11.44852696 -5.71317079
Se  42.93173987 -8.58638577 -2.85573502
Cd  40.06974986 -5.72426348 -0.00000000
Se  42.93173987 -2.86214119  2.85573502
Cd  40.06974986  0.00000382  5.71317079
Se  42.93173987  2.86212229  8.56968059
Cd  40.06974986  5.72426348  11.42619040
Cd  45.79221810 -22.89705391 -11.42609591
Se  48.64967277 -20.03487493 -8.56979397
Cd  45.79240707 -17.17275264 -5.71305740
Se  48.64967277 -14.31063035 -2.85582950
Cd  45.79240707 -11.44852696 -0.00000000
Se  48.64967277 -8.58642356  2.85582950
Cd  45.79240707 -5.72430127  5.71305740
Se  48.64967277 -2.86217898  8.56979397
Cd  45.79221810 -0.00004930  11.42609591
Cd  51.50731641 -28.62141188 -11.42626598
Se  54.36420416 -25.75904392 -8.57007743
Cd  51.50712744 -22.89705391 -5.71296292
Se  54.36382621 -20.03487493 -2.85588619
Cd  51.50693846 -17.17279043 -0.00000000
Se  54.36382621 -14.31070594  2.85588619
Cd  51.50712744 -11.44856475  5.71296292
Se  54.36420416 -8.58661254  8.57007743
Cd  51.50731641 -5.72424458  11.42626598
Cd  57.22033602 -28.62141188 -5.71326527
Cd  57.22014704 -22.89705391 -0.00000000
Cd  57.22033602 -17.17277154  5.71326527
Cd -17.17280933  51.50731641 -11.42626598
Se -14.31044138  54.36420416 -8.57007743
Cd -17.17280933  57.22033602 -5.71326527
Cd -11.44847026  45.79221810 -11.42609591
Se -8.58634797  48.64967277 -8.56979397
Cd -11.44848916  51.50712744 -5.71296292
Se -8.58634797  54.36382621 -2.85588619
Cd -11.44852696  57.22014704  0.00000000
Cd -5.72426348  40.06974986 -11.42619040
Se -2.86212229  42.93173987 -8.56968059
Cd -5.72422568  45.79240707 -5.71305740
Se -2.86210339  48.64967277 -2.85582950
Cd -5.72426348  51.50693846 -0.00000000
Se -2.86217898  54.36382621  2.85588619
Cd -5.72424458  57.22033602  5.71326527
Cd -0.00000031  34.34558087 -11.42619040
Se  2.86212229  37.20775985 -8.56966169
Cd -0.00000382  40.06974986 -5.71317079
Se  2.86214119  42.93173987 -2.85573502
Cd  0.00000000  45.79240707 -0.00000000
Se  2.86210339  48.64967277  2.85582950
Cd -0.00003047  51.50712744  5.71296292
Se  2.86191442  54.36420416  8.57007743
Cd  5.72426348  28.62141188 -11.42619040
Se  8.58638577  31.48340189 -8.56966169
Cd  5.72426348  34.34558087 -5.71317079
Se  8.58638577  37.20775985 -2.85575391
Cd  5.72426348  40.06974986  0.00000000
Se  8.58638577  42.93173987  2.85573502
Cd  5.72422568  45.79240707  5.71305740
Se  8.58634797  48.64967277  8.56979397
Cd  5.72428238  51.50731641  11.42626598
Cd  11.44852696  22.89705391 -11.42619040
Se  14.31064925  25.75923290 -8.56966169
Cd  11.44852696  28.62122291 -5.71317079
Se  14.31066814  31.48340189 -2.85575391
Cd  11.44852696  34.34558087 -0.00000000
Se  14.31066814  37.20775985  2.85575391
Cd  11.44852696  40.06974986  5.71317079
Se  14.31064925  42.93173987  8.56968059
Cd  11.44847026  45.79221810  11.42609591
Cd  17.17279043  17.17279043 -11.42619040
Se  20.03487493  20.03487493 -8.56966169
Cd  17.17279043  22.89705391 -5.71317079
Se  20.03487493  25.75923290 -2.85575391
Cd  17.17279043  28.62122291 -0.00000000
Se  20.03487493  31.48340189  2.85575391
Cd  17.17279043  34.34558087  5.71317079
Se  20.03487493  37.20775985  8.56966169
Cd  17.17279043  40.06974986  11.42619040
Cd  22.89705391  11.44852696 -11.42619040
Se  25.75923290  14.31064925 -8.56966169
Cd  22.89705391  17.17279043 -5.71317079
Se  25.75923290  20.03487493 -2.85575391
Cd  22.89705391  22.89705391  0.00000000
Se  25.75923290  25.75923290  2.85575391
Cd  22.89705391  28.62122291  5.71317079
Se  25.75923290  31.48340189  8.56966169
Cd  22.89705391  34.34558087  11.42619040
Cd  28.62141188  5.72426348 -11.42619040
Se  31.48340189  8.58638577 -8.56966169
Cd  28.62122291  11.44852696 -5.71317079
Se  31.48340189  14.31066814 -2.85575391
Cd  28.62122291  17.17279043 -0.00000000
Se  31.48340189  20.03487493  2.85575391
Cd  28.62122291  22.89705391  5.71317079
Se  31.48340189  25.75923290  8.56966169
Cd  28.62141188  28.62141188  11.42619040
Cd  34.34558087 -0.00000031 -11.42619040
Se  37.20775985  2.86212229 -8.56966169
Cd  34.34558087  5.72426348 -5.71317079
Se  37.20775985  8.58638577 -2.85575391
Cd  34.34558087  11.44852696 -0.00000000
Se  37.20775985  14.31066814  2.85575391
Cd  34.34558087  17.17279043  5.71317079
Se  37.20775985  20.03487493  8.56966169
Cd  34.34558087  22.89705391  11.42619040
Cd  40.06974986 -5.72426348 -11.42619040
Se  42.93173987 -2.86212229 -8.56968059
Cd  40.06974986 -0.00000382 -5.71317079
Se  42.93173987  2.86214119 -2.85573502
Cd  40.06974986  5.72426348  0.00000000
Se  42.93173987  8.58638577  2.85573502
Cd  40.06974986  11.44852696  5.71317079
Se  42.93173987  14.31064925  8.56968059
Cd  40.06974986  17.17279043  11.42619040
Cd  45.79221810 -11.44847026 -11.42609591
Se  48.64967277 -8.58634797 -8.56979397
Cd  45.79240707 -5.72422568 -5.71305740
Se  48.64967277 -2.86210339 -2.85582950
Cd  45.79240707 -0.00000000  0.00000000
Se  48.64967277  2.86210339  2.85582950
Cd  45.79240707  5.72422568  5.71305740
Se  48.64967277  8.58634797  8.56979397
Cd  45.79221810  11.44847026  11.42609591
Cd  51.50731641 -17.17280933 -11.42626598
Se  54.36420416 -14.31044138 -8.57007743
Cd  51.50712744 -11.44848916 -5.71296292
Se  54.36382621 -8.58634797 -2.85588619
Cd  51.50693846 -5.72426348 -0.00000000
Se  54.36382621 -2.86217898  2.85588619
Cd  51.50712744 -0.00003047  5.71296292
Se  54.36420416  2.86191442  8.57007743
Cd  51.50731641  5.72428238  11.42626598
Cd  57.22033602 -17.17280933 -5.71326527
Cd  57.22014704 -11.44852696 -0.00000000
Cd  57.22033602 -5.72424458  5.71326527
Cd -5.72428238  51.50731641 -11.42626598
Se -2.86191442  54.36420416 -8.57007743
Cd -5.72428238  57.22033602 -5.71326527
Cd  0.00004930  45.79221810 -11.42609591
Se  2.86217898  48.64967277 -8.56979397
Cd  0.00003047  51.50712744 -5.71296292
Se  2.86217898  54.36382621 -2.85588619
Cd -0.00000000  57.22014704  0.00000000
Cd  5.72426348  40.06974986 -11.42619040
Se  8.58640467  42.93173987 -8.56968059
Cd  5.72430127  45.79240707 -5.71305740
Se  8.58642356  48.64967277 -2.85582950
Cd  5.72426348  51.50693846  0.00000000
Se  8.58634797  54.36382621  2.85588619
Cd  5.72428238  57.22033602  5.71326527
Cd  11.44852696  34.34558087 -11.42619040
Se  14.31064925  37.20775985 -8.56966169
Cd  11.44852696  40.06974986 -5.71317079
Se  14.31066814  42.93173987 -2.85573502
Cd  11.44852696  45.79240707  0.00000000
Se  14.31063035  48.64967277  2.85582950
Cd  11.44848916  51.50712744  5.71296292
Se  14.31044138  54.36420416  8.57007743
Cd  17.17279043  28.62141188 -11.42619040
Se  20.03487493  31.48340189 -8.56966169
Cd  17.17279043  34.34558087 -5.71317079
Se  20.03487493  37.20775985 -2.85575391
Cd  17.17279043  40.06974986 -0.00000000
Se  20.03487493  42.93173987  2.85573502
Cd  17.17275264  45.79240707  5.71305740
Se  20.03487493  48.64967277  8.56979397
Cd  17.17280933  51.50731641  11.42626598
Cd  22.89705391  22.89705391 -11.42619040
Se  25.75923290  25.75923290 -8.56966169
Cd  22.89705391  28.62122291 -5.71317079
Se  25.75923290  31.48340189 -2.85575391
Cd  22.89705391  34.34558087  0.00000000
Se  25.75923290  37.20775985  2.85575391
Cd  22.89705391  40.06974986  5.71317079
Se  25.75923290  42.93173987  8.56968059
Cd  22.89705391  45.79221810  11.42609591
Cd  28.62141188  17.17279043 -11.42619040
Se  31.48340189  20.03487493 -8.56966169
Cd  28.62122291  22.89705391 -5.71317079
Se  31.48340189  25.75923290 -2.85575391
Cd  28.62122291  28.62122291  0.00000000
Se  31.48340189  31.48340189  2.85575391
Cd  28.62122291  34.34558087  5.71317079
Se  31.48340189  37.20775985  8.56966169
Cd  28.62141188  40.06974986  11.42619040
Cd  34.34558087  11.44852696 -11.42619040
Se  37.20775985  14.31064925 -8.56966169
Cd  34.34558087  17.17279043 -5.71317079
Se  37.20775985  20.03487493 -2.85575391
Cd  34.34558087  22.89705391  0.00000000
Se  37.20775985  25.75923290  2.85575391
Cd  34.34558087  28.62122291  5.71317079
Se  37.20775985  31.48340189  8.56966169
Cd  34.34558087  34.34558087  11.42619040
Cd  40.06974986  5.72426348 -11.42619040
Se  42.93173987  8.58640467 -8.56968059
Cd  40.06974986  11.44852696 -5.71317079
Se  42.93173987  14.31066814 -2.85573502
Cd  40.06974986  17.17279043 -0.00000000
Se  42.93173987  20.03487493  2.85573502
Cd  40.06974986  22.89705391  5.71317079
Se  42.93173987  25.75923290  8.56968059
Cd  40.06974986  28.62141188  11.42619040
Cd  45.79221810  0.00004930 -11.42609591
Se  48.64967277  2.86217898 -8.56979397
Cd  45.79240707  5.72430127 -5.71305740
Se  48.64967277  8.58642356 -2.85582950
Cd  45.79240707  11.44852696  0.00000000
Se  48.64967277  14.31063035  2.85582950
Cd  45.79240707  17.17275264  5.71305740
Se  48.64967277  20.03487493  8.56979397
Cd  45.79221810  22.89705391  11.42609591
Cd  51.50731641 -5.72428238 -11.42626598
Se  54.36420416 -2.86191442 -8.57007743
Cd  51.50712744  0.00003047 -5.71296292
Se  54.36382621  2.86217898 -2.85588619
Cd  51.50693846  5.72426348  0.00000000
Se  54.36382621  8.58634797  2.85588619
Cd  51.50712744  11.44848916  5.71296292
Se  54.36420416  14.31044138  8.57007743
Cd  51.50731641  17.17280933  11.42626598
Cd  57.22033602 -5.72428238 -5.71326527
Cd  57.22014704  0.00000000 -0.00000000
Cd  57.22033602  5.72428238  5.71326527
Cd  5.72424458  51.50731641 -11.42626598
Se  8.58661254  54.36420416 -8.57007743
Cd  5.72424458  57.22033602 -5.71326527
Cd  11.44858365  45.79221810 -11.42609591
Se  14.31070594  48.64967277 -8.56979397
Cd  11.44856475  51.50712744 -5.71296292
Se  14.31070594  54.36382621 -2.85588619
Cd  11.44852696  57.22014704 -0.00000000
Cd  17.17279043  40.06974986 -11.42619040
Se  20.03487493  42.93173987 -8.56968059
Cd  17.17282823  45.79240707 -5.71305740
Se  20.03487493  48.64967277 -2.85582950
Cd  17.17279043  51.50693846  0.00000000
Se  20.03487493  54.36382621  2.85588619
Cd  17.17280933  57.22033602  5.71326527
Cd  22.89705391  34.34558087 -11.42619040
Se  25.75923290  37.20775985 -8.56966169
Cd  22.89705391  40.06974986 -5.71317079
Se  25.75923290  42.93173987 -2.85573502
Cd  22.89705391  45.79240707  0.00000000
Se  25.75923290  48.64967277  2.85582950
Cd  22.89705391  51.50712744  5.71296292
Se  25.75904392  54.36420416  8.57007743
Cd  28.62122291  28.62122291 -11.42619040
Se  31.48340189  31.48340189 -8.56966169
Cd  28.62141188  34.34558087 -5.71317079
Se  31.48340189  37.20775985 -2.85575391
Cd  28.62122291  40.06974986  0.00000000
Se  31.48340189  42.93173987  2.85573502
Cd  28.62122291  45.79240707  5.71305740
Se  31.48340189  48.64967277  8.56979397
Cd  28.62141188  51.50731641  11.42626598
Cd  34.34558087  22.89705391 -11.42619040
Se  37.20775985  25.75923290 -8.56966169
Cd  34.34558087  28.62141188 -5.71317079
Se  37.20775985  31.48340189 -2.85575391
Cd  34.34558087  34.34558087  0.00000001
Se  37.20775985  37.20775985  2.85575391
Cd  34.34558087  40.06974986  5.71317079
Se  37.20775985  42.93173987  8.56968059
Cd  34.34558087  45.79221810  11.42609591
Cd  40.06974986  17.17279043 -11.42619040
Se  42.93173987  20.03487493 -8.56968059
Cd  40.06974986  22.89705391 -5.71317079
Se  42.93173987  25.75923290 -2.85573502
Cd  40.06974986  28.62122291  0.00000000
Se  42.93173987  31.48340189  2.85573502
Cd  40.06974986  34.34558087  5.71317079
Se  42.93173987  37.20775985  8.56968059
Cd  40.06974986  40.06974986  11.42617150
Cd  45.79221810  11.44858365 -11.42609591
Se  48.64967277  14.31070594 -8.56979397
Cd  45.79240707  17.17282823 -5.71305740
Se  48.64967277  20.03487493 -2.85582950
Cd  45.79240707  22.89705391  0.00000000
Se  48.64967277  25.75923290  2.85582950
Cd  45.79240707  28.62122291  5.71305740
Se  48.64967277  31.48340189  8.56979397
Cd  45.79221810  34.34558087  11.42609591
Cd  51.50731641  5.72424458 -11.42626598
Se  54.36420416  8.58661254 -8.57007743
Cd  51.50712744  11.44856475 -5.71296292
Se  54.36382621  14.31070594 -2.85588619
Cd  51.50693846  17.17279043  0.00000000
Se  54.36382621  20.03487493  2.85588619
Cd  51.50712744  22.89705391  5.71296292
Se  54.36420416  25.75904392  8.57007743
Cd  51.50731641  28.62141188  11.42626598
Cd  57.22033602  5.72424458 -5.71326527
Cd  57.22014704  11.44852696  0.00000000
Cd  57.22033602  17.17280933  5.71326527
Cd  17.17277154  51.50731641 -11.42626598
Se  20.03506390  54.36420416 -8.57007743
Cd  17.17277154  57.22033602 -5.71326527
Cd  22.89705391  45.79221810 -11.42609591
Se  25.75923290  48.64967277 -8.56979397
Cd  22.89705391  51.50712744 -5.71296292
Se  25.75923290  54.36382621 -2.85588619
Cd  22.89705391  57.22014704  0.00000000
Cd  28.62122291  40.06974986 -11.42619040
Se  31.48340189  42.93173987 -8.56968059
Cd  28.62141188  45.79240707 -5.71305740
Se  31.48340189  48.64967277 -2.85582950
Cd  28.62122291  51.50693846  0.00000000
Se  31.48340189  54.36382621  2.85588619
Cd  28.62141188  57.22033602  5.71326527
Cd  34.34558087  34.34558087 -11.42619040
Se  37.20775985  37.20775985 -8.56966169
Cd  34.34558087  40.06974986 -5.71317079
Se  37.20775985  42.93173987 -2.85573502
Cd  34.34558087  45.79240707  0.00000003
Se  37.20775985  48.64967277  2.85582950
Cd  34.34558087  51.50712744  5.71296292
Se  37.20757088  54.36420416  8.57007743
Cd  40.06974986  28.62122291 -11.42619040
Se  42.93173987  31.48340189 -8.56968059
Cd  40.06974986  34.34558087 -5.71317079
Se  42.93173987  37.20775985 -2.85573502
Cd  40.06974986  40.06974986 -0.00000096
Se  42.93173987  42.93173987  2.85573502
Cd  40.06974986  45.79240707  5.71305740
Se  42.93173987  48.64967277  8.56981287
Cd  40.06974986  51.50731641  11.42626598
Cd  45.79221810  22.89705391 -11.42609591
Se  48.64967277  25.75923290 -8.56979397
Cd  45.79240707  28.62141188 -5.71305740
Se  48.64967277  31.48340189 -2.85582950
Cd  45.79240707  34.34558087  0.00000003
Se  48.64967277  37.20775985  2.85582950
Cd  45.79240707  40.06974986  5.71305740
Se  48.64967277  42.93173987  8.56981287
Cd  45.79221810  45.79221810  11.42600142
Cd  51.50731641  17.17277154 -11.42626598
Se  54.36420416  20.03506390 -8.57007743
Cd  51.50712744  22.89705391 -5.71296292
Se  54.36382621  25.75923290 -2.85588619
Cd  51.50693846  28.62122291  0.00000000
Se  54.36382621  31.48340189  2.85588619
Cd  51.50712744  34.34558087  5.71296292
Se  54.36420416  37.20757088  8.57007743
Cd  51.50731641  40.06974986  11.42626598
Cd  57.22033602  17.17277154 -5.71326527
Cd  57.22014704  22.89705391  0.00000000
Cd  57.22033602  28.62141188  5.71326527
Cd  28.62122291  51.50731641 -11.42626598
Se  31.48359086  54.36420416 -8.57007743
Cd  28.62122291  57.22033602 -5.71326527
Cd  34.34558087  45.79221810 -11.42609591
Se  37.20775985  48.64967277 -8.56979397
Cd  34.34558087  51.50712744 -5.71296292
Se  37.20775985  54.36382621 -2.85588619
Cd  34.34558087  57.22014704 -0.00000013
Cd  40.06974986  40.06974986 -11.42617150
Se  42.93173987  42.93173987 -8.56969949
Cd  40.06993883  45.79240707 -5.71305740
Se  42.93173987  48.64967277 -2.85581061
Cd  40.06974986  51.50693846  0.00000210
Se  42.93155090  54.36401518  2.85588619
Cd  40.06974986  57.22033602  5.71328417
Cd  45.79221810  34.34558087 -11.42609591
Se  48.64967277  37.20775985 -8.56979397
Cd  45.79240707  40.06993883 -5.71305740
Se  48.64967277  42.93173987 -2.85581061
Cd  45.79240707  45.79240707 -0.00001254
Se  48.64967277  48.64967277  2.85588619
Cd  45.79221810  51.50693846  5.71284953
Se  48.64948380  54.36420416  8.57011523
Cd  51.50731641  28.62122291 -11.42626598
Se  54.36420416  31.48359086 -8.57007743
Cd  51.50712744  34.34558087 -5.71296292
Se  54.36382621  37.20775985 -2.85588619
Cd  51.50693846  40.06974986  0.00000210
Se  54.36401518  42.93155090  2.85588619
Cd  51.50693846  45.79221810  5.71284953
Se  54.36420416  48.64948380  8.57011523
Cd  51.50674949  51.50674949  11.42605811
Cd  57.22033602  28.62122291 -5.71326527
Cd  57.22014704  34.34558087 -0.00000013
Cd  57.22033602  40.06974986  5.71328417
Cd  40.06974986  51.50731641 -11.42626598
Se  42.93192884  54.36420416 -8.57009633
Cd  40.06974986  57.22033602 -5.71326527
Cd  45.79240707  45.79240707 -11.42600142
Se  48.64986174  48.64986174 -8.56994515
Cd  45.79221810  51.50693846 -5.71288733
Se  48.64986174  54.36401518 -2.85601848
Cd  45.79221810  57.21995807 -0.00001854
Cd  51.50731641  40.06974986 -11.42626598
Se  54.36420416  42.93192884 -8.57009633
Cd  51.50693846  45.79221810 -5.71288733
Se  54.36401518  48.64986174 -2.85601848
Cd  51.50693846  51.50693846  0.00002142
Se  54.36420416  54.36420416  2.85569722
Cd  51.50674949  57.22014704  5.71271725
Cd  57.22033602  40.06974986 -5.71326527
Cd  57.21995807  45.79221810 -0.00001854
Cd  57.22014704  51.50674949  5.71271725
Cd  51.50712744  51.50712744 -11.42639827
Se  54.36458210  54.36458210 -8.57054987
Cd  51.50712744  57.22052499 -5.71303851
Cd  57.22052499  51.50712744 -5.71303851
P2 -55.22138387 -55.22138387  1.99902421
P1 -58.79205892 -53.07845349  7.28439007
P1 -58.79153924 -49.93535729  4.14148096
P2 -55.22138387 -47.79230409  9.42728360
P1 -53.07845349 -58.79205892  7.28439007
P1 -49.93535729 -58.79153924  4.14148096
P2 -47.79230409 -55.22138387  9.42728360
P2 -55.22210196 -55.22210196 -9.42806972
P1 -58.79212506 -53.07903931 -4.14211402
P1 -58.79212506 -49.93594311 -7.28498156
P1 -58.79145420 -47.36381817  1.57074985
P1 -58.79135027 -44.21905901 -1.57090165
P1 -58.79183215 -41.64353256  7.28491542
P1 -58.79141641 -38.49555142  4.14187119
P2 -55.22144056 -36.34908726  9.42734785
P1 -53.07903931 -58.79212506 -4.14211402
P1 -49.93594311 -58.79212506 -7.28498156
P1 -47.36381817 -58.79145420  1.57074985
P1 -44.21905901 -58.79135027 -1.57090165
P1 -41.64353256 -58.79183215  7.28491542
P1 -38.49555142 -58.79141641  4.14187119
P2 -36.34908726 -55.22144056  9.42734785
P2 -55.22144056 -43.78990224 -9.42734407
P1 -58.79152034 -41.64394830 -4.14186268
P1 -58.79183215 -38.49586323 -7.28493809
P1 -58.79133137 -35.91967538  1.57089325
P1 -58.79133137 -32.77148636 -1.57089337
P1 -58.79183215 -30.19529851  7.28493809
P1 -58.79141641 -27.04710950  4.14186268
P2 -55.22144056 -24.90056030  9.42734785
P2 -43.78990224 -55.22144056 -9.42734407
P1 -41.64394830 -58.79152034 -4.14186268
P1 -38.49586323 -58.79183215 -7.28493809
P1 -35.91967538 -58.79133137  1.57089325
P1 -32.77148636 -58.79133137 -1.57089337
P1 -30.19529851 -58.79183215  7.28493809
P1 -27.04710950 -58.79141641  4.14186268
P2 -24.90056030 -55.22144056  9.42734785
P2 -55.22144056 -32.34207448 -9.42734785
P1 -58.79141641 -30.19552528 -4.14186268
P1 -58.79183215 -27.04733627 -7.28493809
P1 -58.79133137 -24.47114842  1.57089331
P1 -58.79133137 -21.32295941 -1.57089331
P1 -58.79183215 -18.74673754  7.28493809
P1 -58.79141641 -15.59852774  4.14186268
P2 -55.22144056 -13.45198043  9.42734785
P2 -32.34207448 -55.22144056 -9.42734785
P1 -30.19552528 -58.79141641 -4.14186268
P1 -27.04733627 -58.79183215 -7.28493809
P1 -24.47114842 -58.79133137  1.57089331
P1 -21.32295941 -58.79133137 -1.57089331
P1 -18.74673754 -58.79183215  7.28493809
P1 -15.59852774 -58.79141641  4.14186268
P2 -13.45198043 -55.22144056  9.42734785
P2 -55.22144056 -20.89354752 -9.42734785
P1 -58.79141641 -18.74703234 -4.14186268
P1 -58.79183215 -15.59883293 -7.28493809
P1 -58.79133137 -13.02260067  1.57089331
P1 -58.79133137 -9.87445324 -1.57089331
P1 -58.79183215 -7.29822098  7.28493809
P1 -58.79141641 -4.15000079  4.14186268
P2 -55.22144056 -2.00345085  9.42734785
P2 -20.89354752 -55.22144056 -9.42734785
P1 -18.74703234 -58.79141641 -4.14186268
P1 -15.59883293 -58.79183215 -7.28493809
P1 -13.02260067 -58.79133137  1.57089331
P1 -9.87445324 -58.79133137 -1.57089331
P1 -7.29822098 -58.79183215  7.28493809
P1 -4.15000079 -58.79141641  4.14186268
P2 -2.00345085 -55.22144056  9.42734785
P2 -55.22144056 -9.44507348 -9.42734785
P1 -58.79141641 -7.29852617 -4.14186268
P1 -58.79183215 -4.15030598 -7.28493809
P1 -58.79133137 -1.57407372  1.57089331
P1 -58.79133137  1.57407372 -1.57089331
P1 -58.79183215  4.15030598  7.28493809
P1 -58.79141641  7.29852617  4.14186268
P2 -55.22144056  9.44507348  9.42734785
P2 -9.44507348 -55.22144056 -9.42734785
P1 -7.29852617 -58.79141641 -4.14186268
P1 -4.15030598 -58.79183215 -7.28493809
P1 -1.57407372 -58.79133137  1.57089331
P1  1.57407372 -58.79133137 -1.57089331
P1  4.15030598 -58.79183215  7.28493809
P1  7.29852617 -58.79141641  4.14186268
P2  9.44507348 -55.22144056  9.42734785
P2 -55.22144056  2.00345085 -9.42734785
P1 -58.79141641  4.15000079 -4.14186268
P1 -58.79183215  7.29822098 -7.28493809
P1 -58.79133137  9.87445324  1.57089331
P1 -58.79133137  13.02260067 -1.57089331
P1 -58.79183215  15.59883293  7.28493809
P1 -58.79141641  18.74703234  4.14186268
P2 -55.22144056  20.89354752  9.42734785
P2  2.00345085 -55.22144056 -9.42734785
P1  4.15000079 -58.79141641 -4.14186268
P1  7.29822098 -58.79183215 -7.28493809
P1  9.87445324 -58.79133137  1.57089331
P1  13.02260067 -58.79133137 -1.57089331
P1  15.59883293 -58.79183215  7.28493809
P1  18.74703234 -58.79141641  4.14186268
P2  20.89354752 -55.22144056  9.42734785
P2 -55.22144056  13.45198043 -9.42734785
P1 -58.79141641  15.59852774 -4.14186268
P1 -58.79183215  18.74673754 -7.28493809
P1 -58.79133137  21.32295941  1.57089331
P1 -58.79133137  24.47114842 -1.57089331
P1 -58.79183215  27.04733627  7.28493809
P1 -58.79141641  30.19552528  4.14186268
P2 -55.22144056  32.34207448  9.42734785
P2  13.45198043 -55.22144056 -9.42734785
P1  15.59852774 -58.79141641 -4.14186268
P1  18.74673754 -58.79183215 -7.28493809
P1  21.32295941 -58.79133137  1.57089331
P1  24.47114842 -58.79133137 -1.57089331
P1  27.04733627 -58.79183215  7.28493809
P1  30.19552528 -58.79141641  4.14186268
P2  32.34207448 -55.22144056  9.42734785
P2 -55.22144056  24.90056030 -9.42734785
P1 -58.79141641  27.04710950 -4.14186268
P1 -58.79183215  30.19529851 -7.28493809
P1 -58.79133137  32.77148636  1.57089337
P1 -58.79133137  35.91967538 -1.57089325
P1 -58.79183215  38.49586323  7.28493809
P1 -58.79152034  41.64394830  4.14186268
P2 -55.22144056  43.78990224  9.42734407
P2  24.90056030 -55.22144056 -9.42734785
P1  27.04710950 -58.79141641 -4.14186268
P1  30.19529851 -58.79183215 -7.28493809
P1  32.77148636 -58.79133137  1.57089337
P1  35.91967538 -58.79133137 -1.57089325
P1  38.49586323 -58.79183215  7.28493809
P1  41.64394830 -58.79152034  4.14186268
P2  43.78990224 -55.22144056  9.42734407
P2 -55.22144056  36.34908726 -9.42734785
P1 -58.79141641  38.49555142 -4.14187119
P1 -58.79183215  41.64353256 -7.28491542
P1 -58.79135027  44.21905901  1.57090165
P1 -58.79145420  47.36381817 -1.57074985
P1 -58.79212506  49.93594311  7.28498156
P1 -58.79212506  53.07903931  4.14211402
P2 -55.22210196  55.22210196  9.42806972
P2  36.34908726 -55.22144056 -9.42734785
P1  38.49555142 -58.79141641 -4.14187119
P1  41.64353256 -58.79183215 -7.28491542
P1  44.21905901 -58.79135027  1.57090165
P1  47.36381817 -58.79145420 -1.57074985
P1  49.93594311 -58.79212506  7.28498156
P1  53.07903931 -58.79212506  4.14211402
P2  55.22210196 -55.22210196  9.42806972
P2 -55.22138387  47.79230409 -9.42728360
P1 -58.79153924  49.93535729 -4.14148096
P1 -58.79205892  53.07845349 -7.28439007
P2 -55.22138387  55.22138387 -1.99902421
P1 -53.07903931  58.79212506  4.14211402
P1 -49.93594311  58.79212506  7.28498156
P2 -43.78990224  55.22144056  9.42734407
P2  47.79230409 -55.22138387 -9.42728360
P1  49.93535729 -58.79153924 -4.14148096
P1  53.07845349 -58.79205892 -7.28439007
P2  55.22138387 -55.22138387 -1.99902421
P2  55.22144056 -43.78990224  9.42734407
P1  58.79212506 -53.07903931  4.14211402
P1  58.79212506 -49.93594311  7.28498156
P2 -47.79230409  55.22138387 -9.42728360
P1 -53.07845349  58.79205892 -7.28439007
P1 -49.93535729  58.79153924 -4.14148096
P1 -47.36381817  58.79145420 -1.57074985
P1 -44.21905901  58.79135027  1.57090165
P1 -41.64394830  58.79152034  4.14186268
P1 -38.49586323  58.79183215  7.28493809
P2 -32.34207448  55.22144056  9.42734785
P2  55.22138387 -47.79230409 -9.42728360
P2  55.22144056 -32.34207448  9.42734785
P1  58.79205892 -53.07845349 -7.28439007
P1  58.79153924 -49.93535729 -4.14148096
P1  58.79145420 -47.36381817 -1.57074985
P1  58.79135027 -44.21905901  1.57090165
P1  58.79152034 -41.64394830  4.14186268
P1  58.79183215 -38.49586323  7.28493809
P2 -36.34908726  55.22144056 -9.42734785
P1 -41.64353256  58.79183215 -7.28491542
P1 -38.49555142  58.79141641 -4.14187119
P1 -35.91967538  58.79133137 -1.57089325
P1 -32.77148636  58.79133137  1.57089337
P1 -30.19552528  58.79141641  4.14186268
P1 -27.04733627  58.79183215  7.28493809
P2 -20.89354752  55.22144056  9.42734785
P2  55.22144056 -36.34908726 -9.42734785
P2  55.22144056 -20.89354752  9.42734785
P1  58.79183215 -41.64353256 -7.28491542
P1  58.79141641 -38.49555142 -4.14187119
P1  58.79133137 -35.91967538 -1.57089325
P1  58.79133137 -32.77148636  1.57089337
P1  58.79141641 -30.19552528  4.14186268
P1  58.79183215 -27.04733627  7.28493809
P2 -24.90056030  55.22144056 -9.42734785
P1 -30.19529851  58.79183215 -7.28493809
P1 -27.04710950  58.79141641 -4.14186268
P1 -24.47114842  58.79133137 -1.57089331
P1 -21.32295941  58.79133137  1.57089331
P1 -18.74703234  58.79141641  4.14186268
P1 -15.59883293  58.79183215  7.28493809
P2 -9.44507348  55.22144056  9.42734785
P2  55.22144056 -24.90056030 -9.42734785
P2  55.22144056 -9.44507348  9.42734785
P1  58.79183215 -30.19529851 -7.28493809
P1  58.79141641 -27.04710950 -4.14186268
P1  58.79133137 -24.47114842 -1.57089331
P1  58.79133137 -21.32295941  1.57089331
P1  58.79141641 -18.74703234  4.14186268
P1  58.79183215 -15.59883293  7.28493809
P2 -13.45198043  55.22144056 -9.42734785
P1 -18.74673754  58.79183215 -7.28493809
P1 -15.59852774  58.79141641 -4.14186268
P1 -13.02260067  58.79133137 -1.57089331
P1 -9.87445324  58.79133137  1.57089331
P1 -7.29852617  58.79141641  4.14186268
P1 -4.15030598  58.79183215  7.28493809
P2  2.00345085  55.22144056  9.42734785
P2  55.22144056 -13.45198043 -9.42734785
P2  55.22144056  2.00345085  9.42734785
P1  58.79183215 -18.74673754 -7.28493809
P1  58.79141641 -15.59852774 -4.14186268
P1  58.79133137 -13.02260067 -1.57089331
P1  58.79133137 -9.87445324  1.57089331
P1  58.79141641 -7.29852617  4.14186268
P1  58.79183215 -4.15030598  7.28493809
P2 -2.00345085  55.22144056 -9.42734785
P1 -7.29822098  58.79183215 -7.28493809
P1 -4.15000079  58.79141641 -4.14186268
P1 -1.57407372  58.79133137 -1.57089331
P1  1.57407372  58.79133137  1.57089331
P1  4.15000079  58.79141641  4.14186268
P1  7.29822098  58.79183215  7.28493809
P2  13.45198043  55.22144056  9.42734785
P2  55.22144056 -2.00345085 -9.42734785
P2  55.22144056  13.45198043  9.42734785
P1  58.79183215 -7.29822098 -7.28493809
P1  58.79141641 -4.15000079 -4.14186268
P1  58.79133137 -1.57407372 -1.57089331
P1  58.79133137  1.57407372  1.57089331
P1  58.79141641  4.15000079  4.14186268
P1  58.79183215  7.29822098  7.28493809
P2  9.44507348  55.22144056 -9.42734785
P1  4.15030598  58.79183215 -7.28493809
P1  7.29852617  58.79141641 -4.14186268
P1  9.87445324  58.79133137 -1.57089331
P1  13.02260067  58.79133137  1.57089331
P1  15.59852774  58.79141641  4.14186268
P1  18.74673754  58.79183215  7.28493809
P2  24.90056030  55.22144056  9.42734785
P2  55.22144056  9.44507348 -9.42734785
P2  55.22144056  24.90056030  9.42734785
P1  58.79183215  4.15030598 -7.28493809
P1  58.79141641  7.29852617 -4.14186268
P1  58.79133137  9.87445324 -1.57089331
P1  58.79133137  13.02260067  1.57089331
P1  58.79141641  15.59852774  4.14186268
P1  58.79183215  18.74673754  7.28493809
P2  20.89354752  55.22144056 -9.42734785
P1  15.59883293  58.79183215 -7.28493809
P1  18.74703234  58.79141641 -4.14186268
P1  21.32295941  58.79133137 -1.57089331
P1  24.47114842  58.79133137  1.57089331
P1  27.04710950  58.79141641  4.14186268
P1  30.19529851  58.79183215  7.28493809
P2  36.34908726  55.22144056  9.42734785
P2  55.22144056  20.89354752 -9.42734785
P2  55.22144056  36.34908726  9.42734785
P1  58.79183215  15.59883293 -7.28493809
P1  58.79141641  18.74703234 -4.14186268
P1  58.79133137  21.32295941 -1.57089331
P1  58.79133137  24.47114842  1.57089331
P1  58.79141641  27.04710950  4.14186268
P1  58.79183215  30.19529851  7.28493809
P2  32.34207448  55.22144056 -9.42734785
P1  27.04733627  58.79183215 -7.28493809
P1  30.19552528  58.79141641 -4.14186268
P1  32.77148636  58.79133137 -1.57089337
P1  35.91967538  58.79133137  1.57089325
P1  38.49555142  58.79141641  4.14187119
P1  41.64353256  58.79183215  7.28491542
P2  47.79230409  55.22138387  9.42728360
P2  55.22144056  32.34207448 -9.42734785
P2  55.22138387  47.79230409  9.42728360
P1  58.79183215  27.04733627 -7.28493809
P1  58.79141641  30.19552528 -4.14186268
P1  58.79133137  32.77148636 -1.57089337
P1  58.79133137  35.91967538  1.57089325
P1  58.79141641  38.49555142  4.14187119
P1  58.79183215  41.64353256  7.28491542
P2  43.78990224  55.22144056 -9.42734407
P1  38.49586323  58.79183215 -7.28493809
P1  41.64394830  58.79152034 -4.14186268
P1  44.21905901  58.79135027 -1.57090165
P1  47.36381817  58.79145420  1.57074985
P2  55.22144056  43.78990224 -9.42734407
P2  55.22138387  55.22138387  1.99902421
P1  49.93535729  58.79153924  4.14148096
P1  53.07845349  58.79205892  7.28439007
P1  58.79183215  38.49586323 -7.28493809
P1  58.79152034  41.64394830 -4.14186268
P1  58.79135027  44.21905901 -1.57090165
P1  58.79145420  47.36381817  1.57074985
P1  58.79153924  49.93535729  4.14148096
P1  58.79205892  53.07845349  7.28439007
P2  55.22210196  55.22210196 -9.42806972
P1  49.93594311  58.79212506 -7.28498156
P1  53.07903931  58.79212506 -4.14211402
P1  58.79212506  49.93594311 -7.28498156
P1  58.79212506  53.07903931 -4.14211402
